0.1 0.5256
0.2 0.621
0.3 0.682
0.4 0.7214
0.5 0.7616
0.6 0.7994
0.7 0.8188
0.8 0.8424
0.9 0.8456
1 0.8622
1.1 0.8716
1.2 0.8842
1.3 0.886
1.4 0.8916
1.5 0.8954
1.6 0.8896
1.7 0.8968
1.8 0.905
1.9 0.9006
2 0.9084
2.1 0.9064
2.2 0.9204
2.3 0.9218
2.4 0.9242
2.5 0.9212
2.6 0.9192
2.7 0.9292
2.8 0.9326
2.9 0.9238
3 0.93
3.1 0.9336
3.2 0.9272
3.3 0.9316
3.4 0.9378
3.5 0.9292
3.6 0.9388
3.7 0.9318
3.8 0.9328
3.9 0.9376
4 0.9334
4.1 0.9358
4.2 0.945
4.3 0.9378
4.4 0.944
4.5 0.9436
4.6 0.9338
4.7 0.9448
4.8 0.938
4.9 0.9376
5 0.9476
5.1 0.949
5.2 0.9528
5.3 0.9528
5.4 0.948
5.5 0.947
5.6 0.9488
5.7 0.9456
5.8 0.9516
5.9 0.9532
6 0.9542
6.1 0.95
6.2 0.9526
6.3 0.9448
6.4 0.946
6.5 0.9504
6.6 0.9482
6.7 0.941
6.8 0.945
6.9 0.9518
7 0.95
7.1 0.9526
7.2 0.9602
7.3 0.9584
7.4 0.9528
7.5 0.9524
7.6 0.9486
7.7 0.9484
7.8 0.9538
7.9 0.953
8 0.952
8.1 0.949
8.2 0.9538
8.3 0.947
8.4 0.956
8.5 0.9526
8.6 0.9536
8.7 0.9594
8.8 0.9604
8.9 0.9578
9 0.9546
9.1 0.9558
9.2 0.9596
9.3 0.9574
9.4 0.9572
9.5 0.9564
9.6 0.9632
9.7 0.9506
9.8 0.9574
9.9 0.9614
10 0.9592
