0.1 0.5344
0.2 0.623
0.3 0.6684
0.4 0.718
0.5 0.7648
0.6 0.79
0.7 0.825
0.8 0.8416
0.9 0.8534
1 0.8654
1.1 0.8794
1.2 0.8874
1.3 0.8864
1.4 0.896
1.5 0.9014
1.6 0.901
1.7 0.9052
1.8 0.914
1.9 0.9222
2 0.912
2.1 0.9202
2.2 0.9184
2.3 0.925
2.4 0.9252
2.5 0.9192
2.6 0.922
2.7 0.9282
2.8 0.9382
2.9 0.9298
3 0.937
3.1 0.9306
3.2 0.9314
3.3 0.9314
3.4 0.9324
3.5 0.9358
3.6 0.9372
3.7 0.9436
3.8 0.9446
3.9 0.9424
4 0.9478
4.1 0.945
4.2 0.942
4.3 0.933
4.4 0.9366
4.5 0.942
4.6 0.93
4.7 0.9396
4.8 0.9446
4.9 0.9368
5 0.9424
5.1 0.9418
5.2 0.946
5.3 0.9364
5.4 0.945
5.5 0.9458
5.6 0.9466
5.7 0.9532
5.8 0.947
5.9 0.9454
6 0.9446
6.1 0.9472
6.2 0.9506
6.3 0.9496
6.4 0.95
6.5 0.9468
6.6 0.9552
6.7 0.9526
6.8 0.957
6.9 0.9536
7 0.9556
7.1 0.9504
7.2 0.947
7.3 0.9494
7.4 0.9494
7.5 0.9552
7.6 0.9504
7.7 0.9524
7.8 0.9582
7.9 0.9558
8 0.9554
8.1 0.9576
8.2 0.958
8.3 0.9594
8.4 0.9552
8.5 0.9564
8.6 0.9598
8.7 0.9574
8.8 0.9614
8.9 0.9546
9 0.9608
9.1 0.9574
9.2 0.9524
9.3 0.9544
9.4 0.9576
9.5 0.9514
9.6 0.9536
9.7 0.9448
9.8 0.9554
9.9 0.954
10 0.955
