0.1 0.66204
0.2 0.75352
0.3 0.79418
0.4 0.82281
0.5 0.84105
0.6 0.85442
0.7 0.86074
0.8 0.87354
0.9 0.87963
1 0.88607
1.1 0.89087
1.2 0.89331
1.3 0.90092
1.4 0.90518
1.5 0.90739
1.6 0.90981
1.7 0.91127
1.8 0.91395
1.9 0.91715
2 0.91692
2.1 0.92015
2.2 0.91992
2.3 0.92441
2.4 0.92664
2.5 0.92603
2.6 0.92718
2.7 0.92799
2.8 0.93192
2.9 0.93227
3 0.9355
3.1 0.93599
3.2 0.93508
3.3 0.93658
3.4 0.93763
3.5 0.93736
3.6 0.93968
3.7 0.94015
3.8 0.94001
3.9 0.9381
4 0.94049
4.1 0.94276
4.2 0.94232
4.3 0.94375
4.4 0.944
4.5 0.94568
4.6 0.94673
4.7 0.94491
4.8 0.9443
4.9 0.94695
5 0.94888
5.1 0.94703
5.2 0.94637
5.3 0.94889
5.4 0.94813
5.5 0.94963
5.6 0.95166
5.7 0.95031
5.8 0.95075
5.9 0.95084
6 0.94842
6.1 0.95108
6.2 0.95153
6.3 0.95477
6.4 0.9527
6.5 0.9541
6.6 0.95483
6.7 0.95509
6.8 0.95508
6.9 0.95596
7 0.95624
7.1 0.95513
7.2 0.95505
7.3 0.95521
7.4 0.95611
7.5 0.95651
7.6 0.95648
7.7 0.95662
7.8 0.95723
7.9 0.96009
8 0.95894
8.1 0.95695
8.2 0.95877
8.3 0.95779
8.4 0.96031
8.5 0.95863
8.6 0.95932
8.7 0.95982
8.8 0.96044
8.9 0.95924
9 0.95984
9.1 0.9594
9.2 0.95991
9.3 0.96153
9.4 0.96067
9.5 0.96004
9.6 0.96106
9.7 0.9632
9.8 0.9622
9.9 0.9606
10 0.96401
