0.1 0.66023
0.2 0.75578
0.3 0.79698
0.4 0.81984
0.5 0.83973
0.6 0.85229
0.7 0.86178
0.8 0.87028
0.9 0.87698
1 0.88364
1.1 0.89105
1.2 0.89481
1.3 0.8973
1.4 0.89954
1.5 0.90363
1.6 0.90536
1.7 0.90707
1.8 0.90972
1.9 0.9128
2 0.91347
2.1 0.91646
2.2 0.92148
2.3 0.92128
2.4 0.92136
2.5 0.92149
2.6 0.92777
2.7 0.92689
2.8 0.92816
2.9 0.92715
3 0.92881
3.1 0.93162
3.2 0.93183
3.3 0.93259
3.4 0.93662
3.5 0.93501
3.6 0.93535
3.7 0.93503
3.8 0.93698
3.9 0.93536
4 0.93893
4.1 0.93958
4.2 0.9407
4.3 0.94056
4.4 0.94014
4.5 0.93966
4.6 0.94052
4.7 0.9387
4.8 0.94142
4.9 0.94139
5 0.94409
5.1 0.94554
5.2 0.94652
5.3 0.94562
5.4 0.94621
5.5 0.94406
5.6 0.94632
5.7 0.94726
5.8 0.94709
5.9 0.94618
6 0.94926
6.1 0.94522
6.2 0.94782
6.3 0.94692
6.4 0.94942
6.5 0.94879
6.6 0.95
6.7 0.95019
6.8 0.94961
6.9 0.94894
7 0.95068
7.1 0.95376
7.2 0.95132
7.3 0.95225
7.4 0.95057
7.5 0.95226
7.6 0.95281
7.7 0.95288
7.8 0.95303
7.9 0.94909
8 0.95161
8.1 0.95326
8.2 0.95102
8.3 0.95326
8.4 0.9529
8.5 0.95231
8.6 0.95332
8.7 0.95552
8.8 0.95278
8.9 0.95333
9 0.95509
9.1 0.95701
9.2 0.95386
9.3 0.95577
9.4 0.95466
9.5 0.95421
9.6 0.95687
9.7 0.95551
9.8 0.9549
9.9 0.95539
10 0.95601
