1 -269.497
2 -269.582
3 -269.633
4 -269.693
5 -269.752
6 -269.801
7 -269.818
8 -269.829
9 -269.857
10 -269.879
11 -269.911
12 -269.935
13 -269.946
14 -269.954
15 -269.977
16 -269.983
17 -270.005
18 -270.005
19 -270.014
20 -270.026
21 -270.029
22 -270.037
23 -270.046
24 -270.048
25 -270.05
26 -270.057
27 -270.06
28 -270.065
29 -270.072
30 -270.078
31 -270.079
32 -270.079
33 -270.08
34 -270.088
35 -270.089
36 -270.095
37 -270.099
38 -270.102
39 -270.107
40 -270.108
41 -270.112
42 -270.113
43 -270.113
44 -270.117
45 -270.122
46 -270.126
47 -270.134
48 -270.136
49 -270.14
50 -270.145
51 -270.149
52 -270.151
53 -270.151
54 -270.155
55 -270.159
56 -270.164
57 -270.165
58 -270.167
59 -270.169
60 -270.176
61 -270.179
62 -270.181
63 -270.182
64 -270.185
65 -270.185
66 -270.185
67 -270.188
68 -270.188
69 -270.188
70 -270.189
71 -270.19
72 -270.19
73 -270.191
74 -270.191
75 -270.191
76 -270.192
77 -270.195
78 -270.197
79 -270.197
80 -270.197
81 -270.197
82 -270.198
83 -270.199
84 -270.202
85 -270.207
86 -270.207
87 -270.207
88 -270.207
89 -270.207
90 -270.207
91 -270.209
92 -270.209
93 -270.21
94 -270.211
95 -270.212
96 -270.213
97 -270.213
98 -270.213
99 -270.214
100 -270.214
101 -270.215
102 -270.217
103 -270.217
104 -270.217
105 -270.22
106 -270.22
107 -270.221
108 -270.221
109 -270.222
110 -270.222
111 -270.222
112 -270.223
113 -270.225
114 -270.226
115 -270.226
116 -270.227
117 -270.227
118 -270.228
119 -270.228
120 -270.228
121 -270.228
122 -270.229
123 -270.229
124 -270.229
125 -270.229
126 -270.23
127 -270.23
128 -270.232
129 -270.232
130 -270.234
131 -270.234
132 -270.235
133 -270.235
134 -270.236
135 -270.236
136 -270.236
137 -270.237
138 -270.237
139 -270.238
140 -270.238
141 -270.238
142 -270.239
143 -270.239
144 -270.239
145 -270.239
146 -270.24
147 -270.24
148 -270.24
149 -270.24
150 -270.24
151 -270.241
152 -270.241
153 -270.242
154 -270.242
155 -270.243
156 -270.244
157 -270.245
158 -270.245
159 -270.246
160 -270.246
161 -270.246
162 -270.246
163 -270.246
164 -270.246
165 -270.246
166 -270.247
167 -270.249
168 -270.249
169 -270.249
170 -270.25
171 -270.25
172 -270.25
173 -270.25
174 -270.25
175 -270.252
176 -270.253
177 -270.253
178 -270.253
179 -270.253
180 -270.254
181 -270.254
182 -270.255
183 -270.256
184 -270.256
185 -270.256
186 -270.256
187 -270.256
188 -270.256
189 -270.257
190 -270.257
191 -270.257
192 -270.257
193 -270.257
194 -270.257
195 -270.257
196 -270.257
197 -270.258
198 -270.258
199 -270.258
200 -270.258
201 -270.258
202 -270.258
203 -270.258
204 -270.258
205 -270.258
206 -270.259
207 -270.259
208 -270.259
209 -270.259
210 -270.259
211 -270.259
212 -270.259
213 -270.259
214 -270.259
215 -270.259
216 -270.26
217 -270.26
218 -270.26
219 -270.26
220 -270.261
221 -270.261
222 -270.261
223 -270.261
224 -270.262
225 -270.261
226 -270.262
227 -270.262
228 -270.262
229 -270.262
230 -270.262
231 -270.262
232 -270.263
233 -270.263
234 -270.263
235 -270.263
236 -270.263
237 -270.263
238 -270.263
239 -270.264
240 -270.264
241 -270.263
242 -270.264
243 -270.264
244 -270.265
245 -270.265
246 -270.265
247 -270.265
248 -270.265
249 -270.265
250 -270.266
251 -270.266
252 -270.267
253 -270.267
254 -270.267
255 -270.267
256 -270.267
257 -270.267
258 -270.267
259 -270.268
260 -270.267
261 -270.268
262 -270.268
263 -270.268
264 -270.268
265 -270.269
266 -270.269
267 -270.268
268 -270.269
269 -270.269
270 -270.268
271 -270.268
272 -270.269
273 -270.269
274 -270.268
275 -270.268
276 -270.269
277 -270.269
278 -270.269
279 -270.269
280 -270.269
281 -270.269
282 -270.269
283 -270.269
284 -270.269
285 -270.269
286 -270.27
287 -270.27
288 -270.27
289 -270.27
290 -270.27
291 -270.27
292 -270.27
293 -270.27
294 -270.27
295 -270.27
296 -270.27
297 -270.27
298 -270.27
299 -270.27
300 -270.27
301 -270.27
302 -270.27
303 -270.27
304 -270.27
305 -270.27
306 -270.271
307 -270.271
308 -270.271
309 -270.271
310 -270.271
311 -270.271
312 -270.271
313 -270.271
314 -270.271
315 -270.271
316 -270.272
317 -270.272
318 -270.272
319 -270.272
320 -270.272
321 -270.272
322 -270.272
323 -270.272
324 -270.272
325 -270.273
326 -270.273
327 -270.273
328 -270.273
329 -270.273
330 -270.274
331 -270.274
332 -270.274
333 -270.273
334 -270.274
335 -270.274
336 -270.274
337 -270.274
338 -270.274
339 -270.274
340 -270.274
341 -270.274
342 -270.274
343 -270.275
344 -270.275
345 -270.275
346 -270.275
347 -270.275
348 -270.275
349 -270.275
350 -270.275
351 -270.275
352 -270.275
353 -270.275
354 -270.275
355 -270.275
356 -270.276
357 -270.276
358 -270.275
359 -270.275
360 -270.276
361 -270.276
362 -270.276
363 -270.276
364 -270.276
365 -270.276
366 -270.276
367 -270.276
368 -270.276
369 -270.276
370 -270.276
371 -270.276
372 -270.276
373 -270.276
374 -270.277
375 -270.277
376 -270.277
377 -270.277
378 -270.277
379 -270.277
380 -270.277
381 -270.277
382 -270.277
383 -270.277
384 -270.277
385 -270.277
386 -270.277
387 -270.277
388 -270.277
389 -270.277
390 -270.277
391 -270.277
392 -270.277
393 -270.277
394 -270.277
395 -270.278
396 -270.278
397 -270.278
398 -270.278
399 -270.278
400 -270.278
401 -270.278
402 -270.278
403 -270.278
404 -270.278
405 -270.278
406 -270.278
407 -270.278
408 -270.277
409 -270.277
410 -270.277
411 -270.277
412 -270.277
413 -270.277
414 -270.277
415 -270.277
416 -270.277
417 -270.277
418 -270.277
419 -270.277
420 -270.277
421 -270.277
422 -270.277
423 -270.277
424 -270.277
425 -270.277
426 -270.278
427 -270.278
428 -270.277
429 -270.277
430 -270.277
431 -270.278
432 -270.277
433 -270.278
434 -270.278
435 -270.277
436 -270.277
437 -270.277
438 -270.278
439 -270.278
440 -270.278
441 -270.278
442 -270.278
443 -270.278
444 -270.278
445 -270.278
446 -270.278
447 -270.278
448 -270.278
449 -270.278
450 -270.278
451 -270.278
452 -270.278
453 -270.278
454 -270.278
455 -270.278
456 -270.278
457 -270.278
458 -270.278
459 -270.278
460 -270.278
461 -270.278
462 -270.278
463 -270.278
464 -270.278
465 -270.278
466 -270.278
467 -270.278
468 -270.278
469 -270.279
470 -270.279
471 -270.279
472 -270.279
473 -270.279
474 -270.279
475 -270.279
476 -270.28
477 -270.28
478 -270.28
479 -270.279
480 -270.279
481 -270.28
482 -270.28
483 -270.28
484 -270.28
485 -270.28
486 -270.28
487 -270.28
488 -270.28
489 -270.28
490 -270.28
491 -270.28
492 -270.28
493 -270.28
494 -270.28
495 -270.28
496 -270.281
497 -270.281
498 -270.281
499 -270.281
500 -270.281
501 -270.281
502 -270.281
503 -270.281
504 -270.281
505 -270.281
506 -270.281
507 -270.281
508 -270.281
509 -270.281
510 -270.281
511 -270.281
512 -270.281
513 -270.281
514 -270.281
515 -270.281
516 -270.281
517 -270.281
518 -270.281
519 -270.281
520 -270.281
521 -270.281
522 -270.281
523 -270.281
524 -270.281
525 -270.281
526 -270.281
527 -270.281
528 -270.281
529 -270.281
530 -270.281
531 -270.281
532 -270.281
533 -270.281
534 -270.281
535 -270.281
536 -270.281
537 -270.28
538 -270.28
539 -270.28
540 -270.281
541 -270.281
542 -270.28
543 -270.28
544 -270.281
545 -270.281
546 -270.281
547 -270.281
548 -270.281
549 -270.281
550 -270.281
551 -270.281
552 -270.281
553 -270.281
554 -270.281
555 -270.281
556 -270.281
557 -270.281
558 -270.281
559 -270.281
560 -270.281
561 -270.281
562 -270.281
563 -270.281
564 -270.281
565 -270.281
566 -270.281
567 -270.281
568 -270.281
569 -270.281
570 -270.281
571 -270.281
572 -270.28
573 -270.28
574 -270.28
575 -270.28
576 -270.28
577 -270.28
578 -270.28
579 -270.28
580 -270.281
581 -270.281
582 -270.281
583 -270.281
584 -270.281
585 -270.281
586 -270.282
587 -270.281
588 -270.281
589 -270.281
590 -270.282
591 -270.282
592 -270.282
593 -270.282
594 -270.282
595 -270.282
596 -270.282
597 -270.282
598 -270.282
599 -270.282
600 -270.282
601 -270.282
602 -270.282
603 -270.283
604 -270.283
605 -270.283
606 -270.283
607 -270.283
608 -270.283
609 -270.283
610 -270.283
611 -270.283
612 -270.283
613 -270.284
614 -270.284
615 -270.284
616 -270.284
617 -270.284
618 -270.284
619 -270.284
620 -270.284
621 -270.284
622 -270.284
623 -270.284
624 -270.284
625 -270.284
626 -270.284
627 -270.284
628 -270.284
629 -270.284
630 -270.284
631 -270.284
632 -270.284
633 -270.284
634 -270.284
635 -270.284
636 -270.284
637 -270.284
638 -270.284
639 -270.284
640 -270.284
641 -270.284
642 -270.284
643 -270.284
644 -270.284
645 -270.284
646 -270.284
647 -270.284
648 -270.284
649 -270.284
650 -270.284
651 -270.284
652 -270.284
653 -270.284
654 -270.284
655 -270.284
656 -270.284
657 -270.284
658 -270.284
659 -270.284
660 -270.284
661 -270.284
662 -270.284
663 -270.284
664 -270.284
665 -270.284
666 -270.284
667 -270.284
668 -270.284
669 -270.284
670 -270.284
671 -270.284
672 -270.284
673 -270.285
674 -270.284
675 -270.284
676 -270.284
677 -270.284
678 -270.284
679 -270.284
680 -270.284
681 -270.284
682 -270.284
683 -270.284
684 -270.284
685 -270.284
686 -270.284
687 -270.285
688 -270.285
689 -270.285
690 -270.285
691 -270.285
692 -270.285
693 -270.285
694 -270.285
695 -270.285
696 -270.285
697 -270.285
698 -270.285
699 -270.285
700 -270.285
701 -270.285
702 -270.285
703 -270.285
704 -270.285
705 -270.285
706 -270.285
707 -270.285
708 -270.285
709 -270.285
710 -270.285
711 -270.285
712 -270.285
713 -270.285
714 -270.285
715 -270.285
716 -270.285
717 -270.285
718 -270.285
719 -270.285
720 -270.285
721 -270.285
722 -270.284
723 -270.284
724 -270.284
725 -270.284
726 -270.284
727 -270.284
728 -270.284
729 -270.284
730 -270.284
731 -270.284
732 -270.284
733 -270.285
734 -270.285
735 -270.285
736 -270.285
737 -270.285
738 -270.285
739 -270.285
740 -270.285
741 -270.285
742 -270.285
743 -270.286
744 -270.286
745 -270.286
746 -270.286
747 -270.286
748 -270.286
749 -270.286
750 -270.286
751 -270.286
752 -270.286
753 -270.286
754 -270.286
755 -270.286
756 -270.286
757 -270.286
758 -270.286
759 -270.286
760 -270.286
761 -270.286
762 -270.286
763 -270.286
764 -270.286
765 -270.286
766 -270.286
767 -270.286
768 -270.286
769 -270.286
770 -270.286
771 -270.286
772 -270.286
773 -270.286
774 -270.286
775 -270.286
776 -270.286
777 -270.286
778 -270.286
779 -270.286
780 -270.286
781 -270.285
782 -270.286
783 -270.285
784 -270.285
785 -270.285
786 -270.285
787 -270.285
788 -270.285
789 -270.285
790 -270.285
791 -270.285
792 -270.285
793 -270.285
794 -270.285
795 -270.285
796 -270.285
797 -270.285
798 -270.285
799 -270.285
800 -270.285
801 -270.285
802 -270.285
803 -270.285
804 -270.285
805 -270.285
806 -270.285
807 -270.285
808 -270.285
809 -270.285
810 -270.285
811 -270.285
812 -270.285
813 -270.285
814 -270.285
815 -270.285
816 -270.285
817 -270.285
818 -270.285
819 -270.285
820 -270.285
821 -270.286
822 -270.286
823 -270.286
824 -270.286
825 -270.286
826 -270.286
827 -270.286
828 -270.286
829 -270.286
830 -270.286
831 -270.286
832 -270.286
833 -270.286
834 -270.286
835 -270.286
836 -270.286
837 -270.286
838 -270.286
839 -270.286
840 -270.286
841 -270.286
842 -270.286
843 -270.285
844 -270.285
845 -270.285
846 -270.285
847 -270.285
848 -270.285
849 -270.285
850 -270.285
851 -270.285
852 -270.285
853 -270.285
854 -270.285
855 -270.285
856 -270.285
857 -270.285
858 -270.285
859 -270.285
860 -270.285
861 -270.285
862 -270.285
863 -270.285
864 -270.285
865 -270.285
866 -270.285
867 -270.285
868 -270.285
869 -270.285
870 -270.285
871 -270.285
872 -270.285
873 -270.285
874 -270.285
875 -270.285
876 -270.285
877 -270.285
878 -270.285
879 -270.285
880 -270.285
881 -270.285
882 -270.285
883 -270.285
884 -270.285
885 -270.285
886 -270.285
887 -270.285
888 -270.285
889 -270.285
890 -270.285
891 -270.285
892 -270.285
893 -270.285
894 -270.285
895 -270.285
896 -270.285
897 -270.285
898 -270.285
899 -270.285
900 -270.285
901 -270.285
902 -270.285
903 -270.285
904 -270.285
905 -270.285
906 -270.285
907 -270.285
908 -270.285
909 -270.285
910 -270.285
911 -270.285
912 -270.285
913 -270.285
914 -270.285
915 -270.285
916 -270.285
917 -270.285
918 -270.285
919 -270.285
920 -270.285
921 -270.285
922 -270.285
923 -270.285
924 -270.285
925 -270.285
926 -270.285
927 -270.285
928 -270.285
929 -270.285
930 -270.285
931 -270.285
932 -270.285
933 -270.285
934 -270.285
935 -270.286
936 -270.286
937 -270.286
938 -270.286
939 -270.285
940 -270.285
941 -270.286
942 -270.286
943 -270.285
944 -270.285
945 -270.285
946 -270.285
947 -270.285
948 -270.285
949 -270.285
950 -270.285
951 -270.285
952 -270.285
953 -270.285
954 -270.285
955 -270.285
956 -270.285
957 -270.285
958 -270.284
959 -270.284
960 -270.284
961 -270.284
962 -270.284
963 -270.284
964 -270.284
965 -270.284
966 -270.284
967 -270.284
968 -270.284
969 -270.284
970 -270.284
971 -270.285
972 -270.285
973 -270.285
974 -270.285
975 -270.285
976 -270.285
977 -270.285
978 -270.284
979 -270.284
980 -270.284
981 -270.284
982 -270.284
983 -270.284
984 -270.284
985 -270.284
986 -270.284
987 -270.284
988 -270.284
989 -270.284
990 -270.284
991 -270.284
992 -270.284
993 -270.284
994 -270.284
995 -270.284
996 -270.284
997 -270.284
998 -270.284
999 -270.284
1000 -270.284
1001 -270.284
1002 -270.284
1003 -270.284
1004 -270.285
1005 -270.285
1006 -270.285
1007 -270.285
1008 -270.285
1009 -270.285
1010 -270.285
1011 -270.285
1012 -270.285
1013 -270.285
1014 -270.285
1015 -270.285
1016 -270.285
1017 -270.285
1018 -270.285
1019 -270.285
1020 -270.285
1021 -270.285
1022 -270.285
1023 -270.286
1024 -270.286
1025 -270.286
1026 -270.286
1027 -270.286
1028 -270.286
1029 -270.286
1030 -270.286
1031 -270.286
1032 -270.286
1033 -270.286
1034 -270.286
1035 -270.286
1036 -270.287
1037 -270.286
1038 -270.286
1039 -270.286
1040 -270.286
1041 -270.286
1042 -270.286
1043 -270.286
1044 -270.286
1045 -270.286
1046 -270.286
1047 -270.286
1048 -270.286
1049 -270.286
1050 -270.286
1051 -270.286
1052 -270.286
1053 -270.286
1054 -270.286
1055 -270.286
1056 -270.286
1057 -270.286
1058 -270.286
1059 -270.286
1060 -270.286
1061 -270.286
1062 -270.286
1063 -270.286
1064 -270.286
1065 -270.286
1066 -270.286
1067 -270.286
1068 -270.286
1069 -270.286
1070 -270.286
1071 -270.286
1072 -270.286
1073 -270.286
1074 -270.286
1075 -270.286
1076 -270.286
1077 -270.286
1078 -270.286
1079 -270.286
1080 -270.286
1081 -270.285
1082 -270.285
1083 -270.285
1084 -270.285
1085 -270.285
1086 -270.286
1087 -270.286
1088 -270.286
1089 -270.286
1090 -270.286
1091 -270.286
1092 -270.286
1093 -270.286
1094 -270.286
1095 -270.286
1096 -270.287
1097 -270.286
1098 -270.286
1099 -270.286
1100 -270.286
1101 -270.287
1102 -270.287
1103 -270.287
1104 -270.287
1105 -270.287
1106 -270.287
1107 -270.287
1108 -270.287
1109 -270.287
1110 -270.287
1111 -270.287
1112 -270.287
1113 -270.288
1114 -270.288
1115 -270.287
1116 -270.288
1117 -270.288
1118 -270.288
1119 -270.288
1120 -270.288
1121 -270.288
1122 -270.288
1123 -270.287
1124 -270.288
1125 -270.288
1126 -270.287
1127 -270.288
1128 -270.288
1129 -270.288
1130 -270.287
1131 -270.287
1132 -270.287
1133 -270.287
1134 -270.287
1135 -270.287
1136 -270.287
1137 -270.287
1138 -270.287
1139 -270.287
1140 -270.287
1141 -270.287
1142 -270.287
1143 -270.287
1144 -270.287
1145 -270.287
1146 -270.287
1147 -270.287
1148 -270.287
1149 -270.287
1150 -270.287
1151 -270.287
1152 -270.287
1153 -270.287
1154 -270.287
1155 -270.287
1156 -270.288
1157 -270.288
1158 -270.288
1159 -270.287
1160 -270.287
1161 -270.287
1162 -270.287
1163 -270.287
1164 -270.287
1165 -270.287
1166 -270.287
1167 -270.287
1168 -270.287
1169 -270.287
1170 -270.287
1171 -270.287
1172 -270.287
1173 -270.286
1174 -270.286
1175 -270.286
1176 -270.286
1177 -270.286
1178 -270.286
1179 -270.286
1180 -270.286
1181 -270.286
1182 -270.286
1183 -270.286
1184 -270.286
1185 -270.286
1186 -270.286
1187 -270.286
1188 -270.286
1189 -270.286
1190 -270.286
1191 -270.286
1192 -270.286
1193 -270.286
1194 -270.286
1195 -270.286
1196 -270.286
1197 -270.285
1198 -270.286
1199 -270.286
1200 -270.286
1201 -270.286
1202 -270.286
1203 -270.286
1204 -270.286
1205 -270.286
1206 -270.286
1207 -270.286
1208 -270.286
1209 -270.286
1210 -270.286
1211 -270.286
1212 -270.286
1213 -270.286
1214 -270.286
1215 -270.286
1216 -270.286
1217 -270.286
1218 -270.286
1219 -270.286
1220 -270.286
1221 -270.286
1222 -270.286
1223 -270.286
1224 -270.286
1225 -270.286
1226 -270.286
1227 -270.286
1228 -270.286
1229 -270.287
1230 -270.287
1231 -270.287
1232 -270.287
1233 -270.287
1234 -270.287
1235 -270.287
1236 -270.287
1237 -270.287
1238 -270.287
1239 -270.287
1240 -270.287
1241 -270.287
1242 -270.287
1243 -270.287
1244 -270.287
1245 -270.287
1246 -270.287
1247 -270.287
1248 -270.287
1249 -270.287
1250 -270.287
1251 -270.287
1252 -270.287
1253 -270.287
1254 -270.287
1255 -270.287
1256 -270.287
1257 -270.287
1258 -270.287
1259 -270.287
1260 -270.288
1261 -270.288
1262 -270.287
1263 -270.287
1264 -270.288
1265 -270.287
1266 -270.287
1267 -270.287
1268 -270.287
1269 -270.287
1270 -270.287
1271 -270.287
1272 -270.287
1273 -270.288
1274 -270.287
1275 -270.288
1276 -270.288
1277 -270.288
1278 -270.288
1279 -270.288
1280 -270.288
1281 -270.288
1282 -270.288
1283 -270.288
1284 -270.288
1285 -270.288
1286 -270.288
1287 -270.288
1288 -270.288
1289 -270.288
1290 -270.288
1291 -270.288
1292 -270.288
1293 -270.288
1294 -270.288
1295 -270.288
1296 -270.288
1297 -270.288
1298 -270.288
1299 -270.288
1300 -270.288
1301 -270.288
1302 -270.288
1303 -270.288
1304 -270.288
1305 -270.288
1306 -270.288
1307 -270.288
1308 -270.288
1309 -270.288
1310 -270.288
1311 -270.288
1312 -270.288
1313 -270.288
1314 -270.288
1315 -270.288
1316 -270.288
1317 -270.288
1318 -270.288
1319 -270.288
1320 -270.288
1321 -270.288
1322 -270.288
1323 -270.288
1324 -270.288
1325 -270.288
1326 -270.288
1327 -270.288
1328 -270.288
1329 -270.288
1330 -270.288
1331 -270.288
1332 -270.288
1333 -270.288
1334 -270.288
1335 -270.287
1336 -270.288
1337 -270.288
1338 -270.288
1339 -270.288
1340 -270.288
1341 -270.288
1342 -270.287
1343 -270.287
1344 -270.287
1345 -270.287
1346 -270.288
1347 -270.288
1348 -270.288
1349 -270.288
1350 -270.288
1351 -270.288
1352 -270.288
1353 -270.288
1354 -270.288
1355 -270.287
1356 -270.287
1357 -270.288
1358 -270.288
1359 -270.288
1360 -270.288
1361 -270.288
1362 -270.288
1363 -270.288
1364 -270.288
1365 -270.288
1366 -270.288
1367 -270.288
1368 -270.288
1369 -270.288
1370 -270.288
1371 -270.289
1372 -270.288
1373 -270.288
1374 -270.288
1375 -270.288
1376 -270.288
1377 -270.288
1378 -270.288
1379 -270.288
1380 -270.288
1381 -270.288
1382 -270.288
1383 -270.288
1384 -270.289
1385 -270.289
1386 -270.289
1387 -270.289
1388 -270.289
1389 -270.289
1390 -270.289
1391 -270.289
1392 -270.289
1393 -270.289
1394 -270.289
1395 -270.289
1396 -270.289
1397 -270.289
1398 -270.289
1399 -270.289
1400 -270.289
1401 -270.288
1402 -270.288
1403 -270.288
1404 -270.288
1405 -270.288
1406 -270.288
1407 -270.288
1408 -270.288
1409 -270.288
1410 -270.288
1411 -270.288
1412 -270.288
1413 -270.288
1414 -270.288
1415 -270.288
1416 -270.287
1417 -270.287
1418 -270.288
1419 -270.288
1420 -270.288
1421 -270.288
1422 -270.288
1423 -270.287
1424 -270.287
1425 -270.287
1426 -270.287
1427 -270.288
1428 -270.287
1429 -270.287
1430 -270.288
1431 -270.288
1432 -270.288
1433 -270.287
1434 -270.288
1435 -270.288
1436 -270.288
1437 -270.288
1438 -270.288
1439 -270.288
1440 -270.288
1441 -270.288
1442 -270.288
1443 -270.288
1444 -270.288
1445 -270.288
1446 -270.288
1447 -270.288
1448 -270.288
1449 -270.288
1450 -270.288
1451 -270.288
1452 -270.288
1453 -270.288
1454 -270.288
1455 -270.288
1456 -270.288
1457 -270.288
1458 -270.288
1459 -270.288
1460 -270.287
1461 -270.287
1462 -270.287
1463 -270.287
1464 -270.287
1465 -270.287
1466 -270.287
1467 -270.287
1468 -270.287
1469 -270.287
1470 -270.287
1471 -270.287
1472 -270.287
1473 -270.287
1474 -270.287
1475 -270.287
1476 -270.287
1477 -270.287
1478 -270.287
1479 -270.287
1480 -270.287
1481 -270.287
1482 -270.287
1483 -270.287
1484 -270.287
1485 -270.287
1486 -270.287
1487 -270.287
1488 -270.288
1489 -270.287
1490 -270.287
1491 -270.288
1492 -270.287
1493 -270.287
1494 -270.287
1495 -270.287
1496 -270.287
1497 -270.287
1498 -270.287
1499 -270.287
1500 -270.287
1501 -270.287
1502 -270.288
1503 -270.288
1504 -270.288
1505 -270.287
1506 -270.287
1507 -270.288
1508 -270.288
1509 -270.288
1510 -270.288
1511 -270.288
1512 -270.288
1513 -270.288
1514 -270.287
1515 -270.288
1516 -270.287
1517 -270.287
1518 -270.287
1519 -270.287
1520 -270.287
1521 -270.287
1522 -270.287
1523 -270.287
1524 -270.287
1525 -270.287
1526 -270.287
1527 -270.287
1528 -270.287
1529 -270.287
1530 -270.287
1531 -270.287
1532 -270.288
1533 -270.288
1534 -270.287
1535 -270.288
1536 -270.287
1537 -270.287
1538 -270.288
1539 -270.288
1540 -270.287
1541 -270.287
1542 -270.287
1543 -270.287
1544 -270.288
1545 -270.288
1546 -270.288
1547 -270.288
1548 -270.288
1549 -270.288
1550 -270.288
1551 -270.288
1552 -270.288
1553 -270.288
1554 -270.288
1555 -270.288
1556 -270.288
1557 -270.288
1558 -270.288
1559 -270.288
1560 -270.288
1561 -270.288
1562 -270.288
1563 -270.288
1564 -270.288
1565 -270.288
1566 -270.288
1567 -270.288
1568 -270.288
1569 -270.288
1570 -270.288
1571 -270.288
1572 -270.288
1573 -270.288
1574 -270.288
1575 -270.287
1576 -270.288
1577 -270.288
1578 -270.288
1579 -270.288
1580 -270.288
1581 -270.23
1582 -270.241
1583 -270.246
1584 -270.246
1585 -270.249
1586 -270.25
1587 -270.25
1588 -270.262
1589 -270.261
1590 -270.261
1591 -270.262
1592 -270.262
1593 -270.268
1594 -270.27
1595 -270.27
1596 -270.271
1597 -270.271
1598 -270.272
1599 -270.272
1600 -270.272
1601 -270.272
1602 -270.273
1603 -270.273
1604 -270.273
1605 -270.272
1606 -270.272
1607 -270.272
1608 -270.272
1609 -270.272
1610 -270.272
1611 -270.272
1612 -270.272
1613 -270.273
1614 -270.273
1615 -270.273
1616 -270.273
1617 -270.273
1618 -270.273
1619 -270.273
1620 -270.273
1621 -270.273
1622 -270.273
1623 -270.274
1624 -270.274
1625 -270.274
1626 -270.279
1627 -270.279
1628 -270.279
1629 -270.279
1630 -270.279
1631 -270.279
1632 -270.28
1633 -270.28
1634 -270.28
1635 -270.28
1636 -270.279
1637 -270.279
1638 -270.279
1639 -270.28
1640 -270.28
1641 -270.28
1642 -270.28
1643 -270.28
1644 -270.28
1645 -270.28
1646 -270.279
1647 -270.279
1648 -270.279
1649 -270.28
1650 -270.28
1651 -270.28
1652 -270.28
1653 -270.28
1654 -270.28
1655 -270.28
1656 -270.281
1657 -270.281
1658 -270.281
1659 -270.281
1660 -270.282
1661 -270.281
1662 -270.282
1663 -270.282
1664 -270.282
1665 -270.284
1666 -270.284
1667 -270.284
1668 -270.284
1669 -270.284
1670 -270.284
1671 -270.284
1672 -270.284
1673 -270.284
1674 -270.284
1675 -270.284
1676 -270.284
1677 -270.284
1678 -270.284
1679 -270.284
1680 -270.284
1681 -270.285
1682 -270.285
1683 -270.285
1684 -270.285
1685 -270.285
1686 -270.285
1687 -270.285
1688 -270.285
1689 -270.286
1690 -270.285
1691 -270.285
1692 -270.285
1693 -270.285
1694 -270.285
1695 -270.286
1696 -270.286
1697 -270.287
1698 -270.287
1699 -270.287
1700 -270.287
1701 -270.287
1702 -270.287
1703 -270.287
1704 -270.287
1705 -270.287
1706 -270.287
1707 -270.287
1708 -270.287
1709 -270.287
1710 -270.287
1711 -270.287
1712 -270.287
1713 -270.287
1714 -270.287
1715 -270.287
1716 -270.287
1717 -270.287
1718 -270.287
1719 -270.287
1720 -270.287
1721 -270.287
1722 -270.287
1723 -270.287
1724 -270.287
1725 -270.287
1726 -270.287
1727 -270.287
1728 -270.287
1729 -270.287
1730 -270.287
1731 -270.287
1732 -270.287
1733 -270.287
1734 -270.287
1735 -270.287
1736 -270.287
1737 -270.287
1738 -270.287
1739 -270.287
1740 -270.287
1741 -270.287
1742 -270.287
1743 -270.287
1744 -270.287
1745 -270.287
1746 -270.287
1747 -270.287
1748 -270.287
1749 -270.287
1750 -270.287
1751 -270.287
1752 -270.286
1753 -270.286
1754 -270.286
1755 -270.286
1756 -270.286
1757 -270.287
1758 -270.286
1759 -270.286
1760 -270.286
1761 -270.286
1762 -270.286
1763 -270.286
1764 -270.286
1765 -270.286
1766 -270.286
1767 -270.286
1768 -270.286
1769 -270.286
1770 -270.286
1771 -270.286
1772 -270.286
1773 -270.286
1774 -270.285
1775 -270.285
1776 -270.286
1777 -270.286
1778 -270.286
1779 -270.286
1780 -270.286
1781 -270.286
1782 -270.286
1783 -270.286
1784 -270.286
1785 -270.287
1786 -270.287
1787 -270.287
1788 -270.287
1789 -270.287
1790 -270.287
1791 -270.287
1792 -270.287
1793 -270.287
1794 -270.287
1795 -270.287
1796 -270.287
1797 -270.288
1798 -270.288
1799 -270.288
1800 -270.288
1801 -270.288
1802 -270.288
1803 -270.288
1804 -270.287
1805 -270.287
1806 -270.287
1807 -270.288
1808 -270.287
1809 -270.287
1810 -270.287
1811 -270.287
1812 -270.288
1813 -270.288
1814 -270.288
1815 -270.288
1816 -270.287
1817 -270.287
1818 -270.287
1819 -270.288
1820 -270.288
1821 -270.288
1822 -270.288
1823 -270.288
1824 -270.288
1825 -270.288
1826 -270.288
1827 -270.288
1828 -270.288
1829 -270.288
1830 -270.288
1831 -270.288
1832 -270.288
1833 -270.288
1834 -270.288
1835 -270.288
1836 -270.288
1837 -270.288
1838 -270.288
1839 -270.288
1840 -270.288
1841 -270.288
1842 -270.288
1843 -270.288
1844 -270.288
1845 -270.288
1846 -270.288
1847 -270.288
1848 -270.288
1849 -270.288
1850 -270.288
1851 -270.288
1852 -270.288
1853 -270.288
1854 -270.288
1855 -270.288
1856 -270.288
1857 -270.288
1858 -270.288
1859 -270.288
1860 -270.288
1861 -270.288
1862 -270.288
1863 -270.288
1864 -270.288
1865 -270.288
1866 -270.288
1867 -270.288
1868 -270.288
1869 -270.288
1870 -270.288
1871 -270.288
1872 -270.288
1873 -270.288
1874 -270.288
1875 -270.288
1876 -270.288
1877 -270.288
1878 -270.288
1879 -270.288
1880 -270.288
1881 -270.288
1882 -270.288
1883 -270.288
1884 -270.288
1885 -270.289
1886 -270.289
1887 -270.289
1888 -270.289
1889 -270.289
1890 -270.289
1891 -270.289
1892 -270.289
1893 -270.289
1894 -270.288
1895 -270.288
1896 -270.288
1897 -270.288
1898 -270.288
1899 -270.288
1900 -270.288
1901 -270.288
1902 -270.288
1903 -270.288
1904 -270.288
1905 -270.288
1906 -270.288
1907 -270.289
1908 -270.289
1909 -270.289
1910 -270.289
1911 -270.289
1912 -270.289
1913 -270.289
1914 -270.289
1915 -270.288
1916 -270.288
1917 -270.288
1918 -270.288
1919 -270.288
1920 -270.288
1921 -270.289
1922 -270.288
1923 -270.288
1924 -270.288
1925 -270.288
1926 -270.288
1927 -270.288
1928 -270.288
1929 -270.288
1930 -270.288
1931 -270.288
1932 -270.288
1933 -270.288
1934 -270.288
1935 -270.288
1936 -270.288
1937 -270.288
1938 -270.288
1939 -270.288
1940 -270.288
1941 -270.288
1942 -270.288
1943 -270.288
1944 -270.288
1945 -270.288
1946 -270.288
1947 -270.288
1948 -270.288
1949 -270.288
1950 -270.288
1951 -270.288
1952 -270.288
1953 -270.288
1954 -270.288
1955 -270.288
1956 -270.288
1957 -270.288
1958 -270.288
1959 -270.288
1960 -270.288
1961 -270.288
1962 -270.288
1963 -270.288
1964 -270.288
1965 -270.288
1966 -270.288
1967 -270.288
1968 -270.288
1969 -270.288
1970 -270.288
1971 -270.288
1972 -270.288
1973 -270.288
1974 -270.288
1975 -270.288
1976 -270.288
1977 -270.288
1978 -270.288
1979 -270.288
1980 -270.288
1981 -270.288
1982 -270.288
1983 -270.288
1984 -270.288
1985 -270.288
1986 -270.288
1987 -270.288
1988 -270.288
1989 -270.288
1990 -270.288
1991 -270.288
1992 -270.288
1993 -270.288
1994 -270.288
1995 -270.288
1996 -270.288
1997 -270.288
1998 -270.288
1999 -270.288
2000 -270.288
2001 -270.288
2002 -270.288
2003 -270.288
2004 -270.288
2005 -270.288
2006 -270.288
2007 -270.288
2008 -270.288
2009 -270.289
2010 -270.289
2011 -270.289
2012 -270.289
2013 -270.288
2014 -270.288
2015 -270.288
2016 -270.288
2017 -270.288
2018 -270.288
2019 -270.288
2020 -270.288
2021 -270.288
2022 -270.288
2023 -270.288
2024 -270.288
2025 -270.289
2026 -270.289
2027 -270.279
2028 -270.279
2029 -270.286
2030 -270.286
2031 -270.286
2032 -270.286
2033 -270.286
2034 -270.286
2035 -270.286
2036 -270.286
2037 -270.286
2038 -270.286
2039 -270.286
2040 -270.286
2041 -270.288
2042 -270.289
2043 -270.288
2044 -270.288
2045 -270.288
2046 -270.288
2047 -270.288
2048 -270.288
2049 -270.288
2050 -270.288
2051 -270.288
2052 -270.288
2053 -270.288
2054 -270.288
2055 -270.288
2056 -270.288
2057 -270.288
2058 -270.288
2059 -270.288
2060 -270.288
2061 -270.288
2062 -270.288
2063 -270.288
2064 -270.288
2065 -270.288
2066 -270.289
2067 -270.288
2068 -270.288
2069 -270.288
2070 -270.288
2071 -270.288
2072 -270.288
2073 -270.289
2074 -270.288
2075 -270.288
2076 -270.288
2077 -270.288
2078 -270.288
2079 -270.289
2080 -270.288
2081 -270.288
2082 -270.288
2083 -270.288
2084 -270.289
2085 -270.289
2086 -270.289
2087 -270.289
2088 -270.289
2089 -270.288
2090 -270.288
2091 -270.288
2092 -270.288
2093 -270.288
2094 -270.289
2095 -270.289
2096 -270.289
2097 -270.289
2098 -270.289
2099 -270.289
2100 -270.289
2101 -270.289
2102 -270.289
2103 -270.289
2104 -270.289
2105 -270.289
2106 -270.289
2107 -270.289
2108 -270.289
2109 -270.289
2110 -270.289
2111 -270.289
2112 -270.289
2113 -270.289
2114 -270.289
2115 -270.289
2116 -270.289
2117 -270.289
2118 -270.289
2119 -270.289
2120 -270.289
2121 -270.289
2122 -270.289
2123 -270.289
2124 -270.289
2125 -270.29
2126 -270.29
2127 -270.289
2128 -270.29
2129 -270.29
2130 -270.289
2131 -270.289
2132 -270.289
2133 -270.289
2134 -270.289
2135 -270.289
2136 -270.289
2137 -270.289
2138 -270.289
2139 -270.289
2140 -270.289
2141 -270.289
2142 -270.29
2143 -270.289
2144 -270.289
2145 -270.289
2146 -270.289
2147 -270.289
2148 -270.289
2149 -270.289
2150 -270.289
2151 -270.289
2152 -270.289
2153 -270.289
2154 -270.289
2155 -270.289
2156 -270.289
2157 -270.289
2158 -270.289
2159 -270.289
2160 -270.289
2161 -270.289
2162 -270.289
2163 -270.289
2164 -270.289
2165 -270.289
2166 -270.289
2167 -270.289
2168 -270.289
2169 -270.289
2170 -270.289
2171 -270.288
2172 -270.288
2173 -270.288
2174 -270.288
2175 -270.288
2176 -270.288
2177 -270.288
2178 -270.288
2179 -270.288
2180 -270.288
2181 -270.288
2182 -270.288
2183 -270.288
2184 -270.288
2185 -270.288
2186 -270.288
2187 -270.288
2188 -270.288
2189 -270.288
2190 -270.288
2191 -270.288
2192 -270.288
2193 -270.288
2194 -270.288
2195 -270.288
2196 -270.288
2197 -270.288
2198 -270.288
2199 -270.288
2200 -270.288
2201 -270.288
2202 -270.288
2203 -270.288
2204 -270.288
2205 -270.289
2206 -270.288
2207 -270.288
2208 -270.288
2209 -270.288
2210 -270.288
2211 -270.288
2212 -270.288
2213 -270.288
2214 -270.288
2215 -270.288
2216 -270.288
2217 -270.288
2218 -270.288
2219 -270.288
2220 -270.288
2221 -270.288
2222 -270.288
2223 -270.288
2224 -270.288
2225 -270.289
2226 -270.289
2227 -270.289
2228 -270.289
2229 -270.289
2230 -270.289
2231 -270.289
2232 -270.289
2233 -270.289
2234 -270.289
2235 -270.289
2236 -270.289
2237 -270.289
2238 -270.289
2239 -270.289
2240 -270.289
2241 -270.289
2242 -270.289
2243 -270.289
2244 -270.289
2245 -270.289
2246 -270.289
2247 -270.289
2248 -270.289
2249 -270.289
2250 -270.289
2251 -270.289
2252 -270.289
2253 -270.289
2254 -270.289
2255 -270.289
2256 -270.289
2257 -270.289
2258 -270.289
2259 -270.289
2260 -270.289
2261 -270.289
2262 -270.289
2263 -270.289
2264 -270.288
2265 -270.289
2266 -270.289
2267 -270.289
2268 -270.289
2269 -270.289
2270 -270.289
2271 -270.289
2272 -270.289
2273 -270.289
2274 -270.289
2275 -270.289
2276 -270.289
2277 -270.289
2278 -270.289
2279 -270.289
2280 -270.289
2281 -270.289
2282 -270.289
2283 -270.289
2284 -270.289
2285 -270.289
2286 -270.289
2287 -270.289
2288 -270.289
2289 -270.289
2290 -270.289
2291 -270.289
2292 -270.289
2293 -270.289
2294 -270.289
2295 -270.289
2296 -270.289
2297 -270.289
2298 -270.289
2299 -270.289
2300 -270.289
2301 -270.289
2302 -270.289
2303 -270.289
2304 -270.289
2305 -270.289
2306 -270.289
2307 -270.289
2308 -270.289
2309 -270.289
2310 -270.289
2311 -270.289
2312 -270.289
2313 -270.289
2314 -270.289
2315 -270.289
2316 -270.289
2317 -270.289
2318 -270.289
2319 -270.289
2320 -270.289
2321 -270.289
2322 -270.289
2323 -270.289
2324 -270.289
2325 -270.289
2326 -270.289
2327 -270.289
2328 -270.289
2329 -270.288
2330 -270.289
2331 -270.289
2332 -270.288
2333 -270.288
2334 -270.288
2335 -270.288
2336 -270.288
2337 -270.288
2338 -270.289
2339 -270.288
2340 -270.289
2341 -270.289
2342 -270.289
2343 -270.289
2344 -270.289
2345 -270.289
2346 -270.289
2347 -270.289
2348 -270.289
2349 -270.289
2350 -270.289
2351 -270.289
2352 -270.289
2353 -270.289
2354 -270.289
2355 -270.289
2356 -270.289
2357 -270.289
2358 -270.289
2359 -270.289
2360 -270.289
2361 -270.289
2362 -270.289
2363 -270.289
2364 -270.289
2365 -270.289
2366 -270.288
2367 -270.288
2368 -270.288
2369 -270.288
2370 -270.288
2371 -270.288
2372 -270.288
2373 -270.288
2374 -270.288
2375 -270.288
2376 -270.288
2377 -270.288
2378 -270.288
2379 -270.288
2380 -270.288
2381 -270.288
2382 -270.288
2383 -270.288
2384 -270.288
2385 -270.288
2386 -270.288
2387 -270.288
2388 -270.288
2389 -270.288
2390 -270.288
2391 -270.288
2392 -270.288
2393 -270.288
2394 -270.288
2395 -270.288
2396 -270.288
2397 -270.288
2398 -270.288
2399 -270.288
2400 -270.288
2401 -270.288
2402 -270.289
2403 -270.288
2404 -270.288
2405 -270.288
2406 -270.288
2407 -270.288
2408 -270.288
2409 -270.289
2410 -270.289
2411 -270.289
2412 -270.289
2413 -270.289
2414 -270.289
2415 -270.289
2416 -270.289
2417 -270.288
2418 -270.289
2419 -270.289
2420 -270.289
2421 -270.289
2422 -270.289
2423 -270.289
2424 -270.289
2425 -270.289
2426 -270.289
2427 -270.289
2428 -270.288
2429 -270.288
2430 -270.288
2431 -270.288
2432 -270.288
2433 -270.289
2434 -270.289
2435 -270.289
2436 -270.289
2437 -270.289
2438 -270.289
2439 -270.288
2440 -270.288
2441 -270.288
2442 -270.288
2443 -270.288
2444 -270.288
2445 -270.288
2446 -270.288
2447 -270.288
2448 -270.288
2449 -270.261
2450 -270.262
2451 -270.262
2452 -270.262
2453 -270.262
2454 -270.262
2455 -270.276
2456 -270.276
2457 -270.276
2458 -270.276
2459 -270.283
2460 -270.283
2461 -270.283
2462 -270.283
2463 -270.283
2464 -270.283
2465 -270.284
2466 -270.286
2467 -270.287
2468 -270.287
2469 -270.287
2470 -270.288
2471 -270.288
2472 -270.288
2473 -270.288
2474 -270.288
2475 -270.288
2476 -270.288
2477 -270.288
2478 -270.288
2479 -270.288
2480 -270.288
2481 -270.288
2482 -270.288
2483 -270.288
2484 -270.288
2485 -270.288
2486 -270.288
2487 -270.288
2488 -270.288
2489 -270.288
2490 -270.288
2491 -270.288
2492 -270.288
2493 -270.288
2494 -270.288
2495 -270.288
2496 -270.288
2497 -270.288
2498 -270.288
2499 -270.288
2500 -270.288
2501 -270.288
2502 -270.288
2503 -270.288
2504 -270.288
2505 -270.288
2506 -270.288
2507 -270.288
2508 -270.288
2509 -270.288
2510 -270.288
2511 -270.288
2512 -270.288
2513 -270.288
2514 -270.288
2515 -270.288
2516 -270.288
2517 -270.288
2518 -270.288
2519 -270.288
2520 -270.288
2521 -270.288
2522 -270.288
2523 -270.288
2524 -270.288
2525 -270.288
2526 -270.288
2527 -270.288
2528 -270.288
2529 -270.288
2530 -270.288
2531 -270.288
2532 -270.288
2533 -270.288
2534 -270.288
2535 -270.288
2536 -270.288
2537 -270.288
2538 -270.288
2539 -270.288
2540 -270.288
2541 -270.288
2542 -270.288
2543 -270.288
2544 -270.288
2545 -270.288
2546 -270.288
2547 -270.288
2548 -270.287
2549 -270.287
2550 -270.287
2551 -270.287
2552 -270.287
2553 -270.287
2554 -270.287
2555 -270.287
2556 -270.288
2557 -270.288
2558 -270.288
2559 -270.288
2560 -270.287
2561 -270.287
2562 -270.287
2563 -270.287
2564 -270.287
2565 -270.287
2566 -270.287
2567 -270.287
2568 -270.287
2569 -270.287
2570 -270.287
2571 -270.287
2572 -270.288
2573 -270.288
2574 -270.288
2575 -270.287
2576 -270.287
2577 -270.287
2578 -270.288
2579 -270.288
2580 -270.288
2581 -270.287
2582 -270.287
2583 -270.287
2584 -270.287
2585 -270.287
2586 -270.287
2587 -270.287
2588 -270.287
2589 -270.287
2590 -270.287
2591 -270.287
2592 -270.287
2593 -270.287
2594 -270.287
2595 -270.287
2596 -270.287
2597 -270.287
2598 -270.287
2599 -270.287
2600 -270.287
2601 -270.287
2602 -270.287
2603 -270.287
2604 -270.287
2605 -270.287
2606 -270.287
2607 -270.287
2608 -270.287
2609 -270.288
2610 -270.288
2611 -270.288
2612 -270.288
2613 -270.288
2614 -270.288
2615 -270.287
2616 -270.288
2617 -270.287
2618 -270.288
2619 -270.288
2620 -270.288
2621 -270.288
2622 -270.288
2623 -270.288
2624 -270.288
2625 -270.288
2626 -270.288
2627 -270.288
2628 -270.288
2629 -270.288
2630 -270.288
2631 -270.288
2632 -270.288
2633 -270.288
2634 -270.288
2635 -270.288
2636 -270.288
2637 -270.288
2638 -270.288
2639 -270.288
2640 -270.288
2641 -270.288
2642 -270.288
2643 -270.288
2644 -270.288
2645 -270.288
2646 -270.288
2647 -270.288
2648 -270.288
2649 -270.288
2650 -270.288
2651 -270.288
2652 -270.288
2653 -270.288
2654 -270.288
2655 -270.288
2656 -270.288
2657 -270.288
2658 -270.288
2659 -270.288
2660 -270.288
2661 -270.288
2662 -270.288
2663 -270.288
2664 -270.288
2665 -270.288
2666 -270.288
2667 -270.288
2668 -270.288
2669 -270.288
2670 -270.288
2671 -270.288
2672 -270.288
2673 -270.288
2674 -270.288
2675 -270.288
2676 -270.288
2677 -270.288
2678 -270.288
2679 -270.289
2680 -270.289
2681 -270.289
2682 -270.289
2683 -270.289
2684 -270.289
2685 -270.289
2686 -270.289
2687 -270.289
2688 -270.289
2689 -270.289
2690 -270.289
2691 -270.289
2692 -270.289
2693 -270.289
2694 -270.289
2695 -270.289
2696 -270.289
2697 -270.289
2698 -270.289
2699 -270.289
2700 -270.289
2701 -270.289
2702 -270.289
2703 -270.289
2704 -270.289
2705 -270.289
2706 -270.289
2707 -270.289
2708 -270.289
2709 -270.289
2710 -270.289
2711 -270.289
2712 -270.289
2713 -270.289
2714 -270.289
2715 -270.289
2716 -270.289
2717 -270.289
2718 -270.289
2719 -270.289
2720 -270.289
2721 -270.289
2722 -270.289
2723 -270.289
2724 -270.289
2725 -270.289
2726 -270.289
2727 -270.289
2728 -270.289
2729 -270.289
2730 -270.289
2731 -270.289
2732 -270.289
2733 -270.289
2734 -270.289
2735 -270.289
2736 -270.289
2737 -270.289
2738 -270.289
2739 -270.289
2740 -270.289
2741 -270.289
2742 -270.289
2743 -270.289
2744 -270.289
2745 -270.289
2746 -270.289
2747 -270.289
2748 -270.289
2749 -270.289
2750 -270.289
2751 -270.289
2752 -270.288
2753 -270.289
2754 -270.289
2755 -270.289
2756 -270.289
2757 -270.289
2758 -270.289
2759 -270.289
2760 -270.289
2761 -270.289
2762 -270.289
2763 -270.289
2764 -270.289
2765 -270.288
2766 -270.288
2767 -270.288
2768 -270.288
2769 -270.288
2770 -270.288
2771 -270.288
2772 -270.288
2773 -270.288
2774 -270.288
2775 -270.288
2776 -270.288
2777 -270.288
2778 -270.288
2779 -270.288
2780 -270.288
2781 -270.288
2782 -270.288
2783 -270.288
2784 -270.288
2785 -270.288
2786 -270.288
2787 -270.288
2788 -270.288
2789 -270.288
2790 -270.288
2791 -270.288
2792 -270.288
2793 -270.288
2794 -270.288
2795 -270.288
2796 -270.288
2797 -270.288
2798 -270.288
2799 -270.288
2800 -270.288
2801 -270.288
2802 -270.289
2803 -270.289
2804 -270.289
2805 -270.289
2806 -270.289
2807 -270.289
2808 -270.288
2809 -270.288
2810 -270.288
2811 -270.288
2812 -270.288
2813 -270.288
2814 -270.288
2815 -270.288
2816 -270.288
2817 -270.288
2818 -270.288
2819 -270.288
2820 -270.288
2821 -270.288
2822 -270.288
2823 -270.288
2824 -270.288
2825 -270.288
2826 -270.288
2827 -270.289
2828 -270.289
2829 -270.289
2830 -270.289
2831 -270.289
2832 -270.289
2833 -270.289
2834 -270.289
2835 -270.289
2836 -270.289
2837 -270.289
2838 -270.288
2839 -270.288
2840 -270.288
2841 -270.288
2842 -270.288
2843 -270.288
2844 -270.288
2845 -270.288
2846 -270.288
2847 -270.288
2848 -270.288
2849 -270.288
2850 -270.288
2851 -270.288
2852 -270.288
2853 -270.288
2854 -270.288
2855 -270.288
2856 -270.288
2857 -270.288
2858 -270.288
2859 -270.288
2860 -270.288
2861 -270.288
2862 -270.288
2863 -270.288
2864 -270.288
2865 -270.288
2866 -270.288
2867 -270.288
2868 -270.288
2869 -270.288
2870 -270.288
2871 -270.288
2872 -270.288
2873 -270.288
2874 -270.289
2875 -270.289
2876 -270.289
2877 -270.288
2878 -270.289
2879 -270.289
2880 -270.289
2881 -270.289
2882 -270.289
2883 -270.289
2884 -270.289
2885 -270.289
2886 -270.289
2887 -270.289
2888 -270.289
2889 -270.289
2890 -270.289
2891 -270.289
2892 -270.289
2893 -270.289
2894 -270.289
2895 -270.289
2896 -270.289
2897 -270.289
2898 -270.289
2899 -270.29
2900 -270.289
2901 -270.289
2902 -270.289
2903 -270.289
2904 -270.289
2905 -270.289
2906 -270.29
2907 -270.29
2908 -270.29
2909 -270.289
2910 -270.289
2911 -270.289
2912 -270.289
2913 -270.289
2914 -270.289
2915 -270.289
2916 -270.289
2917 -270.289
2918 -270.289
2919 -270.29
2920 -270.289
2921 -270.29
2922 -270.29
2923 -270.289
2924 -270.289
2925 -270.289
2926 -270.29
2927 -270.29
2928 -270.29
2929 -270.29
2930 -270.29
2931 -270.29
2932 -270.29
2933 -270.29
2934 -270.29
2935 -270.29
2936 -270.29
2937 -270.29
2938 -270.29
2939 -270.29
2940 -270.29
2941 -270.29
2942 -270.29
2943 -270.29
2944 -270.29
2945 -270.29
2946 -270.29
2947 -270.29
2948 -270.29
2949 -270.29
2950 -270.29
2951 -270.291
2952 -270.291
2953 -270.291
2954 -270.291
2955 -270.291
2956 -270.29
2957 -270.29
2958 -270.291
2959 -270.291
2960 -270.29
2961 -270.29
2962 -270.29
2963 -270.29
2964 -270.29
2965 -270.29
2966 -270.29
2967 -270.29
2968 -270.29
2969 -270.29
2970 -270.289
2971 -270.29
2972 -270.29
2973 -270.29
2974 -270.29
2975 -270.29
2976 -270.289
2977 -270.289
2978 -270.289
2979 -270.289
2980 -270.29
2981 -270.29
2982 -270.29
2983 -270.289
2984 -270.289
2985 -270.289
2986 -270.289
2987 -270.289
2988 -270.289
2989 -270.289
2990 -270.29
2991 -270.29
2992 -270.29
2993 -270.29
2994 -270.29
2995 -270.29
2996 -270.29
2997 -270.29
2998 -270.29
2999 -270.289
3000 -270.289
