1 -269.471
2 -269.557
3 -269.613
4 -269.678
5 -269.701
6 -269.778
7 -269.785
8 -269.794
9 -269.803
10 -269.827
11 -269.843
12 -269.855
13 -269.861
14 -269.877
15 -269.901
16 -269.909
17 -269.937
18 -269.966
19 -269.981
20 -269.985
21 -269.998
22 -270.007
23 -270.025
24 -270.035
25 -270.039
26 -270.049
27 -270.05
28 -270.061
29 -270.062
30 -270.067
31 -270.072
32 -270.079
33 -270.08
34 -270.089
35 -270.094
36 -270.092
37 -270.095
38 -270.096
39 -270.097
40 -270.103
41 -270.101
42 -270.101
43 -270.106
44 -270.114
45 -270.121
46 -270.13
47 -270.134
48 -270.137
49 -270.136
50 -270.135
51 -270.138
52 -270.142
53 -270.148
54 -270.153
55 -270.155
56 -270.157
57 -270.157
58 -270.163
59 -270.169
60 -270.174
61 -270.17
62 -270.17
63 -270.17
64 -270.172
65 -270.174
66 -270.176
67 -270.179
68 -270.18
69 -270.18
70 -270.182
71 -270.186
72 -270.189
73 -270.186
74 -270.191
75 -270.193
76 -270.195
77 -270.197
78 -270.199
79 -270.201
80 -270.201
81 -270.201
82 -270.199
83 -270.199
84 -270.199
85 -270.199
86 -270.199
87 -270.2
88 -270.202
89 -270.204
90 -270.201
91 -270.201
92 -270.203
93 -270.202
94 -270.201
95 -270.202
96 -270.202
97 -270.205
98 -270.209
99 -270.207
100 -270.209
101 -270.21
102 -270.209
103 -270.211
104 -270.209
105 -270.212
106 -270.206
107 -270.208
108 -270.21
109 -270.209
110 -270.212
111 -270.213
112 -270.213
113 -270.213
114 -270.213
115 -270.214
116 -270.213
117 -270.213
118 -270.213
119 -270.214
120 -270.216
121 -270.216
122 -270.217
123 -270.218
124 -270.219
125 -270.219
126 -270.218
127 -270.218
128 -270.219
129 -270.221
130 -270.217
131 -270.216
132 -270.218
133 -270.222
134 -270.221
135 -270.223
136 -270.222
137 -270.224
138 -270.224
139 -270.228
140 -270.227
141 -270.225
142 -270.226
143 -270.225
144 -270.224
145 -270.223
146 -270.222
147 -270.224
148 -270.224
149 -270.219
150 -270.216
151 -270.219
152 -270.222
153 -270.221
154 -270.224
155 -270.224
156 -270.223
157 -270.221
158 -270.219
159 -270.216
160 -270.214
161 -270.219
162 -270.217
163 -270.217
164 -270.216
165 -270.217
166 -270.215
167 -270.213
168 -270.218
169 -270.218
170 -270.216
171 -270.215
172 -270.217
173 -270.216
174 -270.217
175 -270.214
176 -270.214
177 -270.214
178 -270.217
179 -270.222
180 -270.22
181 -270.221
182 -270.22
183 -270.22
184 -270.218
185 -270.218
186 -270.218
187 -270.22
188 -270.217
189 -270.217
190 -270.22
191 -270.224
192 -270.223
193 -270.224
194 -270.223
195 -270.222
196 -270.224
197 -270.223
198 -270.224
199 -270.227
200 -270.225
201 -270.227
202 -270.224
203 -270.221
204 -270.225
205 -270.226
206 -270.228
207 -270.227
208 -270.229
209 -270.23
210 -270.232
211 -270.232
212 -270.23
213 -270.234
214 -270.234
215 -270.234
216 -270.235
217 -270.233
218 -270.233
219 -270.232
220 -270.233
221 -270.233
222 -270.235
223 -270.233
224 -270.233
225 -270.233
226 -270.233
227 -270.234
228 -270.233
229 -270.235
230 -270.232
231 -270.236
232 -270.235
233 -270.233
234 -270.233
235 -270.231
236 -270.232
237 -270.234
238 -270.233
239 -270.234
240 -270.234
241 -270.235
242 -270.233
243 -270.233
244 -270.234
245 -270.234
246 -270.233
247 -270.234
248 -270.239
249 -270.236
250 -270.233
251 -270.235
252 -270.237
253 -270.238
254 -270.238
255 -270.238
256 -270.235
257 -270.235
258 -270.235
259 -270.234
260 -270.234
261 -270.232
262 -270.231
263 -270.236
264 -270.232
265 -270.234
266 -270.233
267 -270.234
268 -270.234
269 -270.235
270 -270.235
271 -270.235
272 -270.234
273 -270.233
274 -270.236
275 -270.236
276 -270.235
277 -270.235
278 -270.235
279 -270.236
280 -270.237
281 -270.237
282 -270.238
283 -270.239
284 -270.236
285 -270.238
286 -270.239
287 -270.24
288 -270.241
289 -270.241
290 -270.24
291 -270.239
292 -270.239
293 -270.241
294 -270.241
295 -270.24
296 -270.241
297 -270.24
298 -270.239
299 -270.237
300 -270.237
301 -270.234
302 -270.231
303 -270.231
304 -270.23
305 -270.228
306 -270.228
307 -270.226
308 -270.229
309 -270.226
310 -270.229
311 -270.228
312 -270.23
313 -270.227
314 -270.226
315 -270.227
316 -270.229
317 -270.229
318 -270.226
319 -270.224
320 -270.223
321 -270.227
322 -270.23
323 -270.233
324 -270.233
325 -270.234
326 -270.234
327 -270.236
328 -270.236
329 -270.236
330 -270.236
331 -270.236
332 -270.231
333 -270.234
334 -270.234
335 -270.236
336 -270.237
337 -270.237
338 -270.237
339 -270.237
340 -270.239
341 -270.235
342 -270.235
343 -270.236
344 -270.232
345 -270.235
346 -270.236
347 -270.236
348 -270.238
349 -270.237
350 -270.235
351 -270.233
352 -270.235
353 -270.235
354 -270.236
355 -270.236
356 -270.234
357 -270.235
358 -270.235
359 -270.233
360 -270.232
361 -270.234
362 -270.233
363 -270.231
364 -270.229
365 -270.229
366 -270.23
367 -270.227
368 -270.227
369 -270.225
370 -270.226
371 -270.228
372 -270.228
373 -270.228
374 -270.232
375 -270.23
376 -270.228
377 -270.228
378 -270.231
379 -270.231
380 -270.232
381 -270.237
382 -270.238
383 -270.237
384 -270.237
385 -270.233
386 -270.234
387 -270.233
388 -270.234
389 -270.236
390 -270.237
391 -270.237
392 -270.237
393 -270.238
394 -270.238
395 -270.239
396 -270.238
397 -270.238
398 -270.239
399 -270.239
400 -270.238
401 -270.24
402 -270.24
403 -270.238
404 -270.236
405 -270.237
406 -270.236
407 -270.236
408 -270.235
409 -270.235
410 -270.234
411 -270.235
412 -270.237
413 -270.24
414 -270.24
415 -270.238
416 -270.24
417 -270.24
418 -270.239
419 -270.237
420 -270.237
421 -270.237
422 -270.237
423 -270.237
424 -270.235
425 -270.238
426 -270.24
427 -270.236
428 -270.234
429 -270.229
430 -270.229
431 -270.227
432 -270.23
433 -270.229
434 -270.229
435 -270.229
436 -270.229
437 -270.233
438 -270.232
439 -270.232
440 -270.232
441 -270.236
442 -270.235
443 -270.235
444 -270.235
445 -270.236
446 -270.232
447 -270.233
448 -270.234
449 -270.236
450 -270.239
451 -270.237
452 -270.239
453 -270.239
454 -270.238
455 -270.241
456 -270.24
457 -270.241
458 -270.236
459 -270.235
460 -270.234
461 -270.234
462 -270.234
463 -270.234
464 -270.236
465 -270.238
466 -270.237
467 -270.239
468 -270.239
469 -270.239
470 -270.239
471 -270.238
472 -270.237
473 -270.237
474 -270.233
475 -270.234
476 -270.236
477 -270.237
478 -270.235
479 -270.236
480 -270.236
481 -270.24
482 -270.24
483 -270.24
484 -270.241
485 -270.243
486 -270.244
487 -270.242
488 -270.24
489 -270.239
490 -270.237
491 -270.24
492 -270.24
493 -270.24
494 -270.236
495 -270.236
496 -270.236
497 -270.233
498 -270.234
499 -270.234
500 -270.24
501 -270.239
502 -270.238
503 -270.237
504 -270.235
505 -270.238
506 -270.237
507 -270.237
508 -270.237
509 -270.237
510 -270.238
511 -270.239
512 -270.243
513 -270.244
514 -270.243
515 -270.243
516 -270.243
517 -270.239
518 -270.24
519 -270.237
520 -270.238
521 -270.237
522 -270.237
523 -270.236
524 -270.237
525 -270.236
526 -270.234
527 -270.235
528 -270.237
529 -270.234
530 -270.234
531 -270.237
532 -270.236
533 -270.237
534 -270.237
535 -270.237
536 -270.237
537 -270.235
538 -270.236
539 -270.234
540 -270.233
541 -270.232
542 -270.232
543 -270.235
544 -270.234
545 -270.235
546 -270.232
547 -270.232
548 -270.231
549 -270.231
550 -270.233
551 -270.232
552 -270.235
553 -270.232
554 -270.233
555 -270.233
556 -270.234
557 -270.235
558 -270.236
559 -270.236
560 -270.236
561 -270.237
562 -270.239
563 -270.241
564 -270.24
565 -270.241
566 -270.241
567 -270.242
568 -270.24
569 -270.239
570 -270.239
571 -270.239
572 -270.241
573 -270.241
574 -270.24
575 -270.241
576 -270.24
577 -270.239
578 -270.237
579 -270.237
580 -270.238
581 -270.238
582 -270.238
583 -270.241
584 -270.24
585 -270.241
586 -270.242
587 -270.24
588 -270.237
589 -270.237
590 -270.236
591 -270.236
592 -270.236
593 -270.237
594 -270.236
595 -270.235
596 -270.237
597 -270.237
598 -270.237
599 -270.236
600 -270.237
601 -270.239
602 -270.24
603 -270.241
604 -270.238
605 -270.239
606 -270.241
607 -270.24
608 -270.24
609 -270.238
610 -270.237
611 -270.235
612 -270.234
613 -270.234
614 -270.235
615 -270.233
616 -270.234
617 -270.236
618 -270.236
619 -270.235
620 -270.235
621 -270.238
622 -270.237
623 -270.237
624 -270.238
625 -270.233
626 -270.232
627 -270.232
628 -270.235
629 -270.236
630 -270.236
631 -270.234
632 -270.234
633 -270.233
634 -270.231
635 -270.229
636 -270.229
637 -270.23
638 -270.23
639 -270.23
640 -270.232
641 -270.234
642 -270.228
643 -270.231
644 -270.228
645 -270.23
646 -270.23
647 -270.232
648 -270.23
649 -270.227
650 -270.227
651 -270.229
652 -270.229
653 -270.233
654 -270.231
655 -270.23
656 -270.229
657 -270.228
658 -270.228
659 -270.23
660 -270.228
661 -270.228
662 -270.227
663 -270.226
664 -270.228
665 -270.228
666 -270.227
667 -270.228
668 -270.225
669 -270.224
670 -270.227
671 -270.225
672 -270.227
673 -270.226
674 -270.225
675 -270.222
676 -270.221
677 -270.223
678 -270.227
679 -270.226
680 -270.221
681 -270.218
682 -270.22
683 -270.221
684 -270.222
685 -270.224
686 -270.222
687 -270.224
688 -270.224
689 -270.229
690 -270.228
691 -270.225
692 -270.234
693 -270.236
694 -270.236
695 -270.234
696 -270.234
697 -270.237
698 -270.238
699 -270.238
700 -270.237
701 -270.237
702 -270.238
703 -270.238
704 -270.238
705 -270.24
706 -270.24
707 -270.238
708 -270.236
709 -270.237
710 -270.238
711 -270.238
712 -270.233
713 -270.234
714 -270.234
715 -270.234
716 -270.237
717 -270.239
718 -270.238
719 -270.237
720 -270.238
721 -270.239
722 -270.24
723 -270.241
724 -270.243
725 -270.245
726 -270.245
727 -270.244
728 -270.245
729 -270.243
730 -270.244
731 -270.243
732 -270.243
733 -270.244
734 -270.241
735 -270.243
736 -270.244
737 -270.243
738 -270.244
739 -270.241
740 -270.239
741 -270.241
742 -270.242
743 -270.243
744 -270.243
745 -270.244
746 -270.244
747 -270.244
748 -270.247
749 -270.247
750 -270.247
751 -270.247
752 -270.247
753 -270.25
754 -270.249
755 -270.25
756 -270.25
757 -270.25
758 -270.251
759 -270.25
760 -270.249
761 -270.245
762 -270.245
763 -270.244
764 -270.243
765 -270.245
766 -270.246
767 -270.245
768 -270.244
769 -270.244
770 -270.241
771 -270.244
772 -270.245
773 -270.243
774 -270.243
775 -270.242
776 -270.242
777 -270.235
778 -270.235
779 -270.235
780 -270.232
781 -270.233
782 -270.231
783 -270.231
784 -270.229
785 -270.228
786 -270.229
787 -270.231
788 -270.232
789 -270.23
790 -270.23
791 -270.23
792 -270.229
793 -270.229
794 -270.233
795 -270.234
796 -270.234
797 -270.234
798 -270.236
799 -270.235
800 -270.234
801 -270.23
802 -270.23
803 -270.231
804 -270.23
805 -270.229
806 -270.229
807 -270.228
808 -270.225
809 -270.224
810 -270.226
811 -270.228
812 -270.231
813 -270.231
814 -270.231
815 -270.232
816 -270.232
817 -270.234
818 -270.229
819 -270.227
820 -270.224
821 -270.223
822 -270.226
823 -270.227
824 -270.226
825 -270.225
826 -270.223
827 -270.224
828 -270.225
829 -270.228
830 -270.228
831 -270.229
832 -270.227
833 -270.229
834 -270.232
835 -270.239
836 -270.24
837 -270.242
838 -270.246
839 -270.246
840 -270.247
841 -270.243
842 -270.241
843 -270.188
844 -270.191
845 -270.193
846 -270.199
847 -270.198
848 -270.195
849 -270.197
850 -270.196
851 -270.196
852 -270.197
853 -270.197
854 -270.196
855 -270.198
856 -270.212
857 -270.215
858 -270.218
859 -270.218
860 -270.215
861 -270.213
862 -270.211
863 -270.212
864 -270.213
865 -270.221
866 -270.222
867 -270.223
868 -270.224
869 -270.224
870 -270.222
871 -270.223
872 -270.224
873 -270.222
874 -270.222
875 -270.223
876 -270.223
877 -270.228
878 -270.225
879 -270.223
880 -270.222
881 -270.228
882 -270.231
883 -270.233
884 -270.234
885 -270.233
886 -270.236
887 -270.236
888 -270.234
889 -270.236
890 -270.231
891 -270.232
892 -270.233
893 -270.232
894 -270.235
895 -270.236
896 -270.237
897 -270.238
898 -270.238
899 -270.244
900 -270.243
901 -270.242
902 -270.243
903 -270.241
904 -270.241
905 -270.241
906 -270.242
907 -270.243
908 -270.245
909 -270.247
910 -270.245
911 -270.243
912 -270.243
913 -270.244
914 -270.243
915 -270.243
916 -270.243
917 -270.245
918 -270.245
919 -270.245
920 -270.245
921 -270.245
922 -270.243
923 -270.241
924 -270.243
925 -270.244
926 -270.245
927 -270.245
928 -270.248
929 -270.243
930 -270.244
931 -270.244
932 -270.244
933 -270.245
934 -270.246
935 -270.247
936 -270.248
937 -270.25
938 -270.248
939 -270.249
940 -270.248
941 -270.247
942 -270.246
943 -270.242
944 -270.241
945 -270.239
946 -270.238
947 -270.238
948 -270.237
949 -270.236
950 -270.237
951 -270.235
952 -270.235
953 -270.234
954 -270.234
955 -270.233
956 -270.234
957 -270.236
958 -270.233
959 -270.235
960 -270.237
961 -270.237
962 -270.238
963 -270.243
964 -270.242
965 -270.246
966 -270.247
967 -270.248
968 -270.248
969 -270.247
970 -270.249
971 -270.247
972 -270.247
973 -270.246
974 -270.248
975 -270.249
976 -270.249
977 -270.249
978 -270.247
979 -270.249
980 -270.248
981 -270.245
982 -270.246
983 -270.245
984 -270.244
985 -270.241
986 -270.239
987 -270.239
988 -270.235
989 -270.234
990 -270.237
991 -270.239
992 -270.236
993 -270.236
994 -270.232
995 -270.232
996 -270.233
997 -270.233
998 -270.235
999 -270.234
1000 -270.234
1001 -270.233
1002 -270.238
1003 -270.238
1004 -270.237
1005 -270.237
1006 -270.236
1007 -270.241
1008 -270.241
1009 -270.24
1010 -270.241
1011 -270.239
1012 -270.239
1013 -270.237
1014 -270.24
1015 -270.238
1016 -270.237
1017 -270.237
1018 -270.239
1019 -270.24
1020 -270.238
1021 -270.237
1022 -270.234
1023 -270.235
1024 -270.233
1025 -270.234
1026 -270.235
1027 -270.233
1028 -270.232
1029 -270.233
1030 -270.233
1031 -270.227
1032 -270.23
1033 -270.229
1034 -270.232
1035 -270.231
1036 -270.204
1037 -270.202
1038 -270.203
1039 -270.202
1040 -270.205
1041 -270.203
1042 -270.202
1043 -270.199
1044 -270.201
1045 -270.203
1046 -270.202
1047 -270.204
1048 -270.203
1049 -270.21
1050 -270.217
1051 -270.216
1052 -270.215
1053 -270.221
1054 -270.223
1055 -270.222
1056 -270.222
1057 -270.221
1058 -270.226
1059 -270.232
1060 -270.232
1061 -270.232
1062 -270.23
1063 -270.233
1064 -270.233
1065 -270.235
1066 -270.236
1067 -270.235
1068 -270.236
1069 -270.236
1070 -270.231
1071 -270.231
1072 -270.234
1073 -270.236
1074 -270.237
1075 -270.235
1076 -270.234
1077 -270.236
1078 -270.238
1079 -270.237
1080 -270.238
1081 -270.237
1082 -270.238
1083 -270.239
1084 -270.24
1085 -270.24
1086 -270.236
1087 -270.238
1088 -270.238
1089 -270.238
1090 -270.239
1091 -270.238
1092 -270.239
1093 -270.237
1094 -270.233
1095 -270.233
1096 -270.233
1097 -270.233
1098 -270.236
1099 -270.236
1100 -270.235
1101 -270.231
1102 -270.232
1103 -270.23
1104 -270.233
1105 -270.229
1106 -270.231
1107 -270.235
1108 -270.233
1109 -270.233
1110 -270.232
1111 -270.233
1112 -270.236
1113 -270.235
1114 -270.235
1115 -270.237
1116 -270.238
1117 -270.24
1118 -270.24
1119 -270.239
1120 -270.238
1121 -270.239
1122 -270.239
1123 -270.239
1124 -270.242
1125 -270.242
1126 -270.241
1127 -270.239
1128 -270.236
1129 -270.236
1130 -270.235
1131 -270.232
1132 -270.231
1133 -270.23
1134 -270.228
1135 -270.229
1136 -270.228
1137 -270.227
1138 -270.223
1139 -270.225
1140 -270.223
1141 -270.222
1142 -270.225
1143 -270.226
1144 -270.228
1145 -270.228
1146 -270.228
1147 -270.227
1148 -270.227
1149 -270.226
1150 -270.227
1151 -270.227
1152 -270.226
1153 -270.231
1154 -270.232
1155 -270.233
1156 -270.234
1157 -270.236
1158 -270.237
1159 -270.236
1160 -270.237
1161 -270.236
1162 -270.235
1163 -270.234
1164 -270.235
1165 -270.234
1166 -270.234
1167 -270.234
1168 -270.232
1169 -270.226
1170 -270.228
1171 -270.23
1172 -270.232
1173 -270.234
1174 -270.23
1175 -270.227
1176 -270.227
1177 -270.228
1178 -270.228
1179 -270.228
1180 -270.227
1181 -270.228
1182 -270.226
1183 -270.228
1184 -270.23
1185 -270.23
1186 -270.229
1187 -270.228
1188 -270.226
1189 -270.224
1190 -270.224
1191 -270.225
1192 -270.226
1193 -270.223
1194 -270.227
1195 -270.228
1196 -270.232
1197 -270.234
1198 -270.232
1199 -270.234
1200 -270.231
1201 -270.228
1202 -270.228
1203 -270.23
1204 -270.23
1205 -270.233
1206 -270.234
1207 -270.232
1208 -270.232
1209 -270.233
1210 -270.234
1211 -270.233
1212 -270.232
1213 -270.232
1214 -270.232
1215 -270.234
1216 -270.233
1217 -270.231
1218 -270.23
1219 -270.231
1220 -270.229
1221 -270.231
1222 -270.231
1223 -270.23
1224 -270.229
1225 -270.229
1226 -270.227
1227 -270.228
1228 -270.227
1229 -270.225
1230 -270.224
1231 -270.228
1232 -270.23
1233 -270.233
1234 -270.234
1235 -270.231
1236 -270.232
1237 -270.232
1238 -270.233
1239 -270.231
1240 -270.234
1241 -270.236
1242 -270.235
1243 -270.235
1244 -270.232
1245 -270.233
1246 -270.234
1247 -270.234
1248 -270.236
1249 -270.233
1250 -270.228
1251 -270.226
1252 -270.225
1253 -270.223
1254 -270.226
1255 -270.224
1256 -270.224
1257 -270.222
1258 -270.222
1259 -270.225
1260 -270.229
1261 -270.229
1262 -270.229
1263 -270.224
1264 -270.227
1265 -270.227
1266 -270.229
1267 -270.224
1268 -270.222
1269 -270.225
1270 -270.227
1271 -270.229
1272 -270.228
1273 -270.23
1274 -270.231
1275 -270.232
1276 -270.23
1277 -270.235
1278 -270.235
1279 -270.234
1280 -270.233
1281 -270.235
1282 -270.232
1283 -270.23
1284 -270.23
1285 -270.229
1286 -270.231
1287 -270.231
1288 -270.232
1289 -270.23
1290 -270.231
1291 -270.234
1292 -270.235
1293 -270.237
1294 -270.233
1295 -270.233
1296 -270.234
1297 -270.232
1298 -270.23
1299 -270.236
1300 -270.237
1301 -270.238
1302 -270.235
1303 -270.232
1304 -270.234
1305 -270.238
1306 -270.24
1307 -270.239
1308 -270.239
1309 -270.239
1310 -270.236
1311 -270.233
1312 -270.231
1313 -270.231
1314 -270.232
1315 -270.231
1316 -270.235
1317 -270.234
1318 -270.234
1319 -270.233
1320 -270.233
1321 -270.233
1322 -270.234
1323 -270.235
1324 -270.236
1325 -270.237
1326 -270.234
1327 -270.235
1328 -270.233
1329 -270.232
1330 -270.231
1331 -270.231
1332 -270.228
1333 -270.228
1334 -270.229
1335 -270.23
1336 -270.232
1337 -270.234
1338 -270.233
1339 -270.231
1340 -270.233
1341 -270.233
1342 -270.235
1343 -270.235
1344 -270.236
1345 -270.237
1346 -270.236
1347 -270.237
1348 -270.238
1349 -270.239
1350 -270.239
1351 -270.239
1352 -270.241
1353 -270.24
1354 -270.24
1355 -270.244
1356 -270.245
1357 -270.244
1358 -270.245
1359 -270.242
1360 -270.241
1361 -270.241
1362 -270.241
1363 -270.237
1364 -270.237
1365 -270.234
1366 -270.237
1367 -270.238
1368 -270.237
1369 -270.236
1370 -270.233
1371 -270.235
1372 -270.235
1373 -270.233
1374 -270.231
1375 -270.232
1376 -270.232
1377 -270.232
1378 -270.234
1379 -270.234
1380 -270.232
1381 -270.234
1382 -270.232
1383 -270.229
1384 -270.229
1385 -270.23
1386 -270.231
1387 -270.23
1388 -270.23
1389 -270.232
1390 -270.232
1391 -270.232
1392 -270.232
1393 -270.233
1394 -270.229
1395 -270.229
1396 -270.228
1397 -270.231
1398 -270.23
1399 -270.231
1400 -270.233
1401 -270.232
1402 -270.233
1403 -270.232
1404 -270.232
1405 -270.234
1406 -270.235
1407 -270.235
1408 -270.234
1409 -270.236
1410 -270.235
1411 -270.237
1412 -270.237
1413 -270.237
1414 -270.238
1415 -270.237
1416 -270.238
1417 -270.237
1418 -270.237
1419 -270.235
1420 -270.241
1421 -270.24
1422 -270.24
1423 -270.238
1424 -270.237
1425 -270.238
1426 -270.238
1427 -270.24
1428 -270.24
1429 -270.24
1430 -270.239
1431 -270.237
1432 -270.238
1433 -270.236
1434 -270.233
1435 -270.237
1436 -270.236
1437 -270.234
1438 -270.233
1439 -270.232
1440 -270.233
1441 -270.233
1442 -270.235
1443 -270.236
1444 -270.237
1445 -270.235
1446 -270.238
1447 -270.238
1448 -270.24
1449 -270.242
1450 -270.242
1451 -270.242
1452 -270.241
1453 -270.241
1454 -270.242
1455 -270.24
1456 -270.241
1457 -270.239
1458 -270.24
1459 -270.241
1460 -270.239
1461 -270.238
1462 -270.238
1463 -270.24
1464 -270.242
1465 -270.242
1466 -270.241
1467 -270.241
1468 -270.241
1469 -270.243
1470 -270.244
1471 -270.245
1472 -270.245
1473 -270.243
1474 -270.242
1475 -270.242
1476 -270.242
1477 -270.238
1478 -270.238
1479 -270.24
1480 -270.239
1481 -270.241
1482 -270.242
1483 -270.241
1484 -270.242
1485 -270.241
1486 -270.241
1487 -270.241
1488 -270.241
1489 -270.241
1490 -270.243
1491 -270.242
1492 -270.241
1493 -270.239
1494 -270.24
1495 -270.239
1496 -270.239
1497 -270.237
1498 -270.236
1499 -270.233
1500 -270.235
1501 -270.238
1502 -270.24
1503 -270.239
1504 -270.241
1505 -270.24
1506 -270.243
1507 -270.245
1508 -270.247
1509 -270.247
1510 -270.246
1511 -270.247
1512 -270.249
1513 -270.247
1514 -270.248
1515 -270.246
1516 -270.246
1517 -270.246
1518 -270.246
1519 -270.244
1520 -270.243
1521 -270.243
1522 -270.243
1523 -270.241
1524 -270.242
1525 -270.238
1526 -270.241
1527 -270.242
1528 -270.241
1529 -270.243
1530 -270.241
1531 -270.241
1532 -270.243
1533 -270.243
1534 -270.242
1535 -270.246
1536 -270.239
1537 -270.239
1538 -270.238
1539 -270.239
1540 -270.241
1541 -270.24
1542 -270.236
1543 -270.236
1544 -270.236
1545 -270.238
1546 -270.239
1547 -270.239
1548 -270.237
1549 -270.243
1550 -270.242
1551 -270.24
1552 -270.241
1553 -270.241
1554 -270.239
1555 -270.24
1556 -270.242
1557 -270.242
1558 -270.239
1559 -270.241
1560 -270.241
1561 -270.244
1562 -270.243
1563 -270.243
1564 -270.245
1565 -270.242
1566 -270.24
1567 -270.24
1568 -270.238
1569 -270.239
1570 -270.241
1571 -270.242
1572 -270.24
1573 -270.236
1574 -270.235
1575 -270.235
1576 -270.238
1577 -270.237
1578 -270.238
1579 -270.237
1580 -270.238
1581 -270.237
1582 -270.238
1583 -270.242
1584 -270.243
1585 -270.242
1586 -270.244
1587 -270.245
1588 -270.245
1589 -270.244
1590 -270.246
1591 -270.243
1592 -270.243
1593 -270.244
1594 -270.243
1595 -270.242
1596 -270.242
1597 -270.242
1598 -270.239
1599 -270.238
1600 -270.24
1601 -270.24
1602 -270.242
1603 -270.244
1604 -270.243
1605 -270.242
1606 -270.243
1607 -270.243
1608 -270.243
1609 -270.245
1610 -270.245
1611 -270.243
1612 -270.243
1613 -270.243
1614 -270.243
1615 -270.244
1616 -270.243
1617 -270.242
1618 -270.245
1619 -270.246
1620 -270.242
1621 -270.244
1622 -270.243
1623 -270.243
1624 -270.244
1625 -270.244
1626 -270.245
1627 -270.244
1628 -270.244
1629 -270.242
1630 -270.238
1631 -270.242
1632 -270.242
1633 -270.24
1634 -270.244
1635 -270.243
1636 -270.245
1637 -270.243
1638 -270.242
1639 -270.241
1640 -270.245
1641 -270.246
1642 -270.246
1643 -270.244
1644 -270.245
1645 -270.242
1646 -270.242
1647 -270.238
1648 -270.237
1649 -270.239
1650 -270.238
1651 -270.239
1652 -270.239
1653 -270.237
1654 -270.237
1655 -270.237
1656 -270.235
1657 -270.235
1658 -270.237
1659 -270.238
1660 -270.24
1661 -270.24
1662 -270.24
1663 -270.239
1664 -270.239
1665 -270.237
1666 -270.238
1667 -270.237
1668 -270.238
1669 -270.236
1670 -270.233
1671 -270.232
1672 -270.23
1673 -270.23
1674 -270.23
1675 -270.234
1676 -270.233
1677 -270.234
1678 -270.235
1679 -270.235
1680 -270.232
1681 -270.233
1682 -270.233
1683 -270.231
1684 -270.233
1685 -270.232
1686 -270.229
1687 -270.231
1688 -270.229
1689 -270.227
1690 -270.228
1691 -270.232
1692 -270.233
1693 -270.231
1694 -270.232
1695 -270.231
1696 -270.231
1697 -270.228
1698 -270.229
1699 -270.228
1700 -270.229
1701 -270.229
1702 -270.228
1703 -270.226
1704 -270.226
1705 -270.228
1706 -270.229
1707 -270.226
1708 -270.225
1709 -270.226
1710 -270.228
1711 -270.227
1712 -270.227
1713 -270.224
1714 -270.227
1715 -270.23
1716 -270.226
1717 -270.227
1718 -270.227
1719 -270.228
1720 -270.231
1721 -270.23
1722 -270.229
1723 -270.226
1724 -270.227
1725 -270.227
1726 -270.229
1727 -270.226
1728 -270.226
1729 -270.226
1730 -270.228
1731 -270.227
1732 -270.227
1733 -270.228
1734 -270.227
1735 -270.228
1736 -270.228
1737 -270.227
1738 -270.228
1739 -270.227
1740 -270.227
1741 -270.225
1742 -270.225
1743 -270.225
1744 -270.226
1745 -270.226
1746 -270.229
1747 -270.229
1748 -270.23
1749 -270.23
1750 -270.231
1751 -270.229
1752 -270.228
1753 -270.229
1754 -270.233
1755 -270.235
1756 -270.235
1757 -270.235
1758 -270.237
1759 -270.238
1760 -270.235
1761 -270.235
1762 -270.233
1763 -270.234
1764 -270.233
1765 -270.234
1766 -270.235
1767 -270.234
1768 -270.233
1769 -270.234
1770 -270.234
1771 -270.236
1772 -270.238
1773 -270.236
1774 -270.239
1775 -270.238
1776 -270.239
1777 -270.242
1778 -270.241
1779 -270.241
1780 -270.239
1781 -270.244
1782 -270.242
1783 -270.243
1784 -270.242
1785 -270.244
1786 -270.242
1787 -270.243
1788 -270.242
1789 -270.24
1790 -270.239
1791 -270.242
1792 -270.242
1793 -270.244
1794 -270.243
1795 -270.24
1796 -270.24
1797 -270.239
1798 -270.239
1799 -270.241
1800 -270.239
1801 -270.237
1802 -270.237
1803 -270.237
1804 -270.235
1805 -270.233
1806 -270.234
1807 -270.233
1808 -270.231
1809 -270.227
1810 -270.227
1811 -270.227
1812 -270.227
1813 -270.225
1814 -270.224
1815 -270.222
1816 -270.222
1817 -270.222
1818 -270.223
1819 -270.227
1820 -270.226
1821 -270.229
1822 -270.232
1823 -270.228
1824 -270.229
1825 -270.229
1826 -270.229
1827 -270.231
1828 -270.232
1829 -270.233
1830 -270.234
1831 -270.232
1832 -270.233
1833 -270.233
1834 -270.235
1835 -270.237
1836 -270.241
1837 -270.241
1838 -270.24
1839 -270.24
1840 -270.241
1841 -270.241
1842 -270.243
1843 -270.242
1844 -270.239
1845 -270.238
1846 -270.236
1847 -270.236
1848 -270.234
1849 -270.235
1850 -270.235
1851 -270.236
1852 -270.235
1853 -270.234
1854 -270.233
1855 -270.231
1856 -270.235
1857 -270.235
1858 -270.235
1859 -270.235
1860 -270.231
1861 -270.231
1862 -270.229
1863 -270.231
1864 -270.232
1865 -270.23
1866 -270.234
1867 -270.233
1868 -270.232
1869 -270.231
1870 -270.232
1871 -270.231
1872 -270.231
1873 -270.232
1874 -270.229
1875 -270.23
1876 -270.23
1877 -270.226
1878 -270.226
1879 -270.229
1880 -270.23
1881 -270.23
1882 -270.23
1883 -270.232
1884 -270.235
1885 -270.236
1886 -270.235
1887 -270.235
1888 -270.236
1889 -270.237
1890 -270.24
1891 -270.236
1892 -270.236
1893 -270.238
1894 -270.24
1895 -270.237
1896 -270.237
1897 -270.235
1898 -270.234
1899 -270.236
1900 -270.235
1901 -270.238
1902 -270.241
1903 -270.24
1904 -270.244
1905 -270.244
1906 -270.245
1907 -270.244
1908 -270.239
1909 -270.238
1910 -270.238
1911 -270.238
1912 -270.236
1913 -270.236
1914 -270.238
1915 -270.236
1916 -270.238
1917 -270.235
1918 -270.234
1919 -270.238
1920 -270.236
1921 -270.235
1922 -270.237
1923 -270.236
1924 -270.239
1925 -270.241
1926 -270.24
1927 -270.242
1928 -270.244
1929 -270.244
1930 -270.202
1931 -270.202
1932 -270.203
1933 -270.204
1934 -270.206
1935 -270.204
1936 -270.202
1937 -270.201
1938 -270.202
1939 -270.202
1940 -270.202
1941 -270.203
1942 -270.201
1943 -270.203
1944 -270.204
1945 -270.203
1946 -270.205
1947 -270.205
1948 -270.203
1949 -270.204
1950 -270.204
1951 -270.206
1952 -270.204
1953 -270.205
1954 -270.204
1955 -270.21
1956 -270.213
1957 -270.213
1958 -270.213
1959 -270.214
1960 -270.215
1961 -270.216
1962 -270.221
1963 -270.229
1964 -270.229
1965 -270.23
1966 -270.229
1967 -270.232
1968 -270.232
1969 -270.234
1970 -270.234
1971 -270.233
1972 -270.232
1973 -270.235
1974 -270.233
1975 -270.233
1976 -270.232
1977 -270.231
1978 -270.231
1979 -270.232
1980 -270.23
1981 -270.232
1982 -270.232
1983 -270.231
1984 -270.232
1985 -270.234
1986 -270.237
1987 -270.236
1988 -270.235
1989 -270.237
1990 -270.236
1991 -270.237
1992 -270.238
1993 -270.236
1994 -270.239
1995 -270.237
1996 -270.234
1997 -270.237
1998 -270.238
1999 -270.237
2000 -270.239
2001 -270.238
2002 -270.242
2003 -270.237
2004 -270.239
2005 -270.239
2006 -270.238
2007 -270.195
2008 -270.196
2009 -270.198
2010 -270.215
2011 -270.217
2012 -270.22
2013 -270.221
2014 -270.223
2015 -270.233
2016 -270.23
2017 -270.229
2018 -270.232
2019 -270.232
2020 -270.234
2021 -270.234
2022 -270.234
2023 -270.236
2024 -270.236
2025 -270.236
2026 -270.237
2027 -270.238
2028 -270.239
2029 -270.234
2030 -270.234
2031 -270.232
2032 -270.235
2033 -270.232
2034 -270.232
2035 -270.233
2036 -270.232
2037 -270.231
2038 -270.232
2039 -270.233
2040 -270.231
2041 -270.232
2042 -270.232
2043 -270.232
2044 -270.234
2045 -270.232
2046 -270.236
2047 -270.237
2048 -270.236
2049 -270.236
2050 -270.237
2051 -270.24
2052 -270.24
2053 -270.242
2054 -270.241
2055 -270.241
2056 -270.241
2057 -270.239
2058 -270.238
2059 -270.238
2060 -270.238
2061 -270.238
2062 -270.239
2063 -270.24
2064 -270.24
2065 -270.237
2066 -270.237
2067 -270.237
2068 -270.236
2069 -270.238
2070 -270.238
2071 -270.238
2072 -270.237
2073 -270.238
2074 -270.239
2075 -270.237
2076 -270.238
2077 -270.239
2078 -270.237
2079 -270.239
2080 -270.239
2081 -270.241
2082 -270.237
2083 -270.239
2084 -270.238
2085 -270.237
2086 -270.236
2087 -270.236
2088 -270.236
2089 -270.237
2090 -270.237
2091 -270.239
2092 -270.236
2093 -270.236
2094 -270.234
2095 -270.234
2096 -270.233
2097 -270.233
2098 -270.235
2099 -270.237
2100 -270.238
2101 -270.234
2102 -270.233
2103 -270.233
2104 -270.234
2105 -270.234
2106 -270.233
2107 -270.233
2108 -270.231
2109 -270.229
2110 -270.228
2111 -270.231
2112 -270.235
2113 -270.233
2114 -270.233
2115 -270.234
2116 -270.233
2117 -270.23
2118 -270.23
2119 -270.228
2120 -270.228
2121 -270.233
2122 -270.234
2123 -270.23
2124 -270.23
2125 -270.231
2126 -270.234
2127 -270.234
2128 -270.234
2129 -270.238
2130 -270.239
2131 -270.239
2132 -270.237
2133 -270.239
2134 -270.237
2135 -270.236
2136 -270.235
2137 -270.237
2138 -270.24
2139 -270.24
2140 -270.241
2141 -270.242
2142 -270.241
2143 -270.243
2144 -270.247
2145 -270.25
2146 -270.25
2147 -270.251
2148 -270.254
2149 -270.25
2150 -270.249
2151 -270.247
2152 -270.248
2153 -270.247
2154 -270.247
2155 -270.246
2156 -270.247
2157 -270.246
2158 -270.247
2159 -270.248
2160 -270.246
2161 -270.247
2162 -270.246
2163 -270.247
2164 -270.248
2165 -270.247
2166 -270.246
2167 -270.245
2168 -270.246
2169 -270.247
2170 -270.246
2171 -270.248
2172 -270.247
2173 -270.245
2174 -270.244
2175 -270.243
2176 -270.24
2177 -270.24
2178 -270.239
2179 -270.233
2180 -270.231
2181 -270.232
2182 -270.232
2183 -270.235
2184 -270.233
2185 -270.233
2186 -270.233
2187 -270.231
2188 -270.228
2189 -270.229
2190 -270.229
2191 -270.229
2192 -270.228
2193 -270.23
2194 -270.232
2195 -270.237
2196 -270.235
2197 -270.237
2198 -270.237
2199 -270.239
2200 -270.243
2201 -270.241
2202 -270.239
2203 -270.243
2204 -270.244
2205 -270.245
2206 -270.245
2207 -270.247
2208 -270.246
2209 -270.246
2210 -270.246
2211 -270.245
2212 -270.243
2213 -270.241
2214 -270.242
2215 -270.242
2216 -270.242
2217 -270.24
2218 -270.242
2219 -270.243
2220 -270.246
2221 -270.241
2222 -270.242
2223 -270.242
2224 -270.244
2225 -270.245
2226 -270.245
2227 -270.242
2228 -270.241
2229 -270.237
2230 -270.236
2231 -270.237
2232 -270.237
2233 -270.238
2234 -270.237
2235 -270.234
2236 -270.235
2237 -270.235
2238 -270.236
2239 -270.237
2240 -270.237
2241 -270.239
2242 -270.241
2243 -270.24
2244 -270.239
2245 -270.238
2246 -270.24
2247 -270.24
2248 -270.242
2249 -270.244
2250 -270.243
2251 -270.243
2252 -270.245
2253 -270.245
2254 -270.244
2255 -270.24
2256 -270.241
2257 -270.24
2258 -270.24
2259 -270.241
2260 -270.243
2261 -270.243
2262 -270.243
2263 -270.242
2264 -270.242
2265 -270.243
2266 -270.242
2267 -270.241
2268 -270.241
2269 -270.241
2270 -270.24
2271 -270.243
2272 -270.242
2273 -270.243
2274 -270.242
2275 -270.241
2276 -270.24
2277 -270.241
2278 -270.242
2279 -270.244
2280 -270.244
2281 -270.245
2282 -270.245
2283 -270.245
2284 -270.243
2285 -270.243
2286 -270.243
2287 -270.243
2288 -270.244
2289 -270.241
2290 -270.241
2291 -270.239
2292 -270.239
2293 -270.238
2294 -270.239
2295 -270.24
2296 -270.24
2297 -270.241
2298 -270.241
2299 -270.242
2300 -270.242
2301 -270.242
2302 -270.242
2303 -270.243
2304 -270.243
2305 -270.241
2306 -270.243
2307 -270.245
2308 -270.246
2309 -270.245
2310 -270.245
2311 -270.243
2312 -270.242
2313 -270.243
2314 -270.24
2315 -270.238
2316 -270.24
2317 -270.239
2318 -270.24
2319 -270.242
2320 -270.243
2321 -270.241
2322 -270.241
2323 -270.242
2324 -270.246
2325 -270.247
2326 -270.25
2327 -270.25
2328 -270.25
2329 -270.25
2330 -270.246
2331 -270.248
2332 -270.246
2333 -270.249
2334 -270.25
2335 -270.252
2336 -270.252
2337 -270.251
2338 -270.253
2339 -270.253
2340 -270.251
2341 -270.251
2342 -270.254
2343 -270.252
2344 -270.251
2345 -270.252
2346 -270.251
2347 -270.251
2348 -270.248
2349 -270.248
2350 -270.245
2351 -270.247
2352 -270.246
2353 -270.246
2354 -270.247
2355 -270.246
2356 -270.246
2357 -270.245
2358 -270.246
2359 -270.247
2360 -270.249
2361 -270.248
2362 -270.25
2363 -270.25
2364 -270.249
2365 -270.247
2366 -270.246
2367 -270.248
2368 -270.249
2369 -270.249
2370 -270.246
2371 -270.245
2372 -270.243
2373 -270.244
2374 -270.242
2375 -270.242
2376 -270.241
2377 -270.241
2378 -270.241
2379 -270.242
2380 -270.241
2381 -270.243
2382 -270.243
2383 -270.242
2384 -270.242
2385 -270.243
2386 -270.244
2387 -270.244
2388 -270.242
2389 -270.242
2390 -270.243
2391 -270.243
2392 -270.242
2393 -270.239
2394 -270.24
2395 -270.24
2396 -270.244
2397 -270.244
2398 -270.246
2399 -270.244
2400 -270.244
2401 -270.243
2402 -270.243
2403 -270.242
2404 -270.24
2405 -270.238
2406 -270.237
2407 -270.236
2408 -270.238
2409 -270.237
2410 -270.237
2411 -270.24
2412 -270.241
2413 -270.241
2414 -270.24
2415 -270.241
2416 -270.24
2417 -270.24
2418 -270.24
2419 -270.24
2420 -270.239
2421 -270.243
2422 -270.244
2423 -270.244
2424 -270.244
2425 -270.245
2426 -270.241
2427 -270.239
2428 -270.239
2429 -270.242
2430 -270.244
2431 -270.243
2432 -270.244
2433 -270.244
2434 -270.244
2435 -270.242
2436 -270.242
2437 -270.24
2438 -270.24
2439 -270.239
2440 -270.24
2441 -270.245
2442 -270.245
2443 -270.245
2444 -270.246
2445 -270.25
2446 -270.251
2447 -270.252
2448 -270.252
2449 -270.25
2450 -270.251
2451 -270.25
2452 -270.249
2453 -270.249
2454 -270.248
2455 -270.248
2456 -270.247
2457 -270.245
2458 -270.245
2459 -270.242
2460 -270.24
2461 -270.24
2462 -270.239
2463 -270.242
2464 -270.245
2465 -270.246
2466 -270.244
2467 -270.243
2468 -270.246
2469 -270.248
2470 -270.247
2471 -270.246
2472 -270.248
2473 -270.25
2474 -270.248
2475 -270.249
2476 -270.252
2477 -270.251
2478 -270.25
2479 -270.249
2480 -270.248
2481 -270.251
2482 -270.252
2483 -270.251
2484 -270.252
2485 -270.25
2486 -270.248
2487 -270.248
2488 -270.246
2489 -270.245
2490 -270.242
2491 -270.241
2492 -270.242
2493 -270.243
2494 -270.243
2495 -270.243
2496 -270.244
2497 -270.24
2498 -270.241
2499 -270.241
2500 -270.239
2501 -270.239
2502 -270.236
2503 -270.239
2504 -270.243
2505 -270.243
2506 -270.24
2507 -270.238
2508 -270.237
2509 -270.237
2510 -270.236
2511 -270.236
2512 -270.237
2513 -270.236
2514 -270.237
2515 -270.234
2516 -270.237
2517 -270.238
2518 -270.238
2519 -270.238
2520 -270.236
2521 -270.237
2522 -270.238
2523 -270.238
2524 -270.238
2525 -270.236
2526 -270.238
2527 -270.23
2528 -270.229
2529 -270.231
2530 -270.231
2531 -270.226
2532 -270.228
2533 -270.225
2534 -270.224
2535 -270.225
2536 -270.224
2537 -270.227
2538 -270.225
2539 -270.227
2540 -270.227
2541 -270.231
2542 -270.233
2543 -270.232
2544 -270.233
2545 -270.234
2546 -270.24
2547 -270.24
2548 -270.24
2549 -270.24
2550 -270.239
2551 -270.24
2552 -270.243
2553 -270.239
2554 -270.239
2555 -270.24
2556 -270.241
2557 -270.241
2558 -270.24
2559 -270.242
2560 -270.243
2561 -270.242
2562 -270.243
2563 -270.243
2564 -270.242
2565 -270.241
2566 -270.241
2567 -270.24
2568 -270.239
2569 -270.231
2570 -270.23
2571 -270.227
2572 -270.225
2573 -270.227
2574 -270.225
2575 -270.226
2576 -270.225
2577 -270.226
2578 -270.225
2579 -270.224
2580 -270.223
2581 -270.224
2582 -270.227
2583 -270.228
2584 -270.229
2585 -270.228
2586 -270.231
2587 -270.227
2588 -270.231
2589 -270.23
2590 -270.227
2591 -270.231
2592 -270.23
2593 -270.231
2594 -270.231
2595 -270.232
2596 -270.231
2597 -270.232
2598 -270.234
2599 -270.234
2600 -270.234
2601 -270.234
2602 -270.238
2603 -270.239
2604 -270.241
2605 -270.242
2606 -270.242
2607 -270.241
2608 -270.24
2609 -270.243
2610 -270.244
2611 -270.245
2612 -270.244
2613 -270.244
2614 -270.243
2615 -270.244
2616 -270.244
2617 -270.245
2618 -270.245
2619 -270.245
2620 -270.245
2621 -270.244
2622 -270.242
2623 -270.242
2624 -270.244
2625 -270.244
2626 -270.242
2627 -270.245
2628 -270.244
2629 -270.244
2630 -270.245
2631 -270.244
2632 -270.243
2633 -270.242
2634 -270.24
2635 -270.238
2636 -270.238
2637 -270.235
2638 -270.234
2639 -270.235
2640 -270.234
2641 -270.236
2642 -270.237
2643 -270.239
2644 -270.239
2645 -270.237
2646 -270.235
2647 -270.236
2648 -270.236
2649 -270.235
2650 -270.236
2651 -270.237
2652 -270.237
2653 -270.237
2654 -270.237
2655 -270.237
2656 -270.239
2657 -270.238
2658 -270.241
2659 -270.243
2660 -270.244
2661 -270.244
2662 -270.244
2663 -270.244
2664 -270.242
2665 -270.241
2666 -270.242
2667 -270.243
2668 -270.243
2669 -270.24
2670 -270.239
2671 -270.242
2672 -270.239
2673 -270.24
2674 -270.238
2675 -270.241
2676 -270.239
2677 -270.239
2678 -270.241
2679 -270.24
2680 -270.24
2681 -270.24
2682 -270.236
2683 -270.236
2684 -270.236
2685 -270.235
2686 -270.236
2687 -270.235
2688 -270.233
2689 -270.233
2690 -270.236
2691 -270.236
2692 -270.235
2693 -270.233
2694 -270.233
2695 -270.232
2696 -270.232
2697 -270.23
2698 -270.23
2699 -270.233
2700 -270.232
2701 -270.233
2702 -270.233
2703 -270.232
2704 -270.232
2705 -270.238
2706 -270.238
2707 -270.24
2708 -270.244
2709 -270.246
2710 -270.246
2711 -270.246
2712 -270.246
2713 -270.246
2714 -270.245
2715 -270.244
2716 -270.239
2717 -270.241
2718 -270.239
2719 -270.238
2720 -270.241
2721 -270.24
2722 -270.236
2723 -270.239
2724 -270.241
2725 -270.241
2726 -270.242
2727 -270.243
2728 -270.245
2729 -270.244
2730 -270.242
2731 -270.241
2732 -270.24
2733 -270.241
2734 -270.241
2735 -270.242
2736 -270.242
2737 -270.242
2738 -270.243
2739 -270.241
2740 -270.243
2741 -270.242
2742 -270.243
2743 -270.245
2744 -270.248
2745 -270.246
2746 -270.245
2747 -270.247
2748 -270.247
2749 -270.248
2750 -270.245
2751 -270.244
2752 -270.241
2753 -270.242
2754 -270.243
2755 -270.24
2756 -270.242
2757 -270.239
2758 -270.238
2759 -270.239
2760 -270.24
2761 -270.239
2762 -270.238
2763 -270.238
2764 -270.237
2765 -270.238
2766 -270.239
2767 -270.242
2768 -270.241
2769 -270.241
2770 -270.24
2771 -270.241
2772 -270.239
2773 -270.24
2774 -270.238
2775 -270.237
2776 -270.238
2777 -270.24
2778 -270.239
2779 -270.238
2780 -270.238
2781 -270.24
2782 -270.242
2783 -270.247
2784 -270.246
2785 -270.244
2786 -270.246
2787 -270.246
2788 -270.244
2789 -270.243
2790 -270.24
2791 -270.244
2792 -270.243
2793 -270.243
2794 -270.244
2795 -270.245
2796 -270.245
2797 -270.242
2798 -270.242
2799 -270.242
2800 -270.242
2801 -270.242
2802 -270.242
2803 -270.241
2804 -270.242
2805 -270.239
2806 -270.243
2807 -270.242
2808 -270.243
2809 -270.243
2810 -270.239
2811 -270.242
2812 -270.241
2813 -270.241
2814 -270.241
2815 -270.239
2816 -270.239
2817 -270.24
2818 -270.24
2819 -270.24
2820 -270.241
2821 -270.238
2822 -270.243
2823 -270.241
2824 -270.241
2825 -270.242
2826 -270.244
2827 -270.245
2828 -270.244
2829 -270.245
2830 -270.244
2831 -270.241
2832 -270.241
2833 -270.241
2834 -270.241
2835 -270.239
2836 -270.24
2837 -270.236
2838 -270.236
2839 -270.235
2840 -270.236
2841 -270.238
2842 -270.235
2843 -270.235
2844 -270.234
2845 -270.234
2846 -270.233
2847 -270.235
2848 -270.235
2849 -270.236
2850 -270.235
2851 -270.234
2852 -270.234
2853 -270.235
2854 -270.236
2855 -270.235
2856 -270.234
2857 -270.234
2858 -270.234
2859 -270.234
2860 -270.231
2861 -270.229
2862 -270.229
2863 -270.228
2864 -270.229
2865 -270.226
2866 -270.225
2867 -270.227
2868 -270.23
2869 -270.23
2870 -270.228
2871 -270.231
2872 -270.232
2873 -270.234
2874 -270.234
2875 -270.234
2876 -270.236
2877 -270.234
2878 -270.233
2879 -270.229
2880 -270.229
2881 -270.231
2882 -270.23
2883 -270.232
2884 -270.233
2885 -270.235
2886 -270.232
2887 -270.232
2888 -270.232
2889 -270.235
2890 -270.232
2891 -270.231
2892 -270.23
2893 -270.231
2894 -270.235
2895 -270.233
2896 -270.229
2897 -270.229
2898 -270.229
2899 -270.232
2900 -270.233
2901 -270.232
2902 -270.236
2903 -270.238
2904 -270.239
2905 -270.242
2906 -270.241
2907 -270.241
2908 -270.239
2909 -270.239
2910 -270.239
2911 -270.237
2912 -270.238
2913 -270.237
2914 -270.239
2915 -270.24
2916 -270.238
2917 -270.237
2918 -270.237
2919 -270.236
2920 -270.24
2921 -270.24
2922 -270.238
2923 -270.236
2924 -270.233
2925 -270.236
2926 -270.236
2927 -270.239
2928 -270.238
2929 -270.236
2930 -270.238
2931 -270.238
2932 -270.239
2933 -270.24
2934 -270.238
2935 -270.237
2936 -270.239
2937 -270.239
2938 -270.239
2939 -270.24
2940 -270.237
2941 -270.236
2942 -270.235
2943 -270.235
2944 -270.234
2945 -270.234
2946 -270.234
2947 -270.234
2948 -270.234
2949 -270.234
2950 -270.234
2951 -270.235
2952 -270.234
2953 -270.234
2954 -270.235
2955 -270.235
2956 -270.233
2957 -270.232
2958 -270.231
2959 -270.233
2960 -270.233
2961 -270.234
2962 -270.234
2963 -270.235
2964 -270.238
2965 -270.239
2966 -270.24
2967 -270.24
2968 -270.239
2969 -270.241
2970 -270.239
2971 -270.24
2972 -270.243
2973 -270.243
2974 -270.244
2975 -270.243
2976 -270.242
2977 -270.243
2978 -270.239
2979 -270.239
2980 -270.236
2981 -270.235
2982 -270.236
2983 -270.238
2984 -270.238
2985 -270.239
2986 -270.24
2987 -270.239
2988 -270.238
2989 -270.24
2990 -270.241
2991 -270.241
2992 -270.241
2993 -270.238
2994 -270.239
2995 -270.239
2996 -270.244
2997 -270.244
2998 -270.244
2999 -270.241
3000 -270.238
