1 -269.484
2 -269.551
3 -269.603
4 -269.598
5 -269.634
6 -269.636
7 -269.648
8 -269.67
9 -269.693
10 -269.736
11 -269.788
12 -269.782
13 -269.783
14 -269.805
15 -269.806
16 -269.82
17 -269.834
18 -269.844
19 -269.845
20 -269.844
21 -269.859
22 -269.886
23 -269.904
24 -269.895
25 -269.904
26 -269.892
27 -269.907
28 -269.912
29 -269.935
30 -269.939
31 -269.953
32 -269.958
33 -269.962
34 -269.944
35 -269.944
36 -269.94
37 -269.967
38 -269.989
39 -269.964
40 -269.975
41 -269.984
42 -269.999
43 -269.995
44 -269.998
45 -270.012
46 -270.011
47 -270.006
48 -270.013
49 -270.009
50 -270.02
51 -270.027
52 -270.021
53 -270.034
54 -270.019
55 -270.033
56 -270.033
57 -270.023
58 -270.019
59 -270.019
60 -270.015
61 -270.006
62 -270.022
63 -270.015
64 -270.017
65 -270.014
66 -270.011
67 -270.029
68 -270.037
69 -270.032
70 -270.039
71 -270.034
72 -270.041
73 -270.037
74 -270.043
75 -270.047
76 -270.052
77 -270.051
78 -270.056
79 -270.045
80 -270.042
81 -270.047
82 -270.05
83 -270.044
84 -270.059
85 -270.059
86 -270.052
87 -270.027
88 -270.011
89 -270.004
90 -270.005
91 -270.024
92 -270.016
93 -270.018
94 -270.022
95 -270.027
96 -270.011
97 -270.015
98 -270.019
99 -270.018
100 -270.013
101 -270.018
102 -270.022
103 -270.024
104 -270.026
105 -270.039
106 -270.033
107 -270.045
108 -270.031
109 -270.019
110 -270.033
111 -270.029
112 -270.036
113 -270.045
114 -270.056
115 -270.053
116 -270.062
117 -270.068
118 -270.068
119 -270.07
120 -270.087
121 -270.088
122 -270.09
123 -270.08
124 -270.077
125 -270.079
126 -270.066
127 -270.079
128 -270.081
129 -270.083
130 -270.078
131 -270.084
132 -270.087
133 -270.084
134 -270.078
135 -270.075
136 -270.062
137 -270.059
138 -270.04
139 -270.037
140 -270.013
141 -270.026
142 -270.007
143 -270.009
144 -270.026
145 -270.025
146 -270.029
147 -270.032
148 -270.035
149 -270.041
150 -270.033
151 -270.029
152 -270.04
153 -270.043
154 -270.037
155 -270.048
156 -270.035
157 -270.032
158 -270.018
159 -270.023
160 -270.02
161 -270.018
162 -270.03
163 -270.029
164 -270.011
165 -270.005
166 -269.998
167 -269.983
168 -269.976
169 -269.978
170 -269.989
171 -270.004
172 -270.011
173 -270.014
174 -270.012
175 -270
176 -269.997
177 -270.01
178 -270.003
179 -269.996
180 -269.998
181 -270.017
182 -270.025
183 -270.034
184 -270.026
185 -270.025
186 -270.019
187 -270.035
188 -270.039
189 -270.047
190 -270.027
191 -270.029
192 -270.046
193 -270.065
194 -270.074
195 -270.084
196 -270.087
197 -270.088
198 -270.084
199 -270.069
200 -270.06
201 -270.051
202 -270.036
203 -270.026
204 -270.027
205 -270.031
206 -270.055
207 -270.054
208 -270.06
209 -270.061
210 -270.053
211 -270.048
212 -270.048
213 -270.054
214 -270.074
215 -270.086
216 -270.087
217 -270.079
218 -270.081
219 -270.081
220 -270.096
221 -270.084
222 -270.075
223 -270.071
224 -270.081
225 -270.085
226 -270.063
227 -270.072
228 -270.085
229 -270.09
230 -270.084
231 -270.075
232 -270.087
233 -270.083
234 -270.09
235 -270.096
236 -270.087
237 -270.08
238 -270.079
239 -270.078
240 -270.079
241 -270.075
242 -270.065
243 -270.067
244 -270.068
245 -270.081
246 -270.074
247 -270.068
248 -270.065
249 -270.07
250 -270.069
251 -270.057
252 -270.052
253 -270.039
254 -270.043
255 -270.042
256 -270.031
257 -270.021
258 -270.036
259 -270.034
260 -270.021
261 -270.031
262 -270.012
263 -270.019
264 -270.022
265 -270.017
266 -270.03
267 -270.013
268 -270.001
269 -270.008
270 -270.015
271 -270.026
272 -270.025
273 -270.024
274 -270.027
275 -270.022
276 -270.043
277 -270.035
278 -270.056
279 -270.054
280 -270.036
281 -270.041
282 -270.041
283 -270.053
284 -270.067
285 -270.066
286 -270.078
287 -270.069
288 -270.073
289 -270.064
290 -270.074
291 -270.033
292 -270.024
293 -270.019
294 -270.028
295 -270.041
296 -270.059
297 -270.026
298 -270.026
299 -270.036
300 -270.024
301 -270.022
302 -270.036
303 -270.025
304 -270.039
305 -270.045
306 -270.047
307 -270.059
308 -270.075
309 -270.061
310 -270.054
311 -270.056
312 -270.049
313 -270.056
314 -270.066
315 -270.049
316 -270.042
317 -270.043
318 -270.036
319 -270.053
320 -270.062
321 -270.06
322 -270.057
323 -270.067
324 -270.06
325 -270.047
326 -270.05
327 -270.045
328 -270.032
329 -270.025
330 -270.015
331 -270.019
332 -270.007
333 -270.006
334 -270.032
335 -270.026
336 -270.036
337 -270.024
338 -270.024
339 -270.031
340 -270.026
341 -270.023
342 -270.024
343 -270.022
344 -270.01
345 -270.016
346 -270.021
347 -270.036
348 -270.06
349 -270.052
350 -270.053
351 -270.065
352 -270.053
353 -270.049
354 -270.056
355 -270.032
356 -270.062
357 -270.051
358 -270.045
359 -270.044
360 -270.043
361 -270.069
362 -270.048
363 -270.057
364 -270.068
365 -270.065
366 -270.076
367 -270.075
368 -270.072
369 -270.078
370 -270.06
371 -270.038
372 -270.027
373 -270.018
374 -270.017
375 -270.024
376 -270.028
377 -270.025
378 -270.032
379 -270.037
380 -270.039
381 -270.036
382 -270.032
383 -270.032
384 -270.034
385 -270.046
386 -270.047
387 -270.043
388 -270.057
389 -270.045
390 -270.053
391 -270.032
392 -270.034
393 -270.042
394 -270.014
395 -270.023
396 -270.019
397 -270.021
398 -270.004
399 -270.019
400 -270.021
401 -270.029
402 -270.027
403 -270.049
404 -270.055
405 -270.059
406 -270.068
407 -270.072
408 -270.064
409 -270.033
410 -270.045
411 -270.048
412 -270.056
413 -270.057
414 -270.071
415 -270.089
416 -270.077
417 -270.07
418 -270.073
419 -270.071
420 -270.096
421 -270.101
422 -270.096
423 -270.085
424 -270.079
425 -270.087
426 -270.078
427 -270.082
428 -270.055
429 -270.049
430 -270.043
431 -270.029
432 -270.048
433 -270.058
434 -270.054
435 -270.046
436 -270.046
437 -270.049
438 -270.047
439 -270.045
440 -270.034
441 -270.022
442 -270.026
443 -270.031
444 -270.044
445 -270.035
446 -270.031
447 -270.041
448 -270.045
449 -270.049
450 -270.052
451 -270.051
452 -270.048
453 -270.036
454 -270.039
455 -270.043
456 -270.046
457 -270.053
458 -270.06
459 -270.057
460 -270.054
461 -270.059
462 -270.05
463 -270.038
464 -270.031
465 -270.037
466 -270.034
467 -270.04
468 -270.049
469 -270.038
470 -270.041
471 -270.051
472 -270.041
473 -270.068
474 -270.077
475 -270.075
476 -270.088
477 -270.084
478 -270.08
479 -270.074
480 -270.069
481 -270.076
482 -270.088
483 -270.085
484 -270.083
485 -270.077
486 -270.057
487 -270.048
488 -270.059
489 -270.076
490 -270.07
491 -270.072
492 -270.072
493 -270.072
494 -270.066
495 -270.059
496 -270.05
497 -270.061
498 -270.065
499 -270.066
500 -270.07
501 -270.065
502 -270.059
503 -270.056
504 -270.052
505 -270.065
506 -270.063
507 -270.059
508 -270.061
509 -270.071
510 -270.056
511 -270.035
512 -270.05
513 -270.056
514 -270.045
515 -270.04
516 -270.045
517 -270.042
518 -270.031
519 -270.023
520 -270.018
521 -270.045
522 -270.027
523 -270.034
524 -270.012
525 -270.009
526 -270.045
527 -270.036
528 -270.03
529 -270.035
530 -270.042
531 -270.044
532 -270.058
533 -270.056
534 -270.054
535 -270.026
536 -270.026
537 -270.025
538 -270.013
539 -270.037
540 -270.043
541 -270.039
542 -270.031
543 -270.041
544 -270.049
545 -270.042
546 -270.051
547 -270.056
548 -270.074
549 -270.067
550 -270.043
551 -270.054
552 -270.063
553 -270.049
554 -270.058
555 -270.061
556 -270.057
557 -270.061
558 -270.06
559 -270.06
560 -270.076
561 -270.066
562 -270.07
563 -270.062
564 -270.06
565 -270.044
566 -270.04
567 -270.03
568 -270.017
569 -270.016
570 -270.029
571 -270.031
572 -270.026
573 -270.031
574 -270.033
575 -270.033
576 -270.033
577 -270.043
578 -270.051
579 -270.055
580 -270.045
581 -270.048
582 -270.038
583 -270.029
584 -269.989
585 -269.979
586 -270.001
587 -270.006
588 -270.012
589 -270.017
590 -270.017
591 -270.001
592 -269.989
593 -269.985
594 -269.996
595 -269.993
596 -270.024
597 -270.035
598 -270.041
599 -270.053
600 -270.064
601 -270.048
602 -270.038
603 -270.024
604 -270.031
605 -270.015
606 -270.028
607 -270.038
608 -270.029
609 -270.025
610 -270.045
611 -270.049
612 -270.045
613 -270.049
614 -270.048
615 -270.03
616 -270.031
617 -270.036
618 -270.031
619 -270.033
620 -270.038
621 -270.026
622 -270.029
623 -270.011
624 -269.999
625 -270.022
626 -270.023
627 -270.028
628 -270.029
629 -270.039
630 -270.041
631 -270.033
632 -270.038
633 -270.025
634 -270.026
635 -270.033
636 -270.031
637 -270.04
638 -270.026
639 -270.021
640 -270.021
641 -270.049
642 -270.064
643 -270.054
644 -270.057
645 -270.05
646 -270.047
647 -270.045
648 -270.055
649 -270.057
650 -270.059
651 -270.05
652 -270.053
653 -270.044
654 -270.036
655 -270.034
656 -270.017
657 -270.028
658 -270.032
659 -270.029
660 -270.029
661 -270.032
662 -270.027
663 -270.021
664 -270.022
665 -270.047
666 -270.047
667 -270.048
668 -270.049
669 -270.048
670 -270.052
671 -270.044
672 -270.048
673 -270.047
674 -270.048
675 -270.051
676 -270.051
677 -270.044
678 -270.027
679 -270.021
680 -270.03
681 -270.025
682 -270.028
683 -270.026
684 -270.033
685 -270.029
686 -270.033
687 -270.033
688 -270.029
689 -270.029
690 -270.035
691 -270.051
692 -270.051
693 -270.065
694 -270.061
695 -270.05
696 -270.057
697 -270.066
698 -270.055
699 -270.05
700 -270.061
701 -270.058
702 -270.053
703 -270.031
704 -270.044
705 -270.047
706 -270.04
707 -270.046
708 -270.055
709 -270.042
710 -270.036
711 -270.044
712 -270.047
713 -270.041
714 -270.035
715 -270.033
716 -270.045
717 -270.021
718 -270.019
719 -270.006
720 -270.014
721 -270.012
722 -270.014
723 -270.023
724 -270.02
725 -270.036
726 -270.037
727 -270.021
728 -270.024
729 -270.014
730 -270.029
731 -269.999
732 -269.999
733 -270.006
734 -270.014
735 -270.012
736 -270.021
737 -270.031
738 -270.036
739 -270.043
740 -270.061
741 -270.062
742 -270.066
743 -270.037
744 -270.047
745 -270.037
746 -270.046
747 -270.046
748 -270.07
749 -270.071
750 -270.077
751 -270.067
752 -270.08
753 -270.072
754 -270.07
755 -270.058
756 -270.053
757 -270.048
758 -270.057
759 -270.074
760 -270.061
761 -270.05
762 -270.048
763 -270.05
764 -270.059
765 -270.056
766 -270.056
767 -270.065
768 -270.06
769 -270.054
770 -270.039
771 -270.05
772 -270.049
773 -270.035
774 -270.036
775 -270.018
776 -270.017
777 -270.01
778 -270.014
779 -270.001
780 -270.014
781 -270.033
782 -270.041
783 -270.034
784 -270.038
785 -270.047
786 -270.045
787 -270.055
788 -270.056
789 -270.047
790 -270.05
791 -270.058
792 -270.067
793 -270.074
794 -270.082
795 -270.076
796 -270.073
797 -270.07
798 -270.072
799 -270.064
800 -270.075
801 -270.061
802 -270.062
803 -270.052
804 -270.065
805 -270.078
806 -270.071
807 -270.062
808 -270.054
809 -270.04
810 -270.056
811 -270.074
812 -270.075
813 -270.065
814 -270.069
815 -270.068
816 -270.068
817 -270.071
818 -270.065
819 -270.068
820 -270.068
821 -270.06
822 -270.061
823 -270.064
824 -270.059
825 -270.062
826 -270.073
827 -270.08
828 -270.076
829 -270.077
830 -270.066
831 -270.063
832 -270.051
833 -270.041
834 -270.021
835 -270.028
836 -270.048
837 -270.062
838 -270.063
839 -270.059
840 -270.076
841 -270.073
842 -270.065
843 -270.079
844 -270.087
845 -270.071
846 -270.08
847 -270.103
848 -270.117
849 -270.114
850 -270.116
851 -270.108
852 -270.113
853 -270.116
854 -270.098
855 -270.101
856 -270.095
857 -270.098
858 -270.11
859 -270.099
860 -270.095
861 -270.102
862 -270.089
863 -270.084
864 -270.071
865 -270.073
866 -270.074
867 -270.052
868 -270.057
869 -270.044
870 -270.053
871 -270.056
872 -270.052
873 -270.064
874 -270.069
875 -270.081
876 -270.07
877 -270.075
878 -270.065
879 -270.049
880 -270.037
881 -270.035
882 -270.029
883 -270.037
884 -270.044
885 -270.03
886 -270.031
887 -270.024
888 -270.026
889 -270.048
890 -270.05
891 -270.062
892 -270.057
893 -270.054
894 -270.069
895 -270.048
896 -270.038
897 -270.045
898 -270.058
899 -270.061
900 -270.053
901 -270.06
902 -270.059
903 -270.059
904 -270.068
905 -270.065
906 -270.044
907 -270.05
908 -270.059
909 -270.061
910 -270.063
911 -270.062
912 -270.08
913 -270.104
914 -270.104
915 -270.091
916 -270.079
917 -270.077
918 -270.064
919 -270.068
920 -270.054
921 -270.054
922 -270.05
923 -270.05
924 -270.049
925 -270.074
926 -270.086
927 -270.091
928 -270.09
929 -270.091
930 -270.078
931 -270.091
932 -270.089
933 -270.079
934 -270.072
935 -270.065
936 -270.07
937 -270.063
938 -270.063
939 -270.052
940 -270.068
941 -270.087
942 -270.088
943 -270.09
944 -270.097
945 -270.101
946 -270.09
947 -270.093
948 -270.084
949 -270.083
950 -270.082
951 -270.065
952 -270.051
953 -270.036
954 -270.04
955 -270.052
956 -270.057
957 -270.054
958 -270.066
959 -270.075
960 -270.079
961 -270.078
962 -270.08
963 -270.069
964 -270.073
965 -270.068
966 -270.053
967 -270.049
968 -270.03
969 -270.034
970 -270.039
971 -270.035
972 -270.036
973 -270.05
974 -270.076
975 -270.072
976 -270.063
977 -270.06
978 -270.059
979 -270.06
980 -270.07
981 -270.059
982 -270.041
983 -270.048
984 -270.038
985 -270.039
986 -270.035
987 -270.035
988 -270.05
989 -270.07
990 -270.075
991 -270.068
992 -270.08
993 -270.073
994 -270.075
995 -270.088
996 -270.081
997 -270.075
998 -270.077
999 -270.081
1000 -270.076
1001 -270.064
1002 -270.061
1003 -270.057
1004 -270.057
1005 -270.072
1006 -270.072
1007 -270.078
1008 -270.061
1009 -270.07
1010 -270.08
1011 -270.08
1012 -270.087
1013 -270.094
1014 -270.088
1015 -270.076
1016 -270.085
1017 -270.084
1018 -270.078
1019 -270.079
1020 -270.073
1021 -270.071
1022 -270.074
1023 -270.07
1024 -270.075
1025 -270.08
1026 -270.076
1027 -270.069
1028 -270.074
1029 -270.067
1030 -270.066
1031 -270.052
1032 -270.062
1033 -270.056
1034 -270.052
1035 -270.07
1036 -270.068
1037 -270.068
1038 -270.069
1039 -270.087
1040 -270.078
1041 -270.068
1042 -270.085
1043 -270.077
1044 -270.061
1045 -270.049
1046 -270.061
1047 -270.065
1048 -270.052
1049 -270.061
1050 -270.071
1051 -270.082
1052 -270.084
1053 -270.075
1054 -270.074
1055 -270.071
1056 -270.05
1057 -270.051
1058 -270.055
1059 -270.048
1060 -270.035
1061 -270.018
1062 -270.035
1063 -270.016
1064 -270.038
1065 -270.046
1066 -270.022
1067 -270.009
1068 -270.022
1069 -270.043
1070 -270.043
1071 -270.051
1072 -270.046
1073 -270.051
1074 -270.052
1075 -270.059
1076 -270.032
1077 -270.036
1078 -270.061
1079 -270.046
1080 -270.043
1081 -270.043
1082 -270.043
1083 -270.032
1084 -270.031
1085 -270.034
1086 -270.032
1087 -270.034
1088 -270.056
1089 -270.065
1090 -270.063
1091 -270.076
1092 -270.073
1093 -270.059
1094 -270.046
1095 -270.038
1096 -270.033
1097 -270.006
1098 -270.005
1099 -269.993
1100 -270.007
1101 -269.997
1102 -270.011
1103 -270.031
1104 -270.04
1105 -270.049
1106 -270.066
1107 -270.062
1108 -270.048
1109 -270.031
1110 -270.018
1111 -270.032
1112 -270.036
1113 -270.028
1114 -270.037
1115 -270.037
1116 -270.038
1117 -270.045
1118 -270.057
1119 -270.066
1120 -270.071
1121 -270.063
1122 -270.05
1123 -270.051
1124 -270.06
1125 -270.073
1126 -270.063
1127 -270.045
1128 -270.034
1129 -270.051
1130 -270.044
1131 -270.042
1132 -270.049
1133 -270.05
1134 -270.064
1135 -270.067
1136 -270.058
1137 -270.025
1138 -270.031
1139 -270.035
1140 -270.039
1141 -270.043
1142 -270.016
1143 -270.021
1144 -270.01
1145 -270.015
1146 -270.024
1147 -270.025
1148 -270.025
1149 -270.023
1150 -270.013
1151 -270.011
1152 -270.018
1153 -270.013
1154 -270.018
1155 -270.018
1156 -270.011
1157 -270.003
1158 -269.992
1159 -270.011
1160 -270.019
1161 -270.016
1162 -270.007
1163 -269.999
1164 -269.967
1165 -269.961
1166 -269.96
1167 -269.974
1168 -269.976
1169 -269.965
1170 -269.97
1171 -269.969
1172 -269.971
1173 -269.993
1174 -269.972
1175 -269.995
1176 -269.994
1177 -269.986
1178 -270.001
1179 -270.027
1180 -270.002
1181 -270.007
1182 -270.013
1183 -270.018
1184 -270.046
1185 -270.034
1186 -270.041
1187 -270.036
1188 -270.025
1189 -270.041
1190 -270.043
1191 -270.057
1192 -270.053
1193 -270.04
1194 -270.056
1195 -270.055
1196 -270.067
1197 -270.077
1198 -270.069
1199 -270.051
1200 -270.055
1201 -270.053
1202 -270.05
1203 -270.043
1204 -270.045
1205 -270.05
1206 -270.059
1207 -270.057
1208 -270.035
1209 -270.049
1210 -270.056
1211 -270.06
1212 -270.05
1213 -270.038
1214 -270.042
1215 -270.039
1216 -270.045
1217 -270.037
1218 -270.052
1219 -270.029
1220 -270.024
1221 -270.022
1222 -270.026
1223 -270.041
1224 -270.048
1225 -270.053
1226 -270.043
1227 -270.051
1228 -270.036
1229 -270.046
1230 -270.062
1231 -270.058
1232 -270.066
1233 -270.064
1234 -270.066
1235 -270.06
1236 -270.064
1237 -270.092
1238 -270.094
1239 -270.1
1240 -270.095
1241 -270.095
1242 -270.094
1243 -270.089
1244 -270.086
1245 -270.073
1246 -270.073
1247 -270.08
1248 -270.09
1249 -270.094
1250 -270.09
1251 -270.097
1252 -270.092
1253 -270.077
1254 -270.089
1255 -270.086
1256 -270.069
1257 -270.053
1258 -270.055
1259 -270.04
1260 -270.028
1261 -270.03
1262 -270.052
1263 -270.04
1264 -270.043
1265 -270.057
1266 -270.058
1267 -270.055
1268 -270.04
1269 -270.053
1270 -270.053
1271 -270.057
1272 -270.058
1273 -270.055
1274 -270.057
1275 -270.071
1276 -270.084
1277 -270.073
1278 -270.08
1279 -270.093
1280 -270.078
1281 -270.069
1282 -270.085
1283 -270.081
1284 -270.082
1285 -270.076
1286 -270.087
1287 -270.079
1288 -270.082
1289 -270.079
1290 -270.082
1291 -270.072
1292 -270.085
1293 -270.062
1294 -270.06
1295 -270.051
1296 -270.032
1297 -270.046
1298 -270.07
1299 -270.06
1300 -270.061
1301 -270.052
1302 -270.056
1303 -270.057
1304 -270.056
1305 -270.069
1306 -270.069
1307 -270.056
1308 -270.051
1309 -270.073
1310 -270.062
1311 -270.051
1312 -270.066
1313 -270.051
1314 -270.059
1315 -270.049
1316 -270.056
1317 -270.065
1318 -270.067
1319 -270.049
1320 -270.05
1321 -270.056
1322 -270.07
1323 -270.065
1324 -270.061
1325 -270.066
1326 -270.042
1327 -270.061
1328 -270.071
1329 -270.075
1330 -270.056
1331 -270.045
1332 -270.063
1333 -270.067
1334 -270.075
1335 -270.068
1336 -270.072
1337 -270.07
1338 -270.047
1339 -270.043
1340 -270.037
1341 -270.032
1342 -270.022
1343 -270.013
1344 -270.002
1345 -270
1346 -269.992
1347 -269.998
1348 -270.005
1349 -270.006
1350 -270.002
1351 -269.998
1352 -270.014
1353 -270.023
1354 -270.027
1355 -270.033
1356 -270.043
1357 -270.023
1358 -270.029
1359 -270.027
1360 -270.01
1361 -270.02
1362 -270.004
1363 -270.004
1364 -270.018
1365 -270.031
1366 -270.045
1367 -270.037
1368 -270.036
1369 -270.028
1370 -270.028
1371 -270.023
1372 -270.034
1373 -270.036
1374 -270.05
1375 -270.036
1376 -270.008
1377 -270.016
1378 -270.032
1379 -270.039
1380 -270.035
1381 -270.04
1382 -270.024
1383 -270.024
1384 -270.037
1385 -270.041
1386 -270.039
1387 -270.047
1388 -270.034
1389 -270.026
1390 -270.029
1391 -270.024
1392 -270.023
1393 -270.024
1394 -270.033
1395 -270.03
1396 -270.021
1397 -270.026
1398 -270.027
1399 -270.034
1400 -270.018
1401 -270.011
1402 -270.003
1403 -270.003
1404 -270.015
1405 -270.018
1406 -270.013
1407 -270.015
1408 -270.009
1409 -270.036
1410 -270.041
1411 -270.04
1412 -270.006
1413 -270.024
1414 -270.017
1415 -270.021
1416 -270.028
1417 -270.018
1418 -270.025
1419 -270.014
1420 -270.006
1421 -270.012
1422 -270.028
1423 -270.037
1424 -270.039
1425 -270.049
1426 -270.05
1427 -270.044
1428 -270.043
1429 -270.038
1430 -270.029
1431 -270.021
1432 -270.024
1433 -270.031
1434 -270.044
1435 -270.042
1436 -270.053
1437 -270.046
1438 -270.036
1439 -270.041
1440 -270.045
1441 -270.045
1442 -270.048
1443 -270.05
1444 -270.055
1445 -270.042
1446 -270.038
1447 -270.055
1448 -270.052
1449 -270.038
1450 -270.038
1451 -270.042
1452 -270.037
1453 -270.036
1454 -270.033
1455 -270.042
1456 -270.055
1457 -270.06
1458 -270.078
1459 -270.062
1460 -270.077
1461 -270.067
1462 -270.064
1463 -270.078
1464 -270.078
1465 -270.074
1466 -270.064
1467 -270.077
1468 -270.071
1469 -270.065
1470 -270.063
1471 -270.059
1472 -270.054
1473 -270.037
1474 -270.036
1475 -270.045
1476 -270.058
1477 -270.051
1478 -270.047
1479 -270.047
1480 -270.028
1481 -270.025
1482 -270.016
1483 -270.019
1484 -270.028
1485 -270.031
1486 -270.029
1487 -270.038
1488 -270.02
1489 -270.028
1490 -270.038
1491 -270.035
1492 -270.029
1493 -270.021
1494 -270.032
1495 -270.039
1496 -270.038
1497 -270.042
1498 -270.053
1499 -270.048
1500 -270.059
1501 -270.051
1502 -270.042
1503 -270.015
1504 -270.026
1505 -270.031
1506 -270.048
1507 -270.062
1508 -270.036
1509 -270.033
1510 -270.026
1511 -270.047
1512 -270.031
1513 -270.04
1514 -270.044
1515 -270.041
1516 -270.03
1517 -270.017
1518 -270.03
1519 -270.035
1520 -270.043
1521 -270.042
1522 -270.046
1523 -270.057
1524 -270.047
1525 -270.039
1526 -270.049
1527 -270.053
1528 -270.064
1529 -270.064
1530 -270.077
1531 -270.084
1532 -270.1
1533 -270.095
1534 -270.081
1535 -270.084
1536 -270.077
1537 -270.068
1538 -270.066
1539 -270.081
1540 -270.083
1541 -270.08
1542 -270.081
1543 -270.081
1544 -270.07
1545 -270.059
1546 -270.043
1547 -270.019
1548 -270.035
1549 -270.063
1550 -270.062
1551 -270.055
1552 -270.048
1553 -270.03
1554 -270.023
1555 -270.023
1556 -270.034
1557 -270.04
1558 -270.035
1559 -270.051
1560 -270.058
1561 -270.068
1562 -270.078
1563 -270.083
1564 -270.11
1565 -270.111
1566 -270.111
1567 -270.105
1568 -270.111
1569 -270.11
1570 -270.115
1571 -270.105
1572 -270.094
1573 -270.096
1574 -270.084
1575 -270.095
1576 -270.118
1577 -270.099
1578 -270.094
1579 -270.087
1580 -270.086
1581 -270.096
1582 -270.105
1583 -270.107
1584 -270.103
1585 -270.094
1586 -270.103
1587 -270.102
1588 -270.111
1589 -270.112
1590 -270.111
1591 -270.114
1592 -270.117
1593 -270.104
1594 -270.083
1595 -270.084
1596 -270.079
1597 -270.069
1598 -270.061
1599 -270.039
1600 -270.043
1601 -270.04
1602 -270.051
1603 -270.067
1604 -270.065
1605 -270.065
1606 -270.062
1607 -270.065
1608 -270.059
1609 -270.064
1610 -270.056
1611 -270.053
1612 -270.073
1613 -270.07
1614 -270.059
1615 -270.057
1616 -270.046
1617 -270.043
1618 -270.024
1619 -270.012
1620 -270.032
1621 -270.022
1622 -270.034
1623 -270.047
1624 -270.047
1625 -270.044
1626 -270.046
1627 -270.033
1628 -270.026
1629 -270.01
1630 -270.012
1631 -270.007
1632 -270.006
1633 -270.023
1634 -270.041
1635 -270.048
1636 -270.045
1637 -270.061
1638 -270.075
1639 -270.067
1640 -270.07
1641 -270.062
1642 -270.05
1643 -270.052
1644 -270.057
1645 -270.048
1646 -270.053
1647 -270.047
1648 -270.065
1649 -270.063
1650 -270.064
1651 -270.056
1652 -270.073
1653 -270.069
1654 -270.071
1655 -270.058
1656 -270.057
1657 -270.052
1658 -270.036
1659 -270.052
1660 -270.056
1661 -270.08
1662 -270.086
1663 -270.1
1664 -270.092
1665 -270.103
1666 -270.096
1667 -270.092
1668 -270.084
1669 -270.08
1670 -270.085
1671 -270.084
1672 -270.074
1673 -270.072
1674 -270.079
1675 -270.068
1676 -270.075
1677 -270.06
1678 -270.05
1679 -270.068
1680 -270.083
1681 -269.937
1682 -269.938
1683 -269.984
1684 -269.99
1685 -269.998
1686 -270.02
1687 -270.036
1688 -270.032
1689 -270.037
1690 -270.035
1691 -270.049
1692 -270.059
1693 -270.05
1694 -270.055
1695 -270.054
1696 -270.053
1697 -270.058
1698 -270.062
1699 -270.062
1700 -270.088
1701 -270.085
1702 -270.073
1703 -270.056
1704 -270.073
1705 -270.054
1706 -270.058
1707 -270.052
1708 -270.054
1709 -270.063
1710 -270.045
1711 -270.046
1712 -270.049
1713 -270.05
1714 -270.049
1715 -270.053
1716 -270.056
1717 -270.06
1718 -270.061
1719 -270.05
1720 -270.033
1721 -270.043
1722 -270.044
1723 -270.044
1724 -269.967
1725 -269.972
1726 -269.962
1727 -269.959
1728 -269.961
1729 -269.954
1730 -269.955
1731 -269.959
1732 -269.967
1733 -269.981
1734 -269.993
1735 -269.981
1736 -269.984
1737 -270.019
1738 -270.05
1739 -270.057
1740 -270.06
1741 -270.065
1742 -270.051
1743 -270.03
1744 -270.031
1745 -270.037
1746 -270.053
1747 -270.058
1748 -270.048
1749 -270.059
1750 -270.05
1751 -270.054
1752 -270.055
1753 -270.081
1754 -270.073
1755 -270.076
1756 -270.082
1757 -270.085
1758 -270.082
1759 -270.08
1760 -270.083
1761 -270.079
1762 -270.076
1763 -270.064
1764 -270.064
1765 -270.053
1766 -270.059
1767 -270.05
1768 -270.06
1769 -270.074
1770 -270.064
1771 -270.062
1772 -270.054
1773 -270.035
1774 -270.03
1775 -270.032
1776 -270.041
1777 -270.039
1778 -270.046
1779 -270.045
1780 -270.052
1781 -270.056
1782 -270.053
1783 -270.064
1784 -270.051
1785 -270.058
1786 -270.057
1787 -270.066
1788 -270.044
1789 -270.056
1790 -270.058
1791 -270.048
1792 -270.035
1793 -270.053
1794 -270.051
1795 -270.052
1796 -270.05
1797 -270.062
1798 -270.071
1799 -270.07
1800 -270.07
1801 -270.079
1802 -270.072
1803 -270.06
1804 -270.051
1805 -270.062
1806 -270.068
1807 -270.066
1808 -270.056
1809 -270.062
1810 -270.065
1811 -270.049
1812 -270.034
1813 -270.048
1814 -270.048
1815 -270.059
1816 -270.046
1817 -270.024
1818 -270.016
1819 -270.027
1820 -270.029
1821 -270.013
1822 -270.011
1823 -270.013
1824 -270.029
1825 -270.03
1826 -270.036
1827 -270.045
1828 -270.052
1829 -270.055
1830 -270.055
1831 -270.059
1832 -270.068
1833 -270.06
1834 -270.054
1835 -270.039
1836 -270.061
1837 -270.068
1838 -270.061
1839 -270.054
1840 -270.049
1841 -270.051
1842 -270.059
1843 -270.055
1844 -270.044
1845 -270.021
1846 -270.03
1847 -270.036
1848 -270.038
1849 -270.045
1850 -270.027
1851 -270.039
1852 -270.044
1853 -270.043
1854 -270.035
1855 -270.04
1856 -270.045
1857 -270.065
1858 -270.059
1859 -270.065
1860 -270.054
1861 -270.047
1862 -270.058
1863 -270.062
1864 -270.071
1865 -270.064
1866 -270.064
1867 -270.066
1868 -270.063
1869 -270.043
1870 -270.068
1871 -270.07
1872 -270.076
1873 -270.07
1874 -270.065
1875 -270.053
1876 -270.069
1877 -270.074
1878 -270.068
1879 -270.03
1880 -270.023
1881 -270.001
1882 -270
1883 -270.006
1884 -270.004
1885 -270.027
1886 -270.047
1887 -270.052
1888 -270.051
1889 -270.07
1890 -270.068
1891 -270.072
1892 -270.09
1893 -270.097
1894 -270.092
1895 -270.112
1896 -270.099
1897 -270.086
1898 -270.093
1899 -270.093
1900 -270.088
1901 -270.091
1902 -270.087
1903 -270.085
1904 -270.075
1905 -270.078
1906 -270.072
1907 -270.073
1908 -270.066
1909 -270.078
1910 -270.074
1911 -270.089
1912 -270.083
1913 -270.068
1914 -270.073
1915 -270.08
1916 -270.076
1917 -270.057
1918 -270.051
1919 -270.053
1920 -270.057
1921 -270.06
1922 -270.067
1923 -270.06
1924 -270.076
1925 -270.061
1926 -270.073
1927 -270.073
1928 -270.067
1929 -270.074
1930 -270.071
1931 -270.084
1932 -270.093
1933 -270.076
1934 -270.076
1935 -270.068
1936 -270.062
1937 -270.07
1938 -270.053
1939 -270.075
1940 -270.066
1941 -270.071
1942 -270.073
1943 -270.078
1944 -270.078
1945 -270.078
1946 -270.079
1947 -270.072
1948 -270.077
1949 -270.088
1950 -270.096
1951 -270.081
1952 -270.07
1953 -270.046
1954 -270.019
1955 -270.048
1956 -270.047
1957 -270.037
1958 -270.054
1959 -270.04
1960 -270.045
1961 -270.032
1962 -270.043
1963 -270.044
1964 -270.052
1965 -270.055
1966 -270.058
1967 -270.066
1968 -270.063
1969 -270.072
1970 -270.069
1971 -270.073
1972 -270.069
1973 -270.068
1974 -270.061
1975 -270.069
1976 -270.049
1977 -270.045
1978 -270.059
1979 -270.044
1980 -270.037
1981 -270.017
1982 -270.005
1983 -270.008
1984 -270.008
1985 -269.998
1986 -269.991
1987 -270.003
1988 -270.006
1989 -270.017
1990 -270.023
1991 -270.037
1992 -270.026
1993 -270.029
1994 -270.039
1995 -270.036
1996 -270.036
1997 -270.027
1998 -270.031
1999 -270.046
2000 -270.045
2001 -270.033
2002 -270.03
2003 -270.031
2004 -270.049
2005 -270.049
2006 -270.036
2007 -270.03
2008 -270.029
2009 -270.041
2010 -270.057
2011 -270.051
2012 -270.047
2013 -270.037
2014 -270.043
2015 -270.056
2016 -270.058
2017 -270.051
2018 -270.043
2019 -270.06
2020 -270.035
2021 -270.023
2022 -270.021
2023 -270.034
2024 -270.041
2025 -270.037
2026 -270.042
2027 -270.015
2028 -270.015
2029 -270.006
2030 -269.991
2031 -269.983
2032 -269.974
2033 -269.988
2034 -269.987
2035 -269.993
2036 -269.996
2037 -269.993
2038 -270.002
2039 -270.002
2040 -270
2041 -270.002
2042 -270.001
2043 -270.016
2044 -270.016
2045 -270.024
2046 -270.02
2047 -270.016
2048 -270.011
2049 -270.011
2050 -270.01
2051 -270.008
2052 -270.009
2053 -270.016
2054 -270.012
2055 -270.02
2056 -270.012
2057 -270.009
2058 -270.01
2059 -270.013
2060 -270.001
2061 -270.001
2062 -270.015
2063 -270.02
2064 -270.016
2065 -270.017
2066 -270.021
2067 -270.029
2068 -270.033
2069 -270.053
2070 -270.052
2071 -270.073
2072 -270.077
2073 -270.053
2074 -270.05
2075 -270.056
2076 -270.063
2077 -270.07
2078 -270.068
2079 -270.055
2080 -270.047
2081 -270.054
2082 -270.063
2083 -270.06
2084 -270.073
2085 -270.076
2086 -270.068
2087 -270.062
2088 -270.054
2089 -270.031
2090 -270.037
2091 -270.032
2092 -269.988
2093 -270.003
2094 -270.014
2095 -270.005
2096 -270.008
2097 -270.021
2098 -270.035
2099 -270.042
2100 -270.049
2101 -270.055
2102 -270.042
2103 -270.051
2104 -270.067
2105 -270.065
2106 -270.062
2107 -270.05
2108 -270.049
2109 -270.055
2110 -270.054
2111 -270.06
2112 -270.037
2113 -270.035
2114 -270.034
2115 -270.032
2116 -270.034
2117 -270.032
2118 -270.032
2119 -270.044
2120 -270.04
2121 -270.051
2122 -270.052
2123 -270.041
2124 -270.052
2125 -270.055
2126 -270.05
2127 -270.041
2128 -270.041
2129 -270.051
2130 -270.057
2131 -270.056
2132 -270.05
2133 -270.053
2134 -270.063
2135 -270.06
2136 -270.058
2137 -270.068
2138 -270.055
2139 -270.058
2140 -270.067
2141 -270.065
2142 -270.047
2143 -270.071
2144 -270.06
2145 -270.041
2146 -270.039
2147 -270.031
2148 -270.044
2149 -270.058
2150 -270.048
2151 -270.05
2152 -270.05
2153 -270.048
2154 -270.034
2155 -270.033
2156 -270.028
2157 -270.005
2158 -270.008
2159 -269.989
2160 -269.991
2161 -269.991
2162 -270.022
2163 -270.022
2164 -270.023
2165 -270.037
2166 -270.032
2167 -270.022
2168 -270.015
2169 -270.008
2170 -270.01
2171 -270.005
2172 -270.013
2173 -270.002
2174 -270.007
2175 -270.012
2176 -270.025
2177 -270.034
2178 -270.043
2179 -270.049
2180 -270.032
2181 -270.027
2182 -270.028
2183 -270.021
2184 -270.027
2185 -270.027
2186 -270.037
2187 -270.064
2188 -270.063
2189 -270.072
2190 -270.064
2191 -270.064
2192 -270.076
2193 -270.045
2194 -270.032
2195 -270.063
2196 -270.08
2197 -270.073
2198 -270.07
2199 -270.067
2200 -270.066
2201 -270.061
2202 -270.045
2203 -270.053
2204 -270.059
2205 -270.042
2206 -270.041
2207 -270.034
2208 -270.043
2209 -270.037
2210 -270.049
2211 -270.052
2212 -270.052
2213 -270.046
2214 -270.029
2215 -270.025
2216 -270.04
2217 -270.039
2218 -270.032
2219 -270.032
2220 -270.043
2221 -270.05
2222 -270.048
2223 -270.046
2224 -270.052
2225 -270.047
2226 -270.044
2227 -270.027
2228 -270.028
2229 -270.022
2230 -270.038
2231 -270.029
2232 -270.043
2233 -270.053
2234 -270.042
2235 -270.049
2236 -270.028
2237 -270.021
2238 -270.018
2239 -270.011
2240 -270.003
2241 -270.013
2242 -270.031
2243 -270.029
2244 -270.023
2245 -270.02
2246 -270.023
2247 -269.996
2248 -270.002
2249 -269.997
2250 -270.01
2251 -270.031
2252 -270.01
2253 -270.021
2254 -270.004
2255 -270.002
2256 -269.987
2257 -269.996
2258 -270.009
2259 -270.012
2260 -270.027
2261 -270.024
2262 -270.034
2263 -270.031
2264 -270.027
2265 -270.036
2266 -270.052
2267 -270.071
2268 -270.078
2269 -270.079
2270 -270.086
2271 -270.076
2272 -270.075
2273 -270.065
2274 -270.062
2275 -270.041
2276 -270.047
2277 -270.045
2278 -270.051
2279 -270.047
2280 -270.053
2281 -270.05
2282 -270.055
2283 -270.048
2284 -270.06
2285 -270.072
2286 -270.067
2287 -270.069
2288 -270.055
2289 -270.039
2290 -270.033
2291 -270.036
2292 -270.047
2293 -270.034
2294 -270.036
2295 -270.018
2296 -270.033
2297 -270.037
2298 -270.029
2299 -270.042
2300 -270.049
2301 -270.043
2302 -270.043
2303 -270.027
2304 -270.044
2305 -270.058
2306 -270.07
2307 -270.064
2308 -270.053
2309 -270.043
2310 -270.052
2311 -270.055
2312 -270.065
2313 -270.064
2314 -270.061
2315 -270.05
2316 -270.045
2317 -270.052
2318 -270.057
2319 -270.051
2320 -270.046
2321 -270.062
2322 -270.061
2323 -270.055
2324 -270.03
2325 -270.019
2326 -270.038
2327 -270.044
2328 -270.044
2329 -270.042
2330 -270.034
2331 -270.055
2332 -270.05
2333 -270.054
2334 -270.061
2335 -270.045
2336 -270.04
2337 -270.029
2338 -270.042
2339 -270.051
2340 -270.047
2341 -270.055
2342 -270.052
2343 -270.057
2344 -270.046
2345 -270.045
2346 -270.037
2347 -270.045
2348 -270.057
2349 -270.038
2350 -270.045
2351 -270.046
2352 -270.065
2353 -270.074
2354 -270.058
2355 -270.072
2356 -270.084
2357 -270.071
2358 -270.072
2359 -270.063
2360 -270.066
2361 -270.067
2362 -270.046
2363 -270.025
2364 -270.031
2365 -270.041
2366 -270.04
2367 -270.036
2368 -270.038
2369 -270.031
2370 -270.048
2371 -270.043
2372 -270.057
2373 -270.057
2374 -270.056
2375 -270.05
2376 -270.049
2377 -270.057
2378 -270.07
2379 -270.056
2380 -270.053
2381 -270.062
2382 -270.05
2383 -270.052
2384 -270.039
2385 -270.041
2386 -270.041
2387 -270.034
2388 -270.033
2389 -270.032
2390 -270.037
2391 -270.03
2392 -270.044
2393 -270.029
2394 -270.043
2395 -270.055
2396 -270.053
2397 -270.054
2398 -270.059
2399 -270.054
2400 -270.048
2401 -270.052
2402 -270.052
2403 -270.064
2404 -270.066
2405 -270.063
2406 -270.049
2407 -270.027
2408 -270.021
2409 -270.026
2410 -270.038
2411 -270.024
2412 -270.023
2413 -270.026
2414 -270.044
2415 -270.044
2416 -270.056
2417 -270.069
2418 -270.068
2419 -270.055
2420 -270.055
2421 -270.063
2422 -270.075
2423 -270.08
2424 -270.078
2425 -270.059
2426 -270.045
2427 -270.051
2428 -270.059
2429 -270.053
2430 -270.059
2431 -270.058
2432 -270.048
2433 -270.029
2434 -270.04
2435 -270.046
2436 -270.053
2437 -270.052
2438 -270.057
2439 -270.06
2440 -270.064
2441 -270.059
2442 -270.071
2443 -270.062
2444 -270.072
2445 -270.058
2446 -270.045
2447 -270.036
2448 -270.031
2449 -270.03
2450 -270.045
2451 -270.053
2452 -270.059
2453 -270.044
2454 -270.048
2455 -270.06
2456 -270.062
2457 -270.058
2458 -270.066
2459 -270.071
2460 -270.077
2461 -270.088
2462 -270.1
2463 -270.097
2464 -270.091
2465 -270.089
2466 -270.09
2467 -270.1
2468 -270.094
2469 -270.091
2470 -270.095
2471 -270.101
2472 -270.108
2473 -270.109
2474 -270.096
2475 -270.099
2476 -270.089
2477 -270.085
2478 -270.09
2479 -270.087
2480 -270.104
2481 -270.1
2482 -270.102
2483 -270.102
2484 -270.109
2485 -270.119
2486 -270.115
2487 -270.102
2488 -270.107
2489 -270.111
2490 -270.12
2491 -270.114
2492 -270.104
2493 -270.108
2494 -270.1
2495 -270.11
2496 -270.102
2497 -270.095
2498 -270.1
2499 -270.085
2500 -270.087
2501 -270.096
2502 -270.096
2503 -270.095
2504 -270.088
2505 -270.08
2506 -270.085
2507 -270.083
2508 -270.09
2509 -270.098
2510 -270.087
2511 -270.093
2512 -270.085
2513 -270.088
2514 -270.086
2515 -270.083
2516 -270.08
2517 -270.083
2518 -270.078
2519 -270.08
2520 -270.078
2521 -270.079
2522 -270.052
2523 -270.05
2524 -270.046
2525 -270.032
2526 -270.051
2527 -270.065
2528 -270.06
2529 -270.046
2530 -270.051
2531 -270.054
2532 -270.054
2533 -270.059
2534 -270.059
2535 -270.035
2536 -270.033
2537 -270.046
2538 -270.05
2539 -270.067
2540 -270.066
2541 -270.07
2542 -270.07
2543 -270.06
2544 -270.081
2545 -270.071
2546 -270.074
2547 -270.06
2548 -270.061
2549 -270.056
2550 -270.036
2551 -270.039
2552 -270.023
2553 -270.035
2554 -270.009
2555 -270.026
2556 -270.029
2557 -270.035
2558 -270.035
2559 -270.041
2560 -270.043
2561 -270.043
2562 -270.05
2563 -270.047
2564 -270.039
2565 -270.042
2566 -270.041
2567 -270.052
2568 -270.05
2569 -270.042
2570 -270.027
2571 -270.024
2572 -270.042
2573 -270.052
2574 -270.058
2575 -270.05
2576 -270.014
2577 -270.021
2578 -270.017
2579 -270.023
2580 -270.024
2581 -270.04
2582 -270.031
2583 -270.037
2584 -270.029
2585 -270.031
2586 -270.024
2587 -270.023
2588 -270.006
2589 -270.007
2590 -269.987
2591 -269.999
2592 -269.994
2593 -270.004
2594 -270.011
2595 -270.001
2596 -269.999
2597 -270.004
2598 -270.013
2599 -270.015
2600 -269.994
2601 -270.012
2602 -270.024
2603 -270.03
2604 -270.018
2605 -270.021
2606 -269.994
2607 -269.988
2608 -270
2609 -270.027
2610 -270.019
2611 -270.034
2612 -270.031
2613 -270.052
2614 -270.031
2615 -270.031
2616 -270.03
2617 -270.023
2618 -270.014
2619 -270.023
2620 -270.014
2621 -269.994
2622 -270.024
2623 -270.006
2624 -270.022
2625 -270.037
2626 -270.036
2627 -270.038
2628 -270.031
2629 -270.041
2630 -270.057
2631 -270.068
2632 -270.058
2633 -270.052
2634 -270.043
2635 -270.049
2636 -270.059
2637 -270.064
2638 -270.066
2639 -270.065
2640 -270.07
2641 -270.068
2642 -270.065
2643 -270.064
2644 -270.068
2645 -270.063
2646 -270.044
2647 -270.055
2648 -270.049
2649 -270.05
2650 -270.054
2651 -270.068
2652 -270.058
2653 -270.077
2654 -270.075
2655 -270.075
2656 -270.071
2657 -270.084
2658 -270.078
2659 -270.071
2660 -270.07
2661 -270.084
2662 -270.095
2663 -270.093
2664 -270.093
2665 -270.079
2666 -270.052
2667 -270.065
2668 -270.058
2669 -270.072
2670 -270.08
2671 -270.094
2672 -270.09
2673 -270.09
2674 -270.098
2675 -270.103
2676 -270.104
2677 -270.099
2678 -270.087
2679 -270.073
2680 -270.072
2681 -270.072
2682 -270.069
2683 -270.07
2684 -270.058
2685 -270.06
2686 -270.068
2687 -270.07
2688 -270.06
2689 -270.068
2690 -270.064
2691 -270.062
2692 -270.059
2693 -270.059
2694 -269.976
2695 -269.996
2696 -270
2697 -269.998
2698 -269.972
2699 -269.995
2700 -269.991
2701 -270.036
2702 -270.047
2703 -270.054
2704 -270.071
2705 -270.059
2706 -270.04
2707 -270.037
2708 -270.05
2709 -270.049
2710 -270.057
2711 -270.056
2712 -270.035
2713 -270.026
2714 -270.006
2715 -270.013
2716 -270.029
2717 -270.021
2718 -270.039
2719 -270.06
2720 -270.073
2721 -270.074
2722 -270.08
2723 -270.077
2724 -270.07
2725 -270.065
2726 -270.067
2727 -270.077
2728 -270.081
2729 -270.038
2730 -270.047
2731 -270.037
2732 -270.018
2733 -270.018
2734 -270.022
2735 -270.022
2736 -270.018
2737 -270.024
2738 -270.041
2739 -270.02
2740 -270.031
2741 -270.04
2742 -270.049
2743 -270.058
2744 -270.063
2745 -270.054
2746 -270.067
2747 -270.072
2748 -270.061
2749 -270.042
2750 -270.05
2751 -270.051
2752 -270.053
2753 -270.063
2754 -270.051
2755 -270.035
2756 -270.033
2757 -270.034
2758 -270.032
2759 -270.029
2760 -270.009
2761 -270.024
2762 -270.027
2763 -270.024
2764 -270.024
2765 -270.005
2766 -270.01
2767 -269.99
2768 -269.99
2769 -270.011
2770 -270.008
2771 -270.008
2772 -270.004
2773 -270.009
2774 -270.002
2775 -270.016
2776 -270.023
2777 -270.003
2778 -270.01
2779 -270.016
2780 -270.007
2781 -270.001
2782 -269.989
2783 -270.009
2784 -270.002
2785 -269.992
2786 -270.012
2787 -270.012
2788 -270.018
2789 -270.022
2790 -270.022
2791 -270.008
2792 -270.025
2793 -270.018
2794 -270.032
2795 -270.026
2796 -270.036
2797 -270.036
2798 -270.036
2799 -270.038
2800 -270.029
2801 -270.032
2802 -270.022
2803 -270.01
2804 -270.007
2805 -270.025
2806 -270.014
2807 -270.029
2808 -270.034
2809 -270.039
2810 -270.048
2811 -270.042
2812 -270.045
2813 -270.049
2814 -270.061
2815 -270.061
2816 -270.05
2817 -270.036
2818 -270.039
2819 -270.036
2820 -270.036
2821 -270.057
2822 -270.06
2823 -270.059
2824 -270.072
2825 -270.057
2826 -270.058
2827 -270.046
2828 -270.058
2829 -270.055
2830 -270.048
2831 -270.026
2832 -270.043
2833 -270.06
2834 -270.053
2835 -270.058
2836 -270.071
2837 -270.072
2838 -270.061
2839 -270.061
2840 -270.053
2841 -270.061
2842 -270.078
2843 -270.069
2844 -270.064
2845 -270.078
2846 -270.069
2847 -270.065
2848 -270.074
2849 -270.079
2850 -270.089
2851 -270.078
2852 -270.081
2853 -270.077
2854 -270.08
2855 -270.07
2856 -270.08
2857 -270.071
2858 -270.074
2859 -270.063
2860 -270.066
2861 -270.061
2862 -270.05
2863 -270.058
2864 -270.063
2865 -270.073
2866 -270.075
2867 -270.075
2868 -270.08
2869 -270.059
2870 -270.053
2871 -270.071
2872 -270.063
2873 -270.08
2874 -270.081
2875 -270.081
2876 -270.088
2877 -270.087
2878 -270.085
2879 -270.096
2880 -270.089
2881 -270.114
2882 -270.116
2883 -270.118
2884 -270.129
2885 -270.124
2886 -270.122
2887 -270.12
2888 -270.131
2889 -270.138
2890 -270.136
2891 -270.111
2892 -270.093
2893 -270.091
2894 -270.093
2895 -270.079
2896 -270.094
2897 -270.077
2898 -270.072
2899 -270.068
2900 -270.049
2901 -270.067
2902 -270.058
2903 -270.066
2904 -270.061
2905 -270.057
2906 -270.059
2907 -270.054
2908 -270.057
2909 -270.06
2910 -270.06
2911 -270.052
2912 -270.048
2913 -270.042
2914 -270.042
2915 -270.038
2916 -270.035
2917 -270.032
2918 -270.038
2919 -270.043
2920 -270.047
2921 -270.032
2922 -270.027
2923 -270.035
2924 -270.032
2925 -270.032
2926 -270.039
2927 -270.047
2928 -270.058
2929 -270.067
2930 -270.081
2931 -270.083
2932 -270.075
2933 -270.08
2934 -270.086
2935 -270.074
2936 -270.06
2937 -270.059
2938 -270.052
2939 -270.047
2940 -270.049
2941 -270.055
2942 -270.036
2943 -270.054
2944 -270.056
2945 -270.072
2946 -270.07
2947 -270.075
2948 -270.075
2949 -270.084
2950 -270.078
2951 -270.082
2952 -270.078
2953 -270.062
2954 -270.051
2955 -270.066
2956 -270.061
2957 -270.068
2958 -270.076
2959 -270.077
2960 -270.062
2961 -270.078
2962 -270.075
2963 -270.095
2964 -270.086
2965 -270.079
2966 -270.076
2967 -270.069
2968 -270.071
2969 -270.072
2970 -270.071
2971 -270.067
2972 -270.064
2973 -270.065
2974 -270.057
2975 -270.06
2976 -270.065
2977 -270.062
2978 -270.045
2979 -270.042
2980 -270.043
2981 -270.044
2982 -270.049
2983 -270.06
2984 -270.043
2985 -270.036
2986 -270.026
2987 -270.036
2988 -270.047
2989 -270.049
2990 -270.054
2991 -270.065
2992 -270.07
2993 -270.063
2994 -270.062
2995 -270.073
2996 -270.082
2997 -270.071
2998 -270.062
2999 -270.049
3000 -270.05
