1 -269.464
2 -269.481
3 -269.566
4 -269.64
5 -269.692
6 -269.74
7 -269.79
8 -269.83
9 -269.853
10 -269.89
11 -269.903
12 -269.909
13 -269.921
14 -269.93
15 -269.959
16 -269.971
17 -269.98
18 -269.982
19 -269.993
20 -270.004
21 -270.01
22 -270.029
23 -270.038
24 -270.039
25 -270.055
26 -270.059
27 -270.063
28 -270.066
29 -270.073
30 -270.077
31 -270.082
32 -270.084
33 -270.085
34 -270.086
35 -270.087
36 -270.089
37 -270.094
38 -270.095
39 -270.103
40 -270.111
41 -270.116
42 -270.12
43 -270.125
44 -270.127
45 -270.135
46 -270.136
47 -270.137
48 -270.141
49 -270.142
50 -270.147
51 -270.151
52 -270.152
53 -270.153
54 -270.154
55 -270.155
56 -270.155
57 -270.156
58 -270.159
59 -270.161
60 -270.161
61 -270.168
62 -270.169
63 -270.171
64 -270.174
65 -270.174
66 -270.176
67 -270.182
68 -270.183
69 -270.185
70 -270.186
71 -270.186
72 -270.188
73 -270.189
74 -270.19
75 -270.191
76 -270.192
77 -270.193
78 -270.193
79 -270.193
80 -270.194
81 -270.195
82 -270.196
83 -270.197
84 -270.198
85 -270.199
86 -270.2
87 -270.2
88 -270.201
89 -270.201
90 -270.202
91 -270.203
92 -270.204
93 -270.204
94 -270.208
95 -270.209
96 -270.209
97 -270.209
98 -270.21
99 -270.21
100 -270.211
101 -270.213
102 -270.213
103 -270.214
104 -270.215
105 -270.217
106 -270.218
107 -270.218
108 -270.218
109 -270.218
110 -270.221
111 -270.221
112 -270.221
113 -270.224
114 -270.224
115 -270.224
116 -270.224
117 -270.225
118 -270.226
119 -270.227
120 -270.227
121 -270.227
122 -270.227
123 -270.228
124 -270.228
125 -270.228
126 -270.229
127 -270.229
128 -270.23
129 -270.23
130 -270.23
131 -270.23
132 -270.231
133 -270.231
134 -270.231
135 -270.231
136 -270.231
137 -270.232
138 -270.233
139 -270.233
140 -270.233
141 -270.233
142 -270.233
143 -270.234
144 -270.234
145 -270.235
146 -270.236
147 -270.236
148 -270.236
149 -270.237
150 -270.237
151 -270.237
152 -270.238
153 -270.238
154 -270.238
155 -270.238
156 -270.238
157 -270.238
158 -270.239
159 -270.239
160 -270.24
161 -270.24
162 -270.24
163 -270.24
164 -270.241
165 -270.241
166 -270.241
167 -270.241
168 -270.241
169 -270.241
170 -270.241
171 -270.242
172 -270.242
173 -270.242
174 -270.242
175 -270.243
176 -270.243
177 -270.244
178 -270.244
179 -270.244
180 -270.245
181 -270.245
182 -270.245
183 -270.245
184 -270.245
185 -270.246
186 -270.246
187 -270.246
188 -270.246
189 -270.246
190 -270.246
191 -270.246
192 -270.247
193 -270.247
194 -270.247
195 -270.247
196 -270.248
197 -270.248
198 -270.248
199 -270.248
200 -270.249
201 -270.25
202 -270.25
203 -270.25
204 -270.25
205 -270.25
206 -270.25
207 -270.25
208 -270.25
209 -270.25
210 -270.25
211 -270.251
212 -270.251
213 -270.251
214 -270.251
215 -270.251
216 -270.251
217 -270.251
218 -270.251
219 -270.251
220 -270.251
221 -270.251
222 -270.251
223 -270.252
224 -270.252
225 -270.252
226 -270.252
227 -270.252
228 -270.252
229 -270.252
230 -270.252
231 -270.252
232 -270.252
233 -270.253
234 -270.253
235 -270.253
236 -270.254
237 -270.254
238 -270.254
239 -270.254
240 -270.254
241 -270.254
242 -270.254
243 -270.254
244 -270.255
245 -270.255
246 -270.255
247 -270.255
248 -270.256
249 -270.256
250 -270.256
251 -270.256
252 -270.256
253 -270.256
254 -270.256
255 -270.256
256 -270.256
257 -270.257
258 -270.257
259 -270.257
260 -270.257
261 -270.257
262 -270.257
263 -270.257
264 -270.257
265 -270.257
266 -270.257
267 -270.257
268 -270.257
269 -270.257
270 -270.258
271 -270.258
272 -270.258
273 -270.258
274 -270.258
275 -270.258
276 -270.259
277 -270.259
278 -270.259
279 -270.259
280 -270.259
281 -270.259
282 -270.259
283 -270.26
284 -270.26
285 -270.26
286 -270.26
287 -270.26
288 -270.26
289 -270.261
290 -270.261
291 -270.261
292 -270.261
293 -270.262
294 -270.262
295 -270.262
296 -270.262
297 -270.262
298 -270.262
299 -270.263
300 -270.263
301 -270.263
302 -270.263
303 -270.263
304 -270.263
305 -270.264
306 -270.264
307 -270.264
308 -270.264
309 -270.264
310 -270.264
311 -270.264
312 -270.264
313 -270.265
314 -270.265
315 -270.265
316 -270.265
317 -270.265
318 -270.265
319 -270.265
320 -270.265
321 -270.265
322 -270.265
323 -270.266
324 -270.266
325 -270.266
326 -270.266
327 -270.266
328 -270.266
329 -270.267
330 -270.267
331 -270.267
332 -270.267
333 -270.267
334 -270.267
335 -270.267
336 -270.267
337 -270.267
338 -270.267
339 -270.267
340 -270.267
341 -270.267
342 -270.267
343 -270.267
344 -270.267
345 -270.267
346 -270.267
347 -270.267
348 -270.267
349 -270.267
350 -270.267
351 -270.267
352 -270.267
353 -270.267
354 -270.267
355 -270.267
356 -270.267
357 -270.267
358 -270.267
359 -270.267
360 -270.268
361 -270.268
362 -270.268
363 -270.269
364 -270.269
365 -270.269
366 -270.269
367 -270.269
368 -270.269
369 -270.269
370 -270.269
371 -270.269
372 -270.269
373 -270.269
374 -270.269
375 -270.269
376 -270.269
377 -270.269
378 -270.27
379 -270.27
380 -270.27
381 -270.27
382 -270.27
383 -270.27
384 -270.27
385 -270.27
386 -270.27
387 -270.27
388 -270.27
389 -270.27
390 -270.27
391 -270.27
392 -270.27
393 -270.27
394 -270.27
395 -270.27
396 -270.271
397 -270.271
398 -270.271
399 -270.271
400 -270.271
401 -270.271
402 -270.271
403 -270.271
404 -270.271
405 -270.271
406 -270.272
407 -270.272
408 -270.273
409 -270.273
410 -270.273
411 -270.273
412 -270.273
413 -270.273
414 -270.273
415 -270.273
416 -270.273
417 -270.273
418 -270.273
419 -270.273
420 -270.273
421 -270.273
422 -270.273
423 -270.273
424 -270.273
425 -270.273
426 -270.273
427 -270.273
428 -270.273
429 -270.273
430 -270.273
431 -270.273
432 -270.273
433 -270.273
434 -270.273
435 -270.274
436 -270.274
437 -270.274
438 -270.274
439 -270.274
440 -270.274
441 -270.274
442 -270.274
443 -270.274
444 -270.274
445 -270.274
446 -270.274
447 -270.274
448 -270.274
449 -270.274
450 -270.274
451 -270.274
452 -270.274
453 -270.274
454 -270.275
455 -270.275
456 -270.275
457 -270.275
458 -270.275
459 -270.275
460 -270.275
461 -270.275
462 -270.275
463 -270.276
464 -270.276
465 -270.276
466 -270.276
467 -270.276
468 -270.276
469 -270.276
470 -270.276
471 -270.276
472 -270.276
473 -270.276
474 -270.276
475 -270.276
476 -270.276
477 -270.276
478 -270.276
479 -270.276
480 -270.276
481 -270.276
482 -270.276
483 -270.276
484 -270.276
485 -270.276
486 -270.276
487 -270.276
488 -270.276
489 -270.276
490 -270.276
491 -270.276
492 -270.276
493 -270.276
494 -270.276
495 -270.276
496 -270.277
497 -270.277
498 -270.277
499 -270.277
500 -270.277
501 -270.277
502 -270.277
503 -270.277
504 -270.277
505 -270.277
506 -270.277
507 -270.277
508 -270.277
509 -270.277
510 -270.278
511 -270.278
512 -270.278
513 -270.278
514 -270.278
515 -270.278
516 -270.278
517 -270.278
518 -270.278
519 -270.278
520 -270.278
521 -270.278
522 -270.278
523 -270.278
524 -270.278
525 -270.278
526 -270.278
527 -270.278
528 -270.278
529 -270.278
530 -270.278
531 -270.278
532 -270.278
533 -270.278
534 -270.278
535 -270.279
536 -270.279
537 -270.279
538 -270.279
539 -270.279
540 -270.279
541 -270.279
542 -270.279
543 -270.279
544 -270.279
545 -270.279
546 -270.279
547 -270.279
548 -270.279
549 -270.279
550 -270.279
551 -270.279
552 -270.279
553 -270.279
554 -270.279
555 -270.279
556 -270.279
557 -270.279
558 -270.279
559 -270.279
560 -270.279
561 -270.279
562 -270.279
563 -270.279
564 -270.279
565 -270.279
566 -270.279
567 -270.28
568 -270.28
569 -270.28
570 -270.28
571 -270.28
572 -270.28
573 -270.28
574 -270.28
575 -270.28
576 -270.28
577 -270.28
578 -270.28
579 -270.28
580 -270.28
581 -270.28
582 -270.28
583 -270.28
584 -270.28
585 -270.28
586 -270.28
587 -270.28
588 -270.28
589 -270.28
590 -270.28
591 -270.28
592 -270.28
593 -270.28
594 -270.28
595 -270.28
596 -270.281
597 -270.281
598 -270.28
599 -270.28
600 -270.28
601 -270.28
602 -270.28
603 -270.281
604 -270.281
605 -270.281
606 -270.281
607 -270.28
608 -270.28
609 -270.281
610 -270.281
611 -270.28
612 -270.28
613 -270.28
614 -270.28
615 -270.281
616 -270.281
617 -270.281
618 -270.281
619 -270.281
620 -270.281
621 -270.281
622 -270.281
623 -270.281
624 -270.281
625 -270.281
626 -270.281
627 -270.281
628 -270.281
629 -270.281
630 -270.281
631 -270.281
632 -270.281
633 -270.281
634 -270.281
635 -270.281
636 -270.281
637 -270.281
638 -270.281
639 -270.281
640 -270.281
641 -270.281
642 -270.281
643 -270.281
644 -270.281
645 -270.281
646 -270.281
647 -270.281
648 -270.281
649 -270.281
650 -270.282
651 -270.282
652 -270.282
653 -270.282
654 -270.282
655 -270.282
656 -270.282
657 -270.282
658 -270.282
659 -270.282
660 -270.282
661 -270.282
662 -270.282
663 -270.282
664 -270.282
665 -270.282
666 -270.282
667 -270.282
668 -270.282
669 -270.282
670 -270.282
671 -270.282
672 -270.282
673 -270.282
674 -270.282
675 -270.282
676 -270.282
677 -270.282
678 -270.282
679 -270.282
680 -270.282
681 -270.282
682 -270.282
683 -270.282
684 -270.282
685 -270.282
686 -270.282
687 -270.282
688 -270.282
689 -270.282
690 -270.282
691 -270.282
692 -270.282
693 -270.282
694 -270.282
695 -270.283
696 -270.283
697 -270.283
698 -270.283
699 -270.283
700 -270.283
701 -270.283
702 -270.283
703 -270.283
704 -270.283
705 -270.283
706 -270.283
707 -270.283
708 -270.283
709 -270.283
710 -270.283
711 -270.283
712 -270.283
713 -270.284
714 -270.284
715 -270.284
716 -270.284
717 -270.284
718 -270.284
719 -270.284
720 -270.284
721 -270.284
722 -270.284
723 -270.284
724 -270.284
725 -270.284
726 -270.284
727 -270.284
728 -270.284
729 -270.284
730 -270.284
731 -270.284
732 -270.284
733 -270.284
734 -270.284
735 -270.284
736 -270.284
737 -270.284
738 -270.284
739 -270.284
740 -270.284
741 -270.284
742 -270.284
743 -270.284
744 -270.284
745 -270.284
746 -270.284
747 -270.284
748 -270.284
749 -270.284
750 -270.284
751 -270.284
752 -270.284
753 -270.284
754 -270.284
755 -270.284
756 -270.285
757 -270.285
758 -270.285
759 -270.285
760 -270.285
761 -270.285
762 -270.285
763 -270.285
764 -270.285
765 -270.285
766 -270.285
767 -270.285
768 -270.285
769 -270.285
770 -270.285
771 -270.285
772 -270.285
773 -270.285
774 -270.285
775 -270.285
776 -270.285
777 -270.285
778 -270.285
779 -270.285
780 -270.285
781 -270.285
782 -270.285
783 -270.285
784 -270.285
785 -270.285
786 -270.285
787 -270.285
788 -270.285
789 -270.285
790 -270.286
791 -270.286
792 -270.286
793 -270.286
794 -270.286
795 -270.286
796 -270.286
797 -270.286
798 -270.285
799 -270.286
800 -270.286
801 -270.286
802 -270.286
803 -270.286
804 -270.286
805 -270.286
806 -270.286
807 -270.286
808 -270.286
809 -270.286
810 -270.286
811 -270.286
812 -270.286
813 -270.286
814 -270.286
815 -270.286
816 -270.286
817 -270.286
818 -270.286
819 -270.286
820 -270.286
821 -270.286
822 -270.286
823 -270.286
824 -270.286
825 -270.286
826 -270.286
827 -270.286
828 -270.286
829 -270.286
830 -270.286
831 -270.286
832 -270.286
833 -270.286
834 -270.286
835 -270.286
836 -270.286
837 -270.286
838 -270.286
839 -270.286
840 -270.286
841 -270.286
842 -270.286
843 -270.286
844 -270.286
845 -270.286
846 -270.286
847 -270.286
848 -270.286
849 -270.286
850 -270.286
851 -270.286
852 -270.286
853 -270.286
854 -270.286
855 -270.286
856 -270.286
857 -270.286
858 -270.286
859 -270.286
860 -270.286
861 -270.286
862 -270.286
863 -270.286
864 -270.286
865 -270.286
866 -270.286
867 -270.286
868 -270.286
869 -270.286
870 -270.286
871 -270.286
872 -270.286
873 -270.286
874 -270.286
875 -270.286
876 -270.286
877 -270.286
878 -270.286
879 -270.286
880 -270.286
881 -270.286
882 -270.286
883 -270.286
884 -270.286
885 -270.287
886 -270.287
887 -270.287
888 -270.287
889 -270.287
890 -270.28
891 -270.285
892 -270.285
893 -270.285
894 -270.285
895 -270.285
896 -270.285
897 -270.285
898 -270.285
899 -270.285
900 -270.285
901 -270.285
902 -270.285
903 -270.285
904 -270.285
905 -270.285
906 -270.285
907 -270.285
908 -270.285
909 -270.285
910 -270.285
911 -270.285
912 -270.285
913 -270.285
914 -270.285
915 -270.285
916 -270.285
917 -270.285
918 -270.285
919 -270.285
920 -270.285
921 -270.285
922 -270.285
923 -270.285
924 -270.286
925 -270.286
926 -270.286
927 -270.286
928 -270.286
929 -270.286
930 -270.286
931 -270.286
932 -270.286
933 -270.286
934 -270.286
935 -270.286
936 -270.286
937 -270.286
938 -270.286
939 -270.286
940 -270.286
941 -270.286
942 -270.286
943 -270.286
944 -270.286
945 -270.286
946 -270.286
947 -270.286
948 -270.286
949 -270.286
950 -270.286
951 -270.286
952 -270.286
953 -270.286
954 -270.286
955 -270.286
956 -270.286
957 -270.286
958 -270.286
959 -270.286
960 -270.287
961 -270.287
962 -270.287
963 -270.287
964 -270.287
965 -270.287
966 -270.287
967 -270.287
968 -270.287
969 -270.287
970 -270.287
971 -270.287
972 -270.287
973 -270.287
974 -270.287
975 -270.287
976 -270.287
977 -270.287
978 -270.287
979 -270.287
980 -270.287
981 -270.288
982 -270.288
983 -270.288
984 -270.288
985 -270.288
986 -270.288
987 -270.288
988 -270.288
989 -270.288
990 -270.288
991 -270.288
992 -270.288
993 -270.288
994 -270.288
995 -270.288
996 -270.288
997 -270.288
998 -270.287
999 -270.287
1000 -270.287
1001 -270.288
1002 -270.288
1003 -270.288
1004 -270.288
1005 -270.288
1006 -270.288
1007 -270.288
1008 -270.288
1009 -270.288
1010 -270.288
1011 -270.288
1012 -270.288
1013 -270.288
1014 -270.288
1015 -270.288
1016 -270.288
1017 -270.288
1018 -270.288
1019 -270.288
1020 -270.288
1021 -270.288
1022 -270.288
1023 -270.288
1024 -270.288
1025 -270.288
1026 -270.288
1027 -270.288
1028 -270.288
1029 -270.288
1030 -270.288
1031 -270.288
1032 -270.288
1033 -270.288
1034 -270.288
1035 -270.288
1036 -270.288
1037 -270.288
1038 -270.288
1039 -270.288
1040 -270.288
1041 -270.288
1042 -270.288
1043 -270.288
1044 -270.288
1045 -270.288
1046 -270.288
1047 -270.288
1048 -270.288
1049 -270.288
1050 -270.288
1051 -270.288
1052 -270.288
1053 -270.288
1054 -270.288
1055 -270.288
1056 -270.288
1057 -270.288
1058 -270.288
1059 -270.288
1060 -270.288
1061 -270.288
1062 -270.288
1063 -270.288
1064 -270.288
1065 -270.288
1066 -270.288
1067 -270.288
1068 -270.289
1069 -270.289
1070 -270.289
1071 -270.289
1072 -270.289
1073 -270.289
1074 -270.289
1075 -270.289
1076 -270.289
1077 -270.289
1078 -270.289
1079 -270.289
1080 -270.289
1081 -270.289
1082 -270.289
1083 -270.289
1084 -270.289
1085 -270.289
1086 -270.289
1087 -270.289
1088 -270.289
1089 -270.289
1090 -270.289
1091 -270.289
1092 -270.289
1093 -270.289
1094 -270.289
1095 -270.289
1096 -270.289
1097 -270.289
1098 -270.289
1099 -270.289
1100 -270.289
1101 -270.289
1102 -270.289
1103 -270.289
1104 -270.289
1105 -270.289
1106 -270.289
1107 -270.289
1108 -270.289
1109 -270.289
1110 -270.289
1111 -270.289
1112 -270.289
1113 -270.289
1114 -270.289
1115 -270.289
1116 -270.289
1117 -270.289
1118 -270.289
1119 -270.289
1120 -270.289
1121 -270.289
1122 -270.289
1123 -270.289
1124 -270.289
1125 -270.289
1126 -270.289
1127 -270.289
1128 -270.289
1129 -270.289
1130 -270.289
1131 -270.289
1132 -270.289
1133 -270.289
1134 -270.289
1135 -270.289
1136 -270.289
1137 -270.289
1138 -270.289
1139 -270.29
1140 -270.29
1141 -270.289
1142 -270.29
1143 -270.29
1144 -270.29
1145 -270.29
1146 -270.29
1147 -270.289
1148 -270.289
1149 -270.289
1150 -270.289
1151 -270.289
1152 -270.289
1153 -270.289
1154 -270.289
1155 -270.289
1156 -270.289
1157 -270.289
1158 -270.289
1159 -270.289
1160 -270.289
1161 -270.289
1162 -270.29
1163 -270.289
1164 -270.289
1165 -270.289
1166 -270.289
1167 -270.289
1168 -270.289
1169 -270.29
1170 -270.29
1171 -270.29
1172 -270.29
1173 -270.29
1174 -270.29
1175 -270.29
1176 -270.29
1177 -270.29
1178 -270.29
1179 -270.29
1180 -270.29
1181 -270.29
1182 -270.29
1183 -270.29
1184 -270.29
1185 -270.29
1186 -270.29
1187 -270.29
1188 -270.29
1189 -270.29
1190 -270.29
1191 -270.29
1192 -270.29
1193 -270.29
1194 -270.29
1195 -270.29
1196 -270.29
1197 -270.29
1198 -270.29
1199 -270.29
1200 -270.29
1201 -270.29
1202 -270.29
1203 -270.29
1204 -270.29
1205 -270.29
1206 -270.29
1207 -270.29
1208 -270.29
1209 -270.29
1210 -270.29
1211 -270.29
1212 -270.29
1213 -270.29
1214 -270.29
1215 -270.29
1216 -270.29
1217 -270.29
1218 -270.29
1219 -270.29
1220 -270.29
1221 -270.29
1222 -270.29
1223 -270.29
1224 -270.29
1225 -270.29
1226 -270.29
1227 -270.29
1228 -270.29
1229 -270.29
1230 -270.29
1231 -270.29
1232 -270.29
1233 -270.29
1234 -270.29
1235 -270.29
1236 -270.29
1237 -270.29
1238 -270.29
1239 -270.29
1240 -270.29
1241 -270.29
1242 -270.29
1243 -270.29
1244 -270.29
1245 -270.29
1246 -270.29
1247 -270.29
1248 -270.29
1249 -270.29
1250 -270.29
1251 -270.29
1252 -270.29
1253 -270.29
1254 -270.29
1255 -270.29
1256 -270.29
1257 -270.29
1258 -270.29
1259 -270.29
1260 -270.29
1261 -270.29
1262 -270.29
1263 -270.29
1264 -270.29
1265 -270.29
1266 -270.29
1267 -270.29
1268 -270.29
1269 -270.29
1270 -270.29
1271 -270.29
1272 -270.29
1273 -270.29
1274 -270.29
1275 -270.29
1276 -270.29
1277 -270.29
1278 -270.29
1279 -270.29
1280 -270.29
1281 -270.29
1282 -270.29
1283 -270.29
1284 -270.29
1285 -270.29
1286 -270.29
1287 -270.29
1288 -270.29
1289 -270.29
1290 -270.29
1291 -270.29
1292 -270.29
1293 -270.29
1294 -270.29
1295 -270.29
1296 -270.29
1297 -270.29
1298 -270.29
1299 -270.29
1300 -270.29
1301 -270.29
1302 -270.29
1303 -270.291
1304 -270.291
1305 -270.291
1306 -270.291
1307 -270.291
1308 -270.291
1309 -270.291
1310 -270.291
1311 -270.291
1312 -270.291
1313 -270.291
1314 -270.291
1315 -270.291
1316 -270.291
1317 -270.291
1318 -270.291
1319 -270.291
1320 -270.291
1321 -270.291
1322 -270.291
1323 -270.291
1324 -270.291
1325 -270.291
1326 -270.291
1327 -270.291
1328 -270.291
1329 -270.291
1330 -270.291
1331 -270.291
1332 -270.291
1333 -270.291
1334 -270.291
1335 -270.291
1336 -270.291
1337 -270.291
1338 -270.291
1339 -270.291
1340 -270.291
1341 -270.291
1342 -270.291
1343 -270.291
1344 -270.291
1345 -270.291
1346 -270.291
1347 -270.291
1348 -270.291
1349 -270.291
1350 -270.291
1351 -270.291
1352 -270.291
1353 -270.291
1354 -270.291
1355 -270.291
1356 -270.291
1357 -270.291
1358 -270.291
1359 -270.291
1360 -270.291
1361 -270.291
1362 -270.291
1363 -270.291
1364 -270.291
1365 -270.291
1366 -270.291
1367 -270.291
1368 -270.291
1369 -270.291
1370 -270.291
1371 -270.291
1372 -270.291
1373 -270.291
1374 -270.291
1375 -270.291
1376 -270.291
1377 -270.291
1378 -270.291
1379 -270.291
1380 -270.291
1381 -270.291
1382 -270.291
1383 -270.291
1384 -270.291
1385 -270.291
1386 -270.291
1387 -270.291
1388 -270.291
1389 -270.291
1390 -270.291
1391 -270.291
1392 -270.291
1393 -270.291
1394 -270.291
1395 -270.291
1396 -270.291
1397 -270.291
1398 -270.291
1399 -270.291
1400 -270.291
1401 -270.291
1402 -270.291
1403 -270.291
1404 -270.291
1405 -270.291
1406 -270.291
1407 -270.291
1408 -270.291
1409 -270.291
1410 -270.291
1411 -270.291
1412 -270.291
1413 -270.291
1414 -270.291
1415 -270.291
1416 -270.291
1417 -270.291
1418 -270.291
1419 -270.291
1420 -270.29
1421 -270.29
1422 -270.29
1423 -270.29
1424 -270.29
1425 -270.291
1426 -270.291
1427 -270.291
1428 -270.291
1429 -270.291
1430 -270.291
1431 -270.291
1432 -270.291
1433 -270.29
1434 -270.29
1435 -270.291
1436 -270.291
1437 -270.291
1438 -270.291
1439 -270.291
1440 -270.291
1441 -270.291
1442 -270.291
1443 -270.291
1444 -270.291
1445 -270.291
1446 -270.291
1447 -270.291
1448 -270.291
1449 -270.291
1450 -270.291
1451 -270.291
1452 -270.291
1453 -270.291
1454 -270.291
1455 -270.291
1456 -270.291
1457 -270.291
1458 -270.291
1459 -270.291
1460 -270.291
1461 -270.291
1462 -270.291
1463 -270.291
1464 -270.291
1465 -270.291
1466 -270.291
1467 -270.291
1468 -270.291
1469 -270.291
1470 -270.291
1471 -270.291
1472 -270.291
1473 -270.291
1474 -270.291
1475 -270.291
1476 -270.291
1477 -270.291
1478 -270.291
1479 -270.291
1480 -270.291
1481 -270.291
1482 -270.291
1483 -270.291
1484 -270.291
1485 -270.291
1486 -270.291
1487 -270.291
1488 -270.291
1489 -270.291
1490 -270.291
1491 -270.291
1492 -270.291
1493 -270.291
1494 -270.291
1495 -270.291
1496 -270.291
1497 -270.291
1498 -270.291
1499 -270.291
1500 -270.291
1501 -270.291
1502 -270.291
1503 -270.291
1504 -270.291
1505 -270.291
1506 -270.291
1507 -270.291
1508 -270.291
1509 -270.292
1510 -270.292
1511 -270.291
1512 -270.291
1513 -270.291
1514 -270.291
1515 -270.291
1516 -270.291
1517 -270.291
1518 -270.291
1519 -270.291
1520 -270.291
1521 -270.291
1522 -270.291
1523 -270.291
1524 -270.291
1525 -270.291
1526 -270.291
1527 -270.291
1528 -270.291
1529 -270.292
1530 -270.291
1531 -270.292
1532 -270.292
1533 -270.291
1534 -270.291
1535 -270.291
1536 -270.291
1537 -270.291
1538 -270.291
1539 -270.291
1540 -270.291
1541 -270.291
1542 -270.291
1543 -270.291
1544 -270.291
1545 -270.291
1546 -270.291
1547 -270.291
1548 -270.291
1549 -270.291
1550 -270.291
1551 -270.291
1552 -270.291
1553 -270.291
1554 -270.291
1555 -270.291
1556 -270.291
1557 -270.291
1558 -270.291
1559 -270.291
1560 -270.291
1561 -270.291
1562 -270.291
1563 -270.291
1564 -270.291
1565 -270.291
1566 -270.291
1567 -270.291
1568 -270.291
1569 -270.291
1570 -270.291
1571 -270.291
1572 -270.291
1573 -270.291
1574 -270.291
1575 -270.291
1576 -270.291
1577 -270.291
1578 -270.291
1579 -270.291
1580 -270.291
1581 -270.291
1582 -270.291
1583 -270.291
1584 -270.291
1585 -270.291
1586 -270.291
1587 -270.291
1588 -270.291
1589 -270.292
1590 -270.292
1591 -270.292
1592 -270.291
1593 -270.292
1594 -270.292
1595 -270.292
1596 -270.292
1597 -270.292
1598 -270.291
1599 -270.291
1600 -270.291
1601 -270.291
1602 -270.291
1603 -270.291
1604 -270.291
1605 -270.291
1606 -270.291
1607 -270.291
1608 -270.291
1609 -270.291
1610 -270.291
1611 -270.291
1612 -270.291
1613 -270.291
1614 -270.291
1615 -270.291
1616 -270.291
1617 -270.291
1618 -270.291
1619 -270.291
1620 -270.291
1621 -270.291
1622 -270.291
1623 -270.291
1624 -270.291
1625 -270.291
1626 -270.291
1627 -270.291
1628 -270.291
1629 -270.291
1630 -270.291
1631 -270.291
1632 -270.291
1633 -270.291
1634 -270.291
1635 -270.291
1636 -270.291
1637 -270.291
1638 -270.291
1639 -270.291
1640 -270.291
1641 -270.291
1642 -270.291
1643 -270.291
1644 -270.291
1645 -270.291
1646 -270.291
1647 -270.291
1648 -270.291
1649 -270.291
1650 -270.291
1651 -270.291
1652 -270.291
1653 -270.291
1654 -270.291
1655 -270.291
1656 -270.291
1657 -270.291
1658 -270.291
1659 -270.291
1660 -270.292
1661 -270.292
1662 -270.292
1663 -270.292
1664 -270.292
1665 -270.292
1666 -270.292
1667 -270.292
1668 -270.292
1669 -270.291
1670 -270.291
1671 -270.291
1672 -270.291
1673 -270.292
1674 -270.292
1675 -270.292
1676 -270.292
1677 -270.292
1678 -270.292
1679 -270.292
1680 -270.292
1681 -270.292
1682 -270.292
1683 -270.292
1684 -270.292
1685 -270.292
1686 -270.292
1687 -270.292
1688 -270.292
1689 -270.292
1690 -270.292
1691 -270.292
1692 -270.292
1693 -270.291
1694 -270.291
1695 -270.292
1696 -270.292
1697 -270.292
1698 -270.292
1699 -270.292
1700 -270.292
1701 -270.292
1702 -270.292
1703 -270.292
1704 -270.292
1705 -270.292
1706 -270.292
1707 -270.292
1708 -270.292
1709 -270.292
1710 -270.292
1711 -270.292
1712 -270.292
1713 -270.292
1714 -270.292
1715 -270.292
1716 -270.292
1717 -270.292
1718 -270.292
1719 -270.292
1720 -270.292
1721 -270.292
1722 -270.292
1723 -270.292
1724 -270.292
1725 -270.292
1726 -270.292
1727 -270.292
1728 -270.292
1729 -270.292
1730 -270.292
1731 -270.292
1732 -270.292
1733 -270.292
1734 -270.292
1735 -270.292
1736 -270.292
1737 -270.292
1738 -270.292
1739 -270.292
1740 -270.292
1741 -270.292
1742 -270.292
1743 -270.292
1744 -270.292
1745 -270.292
1746 -270.292
1747 -270.292
1748 -270.292
1749 -270.292
1750 -270.292
1751 -270.292
1752 -270.292
1753 -270.292
1754 -270.292
1755 -270.292
1756 -270.292
1757 -270.292
1758 -270.292
1759 -270.292
1760 -270.292
1761 -270.292
1762 -270.292
1763 -270.292
1764 -270.292
1765 -270.292
1766 -270.292
1767 -270.292
1768 -270.292
1769 -270.292
1770 -270.292
1771 -270.292
1772 -270.292
1773 -270.292
1774 -270.292
1775 -270.292
1776 -270.292
1777 -270.292
1778 -270.292
1779 -270.292
1780 -270.292
1781 -270.292
1782 -270.292
1783 -270.292
1784 -270.292
1785 -270.292
1786 -270.292
1787 -270.292
1788 -270.292
1789 -270.292
1790 -270.292
1791 -270.292
1792 -270.292
1793 -270.292
1794 -270.291
1795 -270.291
1796 -270.291
1797 -270.291
1798 -270.292
1799 -270.292
1800 -270.291
1801 -270.291
1802 -270.292
1803 -270.291
1804 -270.291
1805 -270.291
1806 -270.291
1807 -270.292
1808 -270.292
1809 -270.292
1810 -270.292
1811 -270.292
1812 -270.292
1813 -270.292
1814 -270.292
1815 -270.292
1816 -270.292
1817 -270.292
1818 -270.292
1819 -270.292
1820 -270.292
1821 -270.292
1822 -270.292
1823 -270.292
1824 -270.292
1825 -270.292
1826 -270.292
1827 -270.292
1828 -270.292
1829 -270.292
1830 -270.292
1831 -270.292
1832 -270.292
1833 -270.292
1834 -270.292
1835 -270.292
1836 -270.292
1837 -270.292
1838 -270.292
1839 -270.292
1840 -270.292
1841 -270.292
1842 -270.292
1843 -270.292
1844 -270.292
1845 -270.292
1846 -270.292
1847 -270.292
1848 -270.292
1849 -270.292
1850 -270.292
1851 -270.292
1852 -270.292
1853 -270.292
1854 -270.292
1855 -270.292
1856 -270.292
1857 -270.292
1858 -270.292
1859 -270.292
1860 -270.292
1861 -270.292
1862 -270.292
1863 -270.292
1864 -270.292
1865 -270.292
1866 -270.292
1867 -270.292
1868 -270.292
1869 -270.292
1870 -270.292
1871 -270.292
1872 -270.292
1873 -270.292
1874 -270.292
1875 -270.292
1876 -270.292
1877 -270.292
1878 -270.292
1879 -270.292
1880 -270.292
1881 -270.292
1882 -270.292
1883 -270.292
1884 -270.292
1885 -270.292
1886 -270.292
1887 -270.292
1888 -270.292
1889 -270.292
1890 -270.292
1891 -270.292
1892 -270.292
1893 -270.292
1894 -270.292
1895 -270.292
1896 -270.292
1897 -270.292
1898 -270.292
1899 -270.292
1900 -270.292
1901 -270.292
1902 -270.292
1903 -270.292
1904 -270.292
1905 -270.292
1906 -270.292
1907 -270.292
1908 -270.292
1909 -270.292
1910 -270.292
1911 -270.292
1912 -270.292
1913 -270.292
1914 -270.292
1915 -270.292
1916 -270.292
1917 -270.292
1918 -270.292
1919 -270.292
1920 -270.292
1921 -270.292
1922 -270.292
1923 -270.292
1924 -270.292
1925 -270.292
1926 -270.292
1927 -270.292
1928 -270.292
1929 -270.292
1930 -270.292
1931 -270.292
1932 -270.292
1933 -270.292
1934 -270.292
1935 -270.292
1936 -270.292
1937 -270.292
1938 -270.292
1939 -270.292
1940 -270.292
1941 -270.292
1942 -270.292
1943 -270.292
1944 -270.292
1945 -270.292
1946 -270.292
1947 -270.292
1948 -270.292
1949 -270.292
1950 -270.292
1951 -270.292
1952 -270.292
1953 -270.292
1954 -270.292
1955 -270.292
1956 -270.292
1957 -270.292
1958 -270.292
1959 -270.292
1960 -270.292
1961 -270.292
1962 -270.292
1963 -270.292
1964 -270.292
1965 -270.292
1966 -270.292
1967 -270.292
1968 -270.292
1969 -270.292
1970 -270.292
1971 -270.292
1972 -270.292
1973 -270.292
1974 -270.292
1975 -270.292
1976 -270.292
1977 -270.292
1978 -270.292
1979 -270.292
1980 -270.292
1981 -270.292
1982 -270.292
1983 -270.292
1984 -270.292
1985 -270.292
1986 -270.292
1987 -270.292
1988 -270.292
1989 -270.292
1990 -270.292
1991 -270.292
1992 -270.292
1993 -270.292
1994 -270.292
1995 -270.292
1996 -270.292
1997 -270.292
1998 -270.292
1999 -270.292
2000 -270.292
2001 -270.292
2002 -270.292
2003 -270.292
2004 -270.292
2005 -270.293
2006 -270.293
2007 -270.293
2008 -270.293
2009 -270.293
2010 -270.293
2011 -270.293
2012 -270.293
2013 -270.293
2014 -270.293
2015 -270.293
2016 -270.293
2017 -270.293
2018 -270.293
2019 -270.293
2020 -270.293
2021 -270.293
2022 -270.293
2023 -270.293
2024 -270.293
2025 -270.293
2026 -270.293
2027 -270.292
2028 -270.292
2029 -270.292
2030 -270.292
2031 -270.292
2032 -270.292
2033 -270.292
2034 -270.292
2035 -270.292
2036 -270.292
2037 -270.292
2038 -270.292
2039 -270.292
2040 -270.293
2041 -270.292
2042 -270.293
2043 -270.292
2044 -270.292
2045 -270.292
2046 -270.292
2047 -270.292
2048 -270.292
2049 -270.292
2050 -270.292
2051 -270.292
2052 -270.292
2053 -270.292
2054 -270.292
2055 -270.292
2056 -270.292
2057 -270.292
2058 -270.292
2059 -270.292
2060 -270.292
2061 -270.292
2062 -270.292
2063 -270.292
2064 -270.292
2065 -270.292
2066 -270.292
2067 -270.292
2068 -270.292
2069 -270.292
2070 -270.292
2071 -270.292
2072 -270.292
2073 -270.292
2074 -270.292
2075 -270.292
2076 -270.292
2077 -270.292
2078 -270.292
2079 -270.292
2080 -270.293
2081 -270.293
2082 -270.293
2083 -270.293
2084 -270.293
2085 -270.293
2086 -270.292
2087 -270.292
2088 -270.293
2089 -270.293
2090 -270.293
2091 -270.293
2092 -270.293
2093 -270.292
2094 -270.292
2095 -270.292
2096 -270.293
2097 -270.293
2098 -270.293
2099 -270.293
2100 -270.293
2101 -270.293
2102 -270.293
2103 -270.293
2104 -270.293
2105 -270.293
2106 -270.293
2107 -270.293
2108 -270.293
2109 -270.293
2110 -270.293
2111 -270.293
2112 -270.293
2113 -270.293
2114 -270.292
2115 -270.293
2116 -270.293
2117 -270.293
2118 -270.293
2119 -270.293
2120 -270.293
2121 -270.293
2122 -270.293
2123 -270.293
2124 -270.293
2125 -270.293
2126 -270.293
2127 -270.293
2128 -270.293
2129 -270.293
2130 -270.293
2131 -270.293
2132 -270.293
2133 -270.293
2134 -270.293
2135 -270.293
2136 -270.293
2137 -270.293
2138 -270.293
2139 -270.293
2140 -270.293
2141 -270.293
2142 -270.293
2143 -270.293
2144 -270.293
2145 -270.293
2146 -270.293
2147 -270.293
2148 -270.293
2149 -270.293
2150 -270.293
2151 -270.293
2152 -270.293
2153 -270.293
2154 -270.293
2155 -270.293
2156 -270.293
2157 -270.293
2158 -270.293
2159 -270.293
2160 -270.293
2161 -270.293
2162 -270.293
2163 -270.293
2164 -270.293
2165 -270.293
2166 -270.293
2167 -270.293
2168 -270.293
2169 -270.293
2170 -270.293
2171 -270.293
2172 -270.293
2173 -270.293
2174 -270.293
2175 -270.293
2176 -270.293
2177 -270.293
2178 -270.293
2179 -270.293
2180 -270.293
2181 -270.293
2182 -270.293
2183 -270.293
2184 -270.293
2185 -270.293
2186 -270.293
2187 -270.293
2188 -270.293
2189 -270.293
2190 -270.293
2191 -270.293
2192 -270.293
2193 -270.293
2194 -270.293
2195 -270.293
2196 -270.293
2197 -270.293
2198 -270.293
2199 -270.293
2200 -270.293
2201 -270.293
2202 -270.293
2203 -270.293
2204 -270.293
2205 -270.293
2206 -270.293
2207 -270.293
2208 -270.293
2209 -270.293
2210 -270.293
2211 -270.293
2212 -270.293
2213 -270.293
2214 -270.293
2215 -270.293
2216 -270.293
2217 -270.293
2218 -270.293
2219 -270.293
2220 -270.293
2221 -270.293
2222 -270.293
2223 -270.293
2224 -270.292
2225 -270.292
2226 -270.292
2227 -270.292
2228 -270.292
2229 -270.292
2230 -270.292
2231 -270.292
2232 -270.292
2233 -270.292
2234 -270.292
2235 -270.292
2236 -270.292
2237 -270.292
2238 -270.292
2239 -270.292
2240 -270.292
2241 -270.292
2242 -270.292
2243 -270.292
2244 -270.292
2245 -270.292
2246 -270.292
2247 -270.292
2248 -270.292
2249 -270.292
2250 -270.292
2251 -270.293
2252 -270.293
2253 -270.293
2254 -270.293
2255 -270.293
2256 -270.293
2257 -270.292
2258 -270.292
2259 -270.292
2260 -270.292
2261 -270.292
2262 -270.292
2263 -270.292
2264 -270.292
2265 -270.292
2266 -270.292
2267 -270.292
2268 -270.292
2269 -270.292
2270 -270.292
2271 -270.292
2272 -270.292
2273 -270.292
2274 -270.293
2275 -270.293
2276 -270.293
2277 -270.293
2278 -270.293
2279 -270.293
2280 -270.293
2281 -270.293
2282 -270.293
2283 -270.293
2284 -270.293
2285 -270.292
2286 -270.292
2287 -270.292
2288 -270.292
2289 -270.292
2290 -270.292
2291 -270.292
2292 -270.292
2293 -270.292
2294 -270.292
2295 -270.292
2296 -270.292
2297 -270.292
2298 -270.292
2299 -270.292
2300 -270.292
2301 -270.292
2302 -270.292
2303 -270.292
2304 -270.292
2305 -270.292
2306 -270.292
2307 -270.292
2308 -270.292
2309 -270.292
2310 -270.292
2311 -270.292
2312 -270.292
2313 -270.292
2314 -270.293
2315 -270.292
2316 -270.293
2317 -270.293
2318 -270.293
2319 -270.293
2320 -270.293
2321 -270.293
2322 -270.293
2323 -270.293
2324 -270.293
2325 -270.293
2326 -270.293
2327 -270.293
2328 -270.293
2329 -270.293
2330 -270.293
2331 -270.293
2332 -270.293
2333 -270.293
2334 -270.293
2335 -270.293
2336 -270.293
2337 -270.293
2338 -270.293
2339 -270.293
2340 -270.293
2341 -270.293
2342 -270.293
2343 -270.273
2344 -270.273
2345 -270.274
2346 -270.288
2347 -270.288
2348 -270.288
2349 -270.289
2350 -270.289
2351 -270.289
2352 -270.289
2353 -270.289
2354 -270.289
2355 -270.289
2356 -270.289
2357 -270.289
2358 -270.289
2359 -270.291
2360 -270.292
2361 -270.292
2362 -270.292
2363 -270.291
2364 -270.291
2365 -270.292
2366 -270.292
2367 -270.292
2368 -270.292
2369 -270.292
2370 -270.292
2371 -270.292
2372 -270.292
2373 -270.292
2374 -270.292
2375 -270.292
2376 -270.292
2377 -270.292
2378 -270.292
2379 -270.292
2380 -270.292
2381 -270.292
2382 -270.292
2383 -270.292
2384 -270.292
2385 -270.292
2386 -270.292
2387 -270.292
2388 -270.292
2389 -270.292
2390 -270.292
2391 -270.292
2392 -270.292
2393 -270.292
2394 -270.292
2395 -270.292
2396 -270.292
2397 -270.292
2398 -270.292
2399 -270.292
2400 -270.292
2401 -270.292
2402 -270.292
2403 -270.292
2404 -270.292
2405 -270.292
2406 -270.292
2407 -270.292
2408 -270.292
2409 -270.292
2410 -270.292
2411 -270.292
2412 -270.292
2413 -270.292
2414 -270.292
2415 -270.292
2416 -270.292
2417 -270.292
2418 -270.292
2419 -270.292
2420 -270.292
2421 -270.292
2422 -270.292
2423 -270.292
2424 -270.292
2425 -270.292
2426 -270.292
2427 -270.292
2428 -270.292
2429 -270.292
2430 -270.292
2431 -270.292
2432 -270.292
2433 -270.292
2434 -270.292
2435 -270.292
2436 -270.292
2437 -270.292
2438 -270.292
2439 -270.292
2440 -270.292
2441 -270.292
2442 -270.292
2443 -270.292
2444 -270.292
2445 -270.292
2446 -270.292
2447 -270.292
2448 -270.292
2449 -270.292
2450 -270.292
2451 -270.292
2452 -270.292
2453 -270.292
2454 -270.292
2455 -270.293
2456 -270.293
2457 -270.293
2458 -270.293
2459 -270.293
2460 -270.293
2461 -270.293
2462 -270.293
2463 -270.293
2464 -270.293
2465 -270.293
2466 -270.293
2467 -270.293
2468 -270.293
2469 -270.293
2470 -270.293
2471 -270.293
2472 -270.293
2473 -270.293
2474 -270.293
2475 -270.293
2476 -270.293
2477 -270.293
2478 -270.292
2479 -270.292
2480 -270.293
2481 -270.293
2482 -270.293
2483 -270.293
2484 -270.293
2485 -270.293
2486 -270.293
2487 -270.293
2488 -270.293
2489 -270.293
2490 -270.293
2491 -270.293
2492 -270.293
2493 -270.293
2494 -270.293
2495 -270.293
2496 -270.293
2497 -270.293
2498 -270.293
2499 -270.293
2500 -270.293
2501 -270.293
2502 -270.293
2503 -270.293
2504 -270.293
2505 -270.293
2506 -270.293
2507 -270.293
2508 -270.293
2509 -270.293
2510 -270.293
2511 -270.293
2512 -270.293
2513 -270.293
2514 -270.293
2515 -270.293
2516 -270.293
2517 -270.293
2518 -270.293
2519 -270.293
2520 -270.293
2521 -270.293
2522 -270.293
2523 -270.293
2524 -270.293
2525 -270.293
2526 -270.293
2527 -270.293
2528 -270.293
2529 -270.293
2530 -270.293
2531 -270.293
2532 -270.293
2533 -270.293
2534 -270.293
2535 -270.293
2536 -270.293
2537 -270.293
2538 -270.293
2539 -270.293
2540 -270.293
2541 -270.293
2542 -270.293
2543 -270.293
2544 -270.293
2545 -270.293
2546 -270.293
2547 -270.293
2548 -270.293
2549 -270.293
2550 -270.293
2551 -270.293
2552 -270.293
2553 -270.293
2554 -270.293
2555 -270.293
2556 -270.293
2557 -270.293
2558 -270.293
2559 -270.293
2560 -270.293
2561 -270.293
2562 -270.293
2563 -270.293
2564 -270.293
2565 -270.293
2566 -270.293
2567 -270.293
2568 -270.293
2569 -270.293
2570 -270.293
2571 -270.293
2572 -270.293
2573 -270.293
2574 -270.293
2575 -270.293
2576 -270.293
2577 -270.293
2578 -270.293
2579 -270.293
2580 -270.293
2581 -270.293
2582 -270.293
2583 -270.293
2584 -270.293
2585 -270.293
2586 -270.293
2587 -270.293
2588 -270.293
2589 -270.293
2590 -270.293
2591 -270.293
2592 -270.293
2593 -270.293
2594 -270.293
2595 -270.293
2596 -270.293
2597 -270.293
2598 -270.293
2599 -270.293
2600 -270.293
2601 -270.293
2602 -270.293
2603 -270.293
2604 -270.293
2605 -270.293
2606 -270.293
2607 -270.293
2608 -270.293
2609 -270.293
2610 -270.293
2611 -270.293
2612 -270.293
2613 -270.293
2614 -270.293
2615 -270.293
2616 -270.293
2617 -270.293
2618 -270.293
2619 -270.293
2620 -270.293
2621 -270.266
2622 -270.267
2623 -270.27
2624 -270.271
2625 -270.273
2626 -270.273
2627 -270.276
2628 -270.276
2629 -270.276
2630 -270.276
2631 -270.276
2632 -270.276
2633 -270.276
2634 -270.276
2635 -270.279
2636 -270.279
2637 -270.279
2638 -270.28
2639 -270.28
2640 -270.28
2641 -270.28
2642 -270.28
2643 -270.28
2644 -270.28
2645 -270.28
2646 -270.285
2647 -270.285
2648 -270.285
2649 -270.285
2650 -270.285
2651 -270.285
2652 -270.286
2653 -270.286
2654 -270.286
2655 -270.287
2656 -270.287
2657 -270.287
2658 -270.287
2659 -270.287
2660 -270.287
2661 -270.287
2662 -270.289
2663 -270.289
2664 -270.289
2665 -270.29
2666 -270.29
2667 -270.29
2668 -270.29
2669 -270.29
2670 -270.29
2671 -270.291
2672 -270.291
2673 -270.291
2674 -270.291
2675 -270.291
2676 -270.291
2677 -270.291
2678 -270.291
2679 -270.291
2680 -270.291
2681 -270.291
2682 -270.291
2683 -270.291
2684 -270.291
2685 -270.291
2686 -270.291
2687 -270.291
2688 -270.291
2689 -270.291
2690 -270.291
2691 -270.291
2692 -270.291
2693 -270.291
2694 -270.291
2695 -270.291
2696 -270.291
2697 -270.291
2698 -270.291
2699 -270.291
2700 -270.291
2701 -270.291
2702 -270.291
2703 -270.291
2704 -270.291
2705 -270.291
2706 -270.291
2707 -270.291
2708 -270.291
2709 -270.291
2710 -270.291
2711 -270.291
2712 -270.291
2713 -270.291
2714 -270.291
2715 -270.291
2716 -270.291
2717 -270.291
2718 -270.291
2719 -270.291
2720 -270.291
2721 -270.291
2722 -270.291
2723 -270.291
2724 -270.291
2725 -270.291
2726 -270.291
2727 -270.291
2728 -270.291
2729 -270.291
2730 -270.291
2731 -270.291
2732 -270.291
2733 -270.291
2734 -270.291
2735 -270.291
2736 -270.291
2737 -270.291
2738 -270.291
2739 -270.291
2740 -270.291
2741 -270.291
2742 -270.291
2743 -270.291
2744 -270.291
2745 -270.291
2746 -270.291
2747 -270.291
2748 -270.291
2749 -270.291
2750 -270.291
2751 -270.291
2752 -270.291
2753 -270.291
2754 -270.292
2755 -270.292
2756 -270.291
2757 -270.291
2758 -270.292
2759 -270.292
2760 -270.292
2761 -270.292
2762 -270.292
2763 -270.292
2764 -270.292
2765 -270.292
2766 -270.292
2767 -270.292
2768 -270.292
2769 -270.292
2770 -270.292
2771 -270.292
2772 -270.292
2773 -270.292
2774 -270.292
2775 -270.292
2776 -270.292
2777 -270.292
2778 -270.292
2779 -270.292
2780 -270.292
2781 -270.292
2782 -270.292
2783 -270.292
2784 -270.292
2785 -270.292
2786 -270.292
2787 -270.292
2788 -270.292
2789 -270.292
2790 -270.292
2791 -270.292
2792 -270.292
2793 -270.292
2794 -270.292
2795 -270.292
2796 -270.292
2797 -270.292
2798 -270.292
2799 -270.292
2800 -270.292
2801 -270.292
2802 -270.292
2803 -270.292
2804 -270.292
2805 -270.292
2806 -270.292
2807 -270.292
2808 -270.292
2809 -270.292
2810 -270.292
2811 -270.292
2812 -270.292
2813 -270.292
2814 -270.292
2815 -270.292
2816 -270.292
2817 -270.292
2818 -270.292
2819 -270.292
2820 -270.292
2821 -270.292
2822 -270.292
2823 -270.292
2824 -270.293
2825 -270.293
2826 -270.293
2827 -270.293
2828 -270.293
2829 -270.293
2830 -270.293
2831 -270.293
2832 -270.293
2833 -270.293
2834 -270.293
2835 -270.293
2836 -270.293
2837 -270.293
2838 -270.293
2839 -270.293
2840 -270.293
2841 -270.293
2842 -270.293
2843 -270.293
2844 -270.293
2845 -270.293
2846 -270.293
2847 -270.293
2848 -270.293
2849 -270.293
2850 -270.293
2851 -270.293
2852 -270.293
2853 -270.293
2854 -270.293
2855 -270.293
2856 -270.293
2857 -270.293
2858 -270.293
2859 -270.293
2860 -270.293
2861 -270.293
2862 -270.293
2863 -270.293
2864 -270.293
2865 -270.293
2866 -270.293
2867 -270.293
2868 -270.293
2869 -270.293
2870 -270.293
2871 -270.293
2872 -270.293
2873 -270.293
2874 -270.293
2875 -270.293
2876 -270.293
2877 -270.293
2878 -270.293
2879 -270.293
2880 -270.293
2881 -270.293
2882 -270.294
2883 -270.294
2884 -270.293
2885 -270.293
2886 -270.293
2887 -270.293
2888 -270.293
2889 -270.293
2890 -270.293
2891 -270.293
2892 -270.293
2893 -270.293
2894 -270.293
2895 -270.293
2896 -270.293
2897 -270.293
2898 -270.293
2899 -270.293
2900 -270.293
2901 -270.293
2902 -270.293
2903 -270.293
2904 -270.293
2905 -270.293
2906 -270.293
2907 -270.293
2908 -270.293
2909 -270.293
2910 -270.293
2911 -270.293
2912 -270.293
2913 -270.294
2914 -270.294
2915 -270.294
2916 -270.294
2917 -270.294
2918 -270.294
2919 -270.294
2920 -270.294
2921 -270.293
2922 -270.293
2923 -270.293
2924 -270.294
2925 -270.294
2926 -270.294
2927 -270.293
2928 -270.294
2929 -270.294
2930 -270.294
2931 -270.294
2932 -270.294
2933 -270.294
2934 -270.294
2935 -270.294
2936 -270.294
2937 -270.294
2938 -270.294
2939 -270.294
2940 -270.294
2941 -270.293
2942 -270.293
2943 -270.293
2944 -270.294
2945 -270.294
2946 -270.294
2947 -270.294
2948 -270.294
2949 -270.294
2950 -270.294
2951 -270.294
2952 -270.294
2953 -270.294
2954 -270.294
2955 -270.294
2956 -270.294
2957 -270.294
2958 -270.294
2959 -270.294
2960 -270.294
2961 -270.294
2962 -270.294
2963 -270.294
2964 -270.294
2965 -270.294
2966 -270.294
2967 -270.294
2968 -270.294
2969 -270.293
2970 -270.293
2971 -270.293
2972 -270.293
2973 -270.293
2974 -270.293
2975 -270.294
2976 -270.294
2977 -270.293
2978 -270.293
2979 -270.293
2980 -270.294
2981 -270.294
2982 -270.294
2983 -270.294
2984 -270.294
2985 -270.294
2986 -270.294
2987 -270.294
2988 -270.294
2989 -270.294
2990 -270.294
2991 -270.294
2992 -270.294
2993 -270.294
2994 -270.294
2995 -270.294
2996 -270.294
2997 -270.294
2998 -270.294
2999 -270.294
3000 -270.294
