1 -269.473
2 -269.547
3 -269.595
4 -269.632
5 -269.686
6 -269.734
7 -269.774
8 -269.805
9 -269.822
10 -269.831
11 -269.857
12 -269.885
13 -269.903
14 -269.914
15 -269.927
16 -269.947
17 -269.959
18 -269.965
19 -269.972
20 -269.987
21 -269.995
22 -270.015
23 -270.021
24 -270.031
25 -270.033
26 -270.042
27 -270.051
28 -270.061
29 -270.072
30 -270.089
31 -270.091
32 -270.096
33 -270.097
34 -270.112
35 -270.115
36 -270.119
37 -270.121
38 -270.131
39 -270.135
40 -270.136
41 -270.142
42 -270.146
43 -270.151
44 -270.155
45 -270.159
46 -270.161
47 -270.162
48 -270.165
49 -270.166
50 -270.169
51 -270.17
52 -270.173
53 -270.174
54 -270.175
55 -270.175
56 -270.18
57 -270.184
58 -270.186
59 -270.187
60 -270.187
61 -270.189
62 -270.192
63 -270.195
64 -270.195
65 -270.195
66 -270.197
67 -270.198
68 -270.199
69 -270.2
70 -270.201
71 -270.203
72 -270.203
73 -270.204
74 -270.206
75 -270.206
76 -270.207
77 -270.208
78 -270.208
79 -270.208
80 -270.209
81 -270.211
82 -270.212
83 -270.213
84 -270.213
85 -270.214
86 -270.215
87 -270.215
88 -270.215
89 -270.216
90 -270.216
91 -270.217
92 -270.218
93 -270.22
94 -270.22
95 -270.221
96 -270.221
97 -270.222
98 -270.222
99 -270.223
100 -270.223
101 -270.223
102 -270.223
103 -270.224
104 -270.225
105 -270.225
106 -270.226
107 -270.226
108 -270.228
109 -270.229
110 -270.23
111 -270.23
112 -270.23
113 -270.232
114 -270.232
115 -270.232
116 -270.234
117 -270.235
118 -270.235
119 -270.235
120 -270.236
121 -270.237
122 -270.238
123 -270.238
124 -270.238
125 -270.239
126 -270.24
127 -270.24
128 -270.242
129 -270.242
130 -270.242
131 -270.243
132 -270.243
133 -270.244
134 -270.244
135 -270.244
136 -270.244
137 -270.245
138 -270.248
139 -270.248
140 -270.248
141 -270.248
142 -270.249
143 -270.249
144 -270.249
145 -270.249
146 -270.249
147 -270.249
148 -270.249
149 -270.249
150 -270.25
151 -270.251
152 -270.251
153 -270.252
154 -270.252
155 -270.252
156 -270.253
157 -270.253
158 -270.254
159 -270.254
160 -270.254
161 -270.254
162 -270.255
163 -270.255
164 -270.256
165 -270.257
166 -270.257
167 -270.258
168 -270.258
169 -270.258
170 -270.259
171 -270.259
172 -270.259
173 -270.259
174 -270.259
175 -270.259
176 -270.259
177 -270.259
178 -270.26
179 -270.26
180 -270.26
181 -270.26
182 -270.261
183 -270.261
184 -270.261
185 -270.261
186 -270.261
187 -270.262
188 -270.262
189 -270.262
190 -270.262
191 -270.262
192 -270.262
193 -270.263
194 -270.263
195 -270.263
196 -270.263
197 -270.263
198 -270.263
199 -270.263
200 -270.263
201 -270.263
202 -270.263
203 -270.263
204 -270.263
205 -270.264
206 -270.264
207 -270.264
208 -270.264
209 -270.264
210 -270.264
211 -270.264
212 -270.265
213 -270.265
214 -270.265
215 -270.265
216 -270.265
217 -270.265
218 -270.265
219 -270.266
220 -270.266
221 -270.266
222 -270.266
223 -270.266
224 -270.266
225 -270.266
226 -270.267
227 -270.267
228 -270.267
229 -270.267
230 -270.268
231 -270.268
232 -270.268
233 -270.268
234 -270.268
235 -270.268
236 -270.269
237 -270.269
238 -270.269
239 -270.269
240 -270.269
241 -270.269
242 -270.27
243 -270.27
244 -270.27
245 -270.27
246 -270.27
247 -270.27
248 -270.27
249 -270.27
250 -270.27
251 -270.27
252 -270.271
253 -270.271
254 -270.271
255 -270.271
256 -270.272
257 -270.272
258 -270.272
259 -270.274
260 -270.274
261 -270.274
262 -270.274
263 -270.274
264 -270.274
265 -270.274
266 -270.275
267 -270.275
268 -270.275
269 -270.275
270 -270.275
271 -270.275
272 -270.275
273 -270.275
274 -270.275
275 -270.275
276 -270.276
277 -270.276
278 -270.276
279 -270.276
280 -270.276
281 -270.276
282 -270.276
283 -270.276
284 -270.276
285 -270.276
286 -270.276
287 -270.276
288 -270.276
289 -270.276
290 -270.276
291 -270.276
292 -270.276
293 -270.276
294 -270.276
295 -270.277
296 -270.277
297 -270.277
298 -270.277
299 -270.277
300 -270.277
301 -270.277
302 -270.277
303 -270.277
304 -270.277
305 -270.277
306 -270.277
307 -270.277
308 -270.278
309 -270.278
310 -270.278
311 -270.278
312 -270.278
313 -270.278
314 -270.278
315 -270.278
316 -270.278
317 -270.278
318 -270.278
319 -270.278
320 -270.278
321 -270.278
322 -270.278
323 -270.279
324 -270.279
325 -270.279
326 -270.279
327 -270.279
328 -270.279
329 -270.279
330 -270.279
331 -270.279
332 -270.279
333 -270.279
334 -270.279
335 -270.279
336 -270.279
337 -270.279
338 -270.279
339 -270.279
340 -270.279
341 -270.279
342 -270.279
343 -270.279
344 -270.279
345 -270.279
346 -270.279
347 -270.279
348 -270.279
349 -270.279
350 -270.279
351 -270.279
352 -270.279
353 -270.279
354 -270.279
355 -270.279
356 -270.28
357 -270.28
358 -270.28
359 -270.28
360 -270.28
361 -270.28
362 -270.28
363 -270.28
364 -270.28
365 -270.28
366 -270.28
367 -270.28
368 -270.28
369 -270.28
370 -270.28
371 -270.28
372 -270.28
373 -270.28
374 -270.28
375 -270.28
376 -270.28
377 -270.281
378 -270.281
379 -270.281
380 -270.281
381 -270.281
382 -270.281
383 -270.281
384 -270.281
385 -270.281
386 -270.281
387 -270.281
388 -270.281
389 -270.281
390 -270.281
391 -270.281
392 -270.281
393 -270.281
394 -270.282
395 -270.282
396 -270.282
397 -270.282
398 -270.282
399 -270.282
400 -270.282
401 -270.282
402 -270.282
403 -270.282
404 -270.282
405 -270.282
406 -270.282
407 -270.282
408 -270.282
409 -270.282
410 -270.282
411 -270.282
412 -270.282
413 -270.282
414 -270.282
415 -270.282
416 -270.282
417 -270.282
418 -270.282
419 -270.282
420 -270.283
421 -270.283
422 -270.283
423 -270.283
424 -270.283
425 -270.283
426 -270.283
427 -270.283
428 -270.283
429 -270.283
430 -270.283
431 -270.283
432 -270.283
433 -270.283
434 -270.283
435 -270.283
436 -270.283
437 -270.283
438 -270.283
439 -270.283
440 -270.283
441 -270.283
442 -270.284
443 -270.284
444 -270.284
445 -270.284
446 -270.284
447 -270.284
448 -270.284
449 -270.284
450 -270.284
451 -270.284
452 -270.284
453 -270.284
454 -270.284
455 -270.284
456 -270.284
457 -270.284
458 -270.284
459 -270.284
460 -270.284
461 -270.284
462 -270.284
463 -270.284
464 -270.284
465 -270.285
466 -270.285
467 -270.285
468 -270.285
469 -270.285
470 -270.285
471 -270.285
472 -270.285
473 -270.285
474 -270.285
475 -270.285
476 -270.285
477 -270.285
478 -270.285
479 -270.285
480 -270.285
481 -270.285
482 -270.285
483 -270.285
484 -270.285
485 -270.285
486 -270.285
487 -270.285
488 -270.285
489 -270.285
490 -270.285
491 -270.285
492 -270.285
493 -270.285
494 -270.285
495 -270.285
496 -270.285
497 -270.285
498 -270.285
499 -270.285
500 -270.285
501 -270.285
502 -270.285
503 -270.285
504 -270.285
505 -270.285
506 -270.285
507 -270.285
508 -270.285
509 -270.285
510 -270.285
511 -270.285
512 -270.285
513 -270.285
514 -270.285
515 -270.285
516 -270.286
517 -270.286
518 -270.286
519 -270.286
520 -270.286
521 -270.286
522 -270.286
523 -270.286
524 -270.286
525 -270.286
526 -270.286
527 -270.286
528 -270.286
529 -270.286
530 -270.286
531 -270.286
532 -270.286
533 -270.286
534 -270.286
535 -270.286
536 -270.286
537 -270.286
538 -270.286
539 -270.286
540 -270.286
541 -270.286
542 -270.286
543 -270.286
544 -270.286
545 -270.286
546 -270.286
547 -270.286
548 -270.286
549 -270.286
550 -270.286
551 -270.286
552 -270.286
553 -270.286
554 -270.286
555 -270.286
556 -270.286
557 -270.286
558 -270.286
559 -270.286
560 -270.286
561 -270.286
562 -270.286
563 -270.286
564 -270.286
565 -270.286
566 -270.286
567 -270.286
568 -270.286
569 -270.286
570 -270.286
571 -270.286
572 -270.286
573 -270.286
574 -270.286
575 -270.287
576 -270.287
577 -270.287
578 -270.287
579 -270.287
580 -270.287
581 -270.287
582 -270.287
583 -270.287
584 -270.287
585 -270.287
586 -270.287
587 -270.287
588 -270.287
589 -270.287
590 -270.287
591 -270.287
592 -270.287
593 -270.287
594 -270.287
595 -270.287
596 -270.287
597 -270.287
598 -270.287
599 -270.287
600 -270.287
601 -270.287
602 -270.287
603 -270.287
604 -270.287
605 -270.287
606 -270.287
607 -270.287
608 -270.287
609 -270.287
610 -270.287
611 -270.287
612 -270.287
613 -270.287
614 -270.287
615 -270.287
616 -270.287
617 -270.287
618 -270.287
619 -270.287
620 -270.287
621 -270.287
622 -270.287
623 -270.287
624 -270.287
625 -270.287
626 -270.287
627 -270.287
628 -270.287
629 -270.287
630 -270.287
631 -270.287
632 -270.287
633 -270.287
634 -270.287
635 -270.287
636 -270.287
637 -270.287
638 -270.287
639 -270.287
640 -270.287
641 -270.287
642 -270.287
643 -270.287
644 -270.287
645 -270.287
646 -270.287
647 -270.287
648 -270.287
649 -270.287
650 -270.287
651 -270.287
652 -270.287
653 -270.287
654 -270.287
655 -270.288
656 -270.288
657 -270.288
658 -270.288
659 -270.288
660 -270.288
661 -270.288
662 -270.288
663 -270.288
664 -270.288
665 -270.288
666 -270.288
667 -270.288
668 -270.288
669 -270.288
670 -270.288
671 -270.288
672 -270.288
673 -270.288
674 -270.288
675 -270.288
676 -270.288
677 -270.288
678 -270.288
679 -270.288
680 -270.288
681 -270.288
682 -270.288
683 -270.288
684 -270.288
685 -270.288
686 -270.288
687 -270.288
688 -270.288
689 -270.288
690 -270.288
691 -270.288
692 -270.288
693 -270.288
694 -270.288
695 -270.288
696 -270.288
697 -270.288
698 -270.288
699 -270.288
700 -270.288
701 -270.288
702 -270.288
703 -270.288
704 -270.288
705 -270.288
706 -270.288
707 -270.288
708 -270.288
709 -270.288
710 -270.288
711 -270.288
712 -270.288
713 -270.288
714 -270.288
715 -270.288
716 -270.288
717 -270.288
718 -270.288
719 -270.288
720 -270.288
721 -270.288
722 -270.288
723 -270.288
724 -270.288
725 -270.288
726 -270.288
727 -270.288
728 -270.288
729 -270.288
730 -270.288
731 -270.288
732 -270.288
733 -270.288
734 -270.288
735 -270.288
736 -270.288
737 -270.288
738 -270.288
739 -270.288
740 -270.288
741 -270.288
742 -270.288
743 -270.288
744 -270.288
745 -270.288
746 -270.289
747 -270.289
748 -270.289
749 -270.289
750 -270.289
751 -270.289
752 -270.289
753 -270.289
754 -270.289
755 -270.289
756 -270.289
757 -270.289
758 -270.289
759 -270.289
760 -270.289
761 -270.289
762 -270.289
763 -270.289
764 -270.289
765 -270.289
766 -270.289
767 -270.289
768 -270.289
769 -270.289
770 -270.289
771 -270.289
772 -270.289
773 -270.289
774 -270.289
775 -270.289
776 -270.289
777 -270.289
778 -270.289
779 -270.289
780 -270.289
781 -270.289
782 -270.289
783 -270.289
784 -270.289
785 -270.289
786 -270.289
787 -270.289
788 -270.289
789 -270.289
790 -270.289
791 -270.289
792 -270.289
793 -270.289
794 -270.289
795 -270.289
796 -270.289
797 -270.289
798 -270.289
799 -270.289
800 -270.289
801 -270.289
802 -270.289
803 -270.289
804 -270.289
805 -270.289
806 -270.289
807 -270.289
808 -270.289
809 -270.289
810 -270.289
811 -270.289
812 -270.289
813 -270.289
814 -270.289
815 -270.289
816 -270.289
817 -270.289
818 -270.289
819 -270.289
820 -270.289
821 -270.289
822 -270.289
823 -270.289
824 -270.289
825 -270.289
826 -270.289
827 -270.289
828 -270.289
829 -270.289
830 -270.289
831 -270.289
832 -270.289
833 -270.289
834 -270.289
835 -270.289
836 -270.289
837 -270.289
838 -270.289
839 -270.289
840 -270.289
841 -270.289
842 -270.289
843 -270.289
844 -270.289
845 -270.289
846 -270.289
847 -270.289
848 -270.289
849 -270.289
850 -270.289
851 -270.289
852 -270.289
853 -270.289
854 -270.289
855 -270.289
856 -270.289
857 -270.289
858 -270.289
859 -270.289
860 -270.289
861 -270.289
862 -270.289
863 -270.289
864 -270.289
865 -270.289
866 -270.289
867 -270.289
868 -270.289
869 -270.289
870 -270.289
871 -270.289
872 -270.289
873 -270.289
874 -270.289
875 -270.289
876 -270.289
877 -270.289
878 -270.289
879 -270.289
880 -270.289
881 -270.289
882 -270.289
883 -270.289
884 -270.289
885 -270.289
886 -270.289
887 -270.289
888 -270.289
889 -270.289
890 -270.289
891 -270.289
892 -270.289
893 -270.289
894 -270.289
895 -270.289
896 -270.289
897 -270.289
898 -270.289
899 -270.289
900 -270.289
901 -270.289
902 -270.289
903 -270.289
904 -270.289
905 -270.289
906 -270.289
907 -270.289
908 -270.289
909 -270.289
910 -270.289
911 -270.289
912 -270.289
913 -270.289
914 -270.289
915 -270.289
916 -270.289
917 -270.289
918 -270.289
919 -270.289
920 -270.289
921 -270.289
922 -270.289
923 -270.289
924 -270.289
925 -270.29
926 -270.29
927 -270.289
928 -270.289
929 -270.289
930 -270.289
931 -270.289
932 -270.29
933 -270.29
934 -270.29
935 -270.29
936 -270.29
937 -270.29
938 -270.29
939 -270.29
940 -270.29
941 -270.29
942 -270.29
943 -270.29
944 -270.29
945 -270.29
946 -270.29
947 -270.29
948 -270.29
949 -270.29
950 -270.29
951 -270.29
952 -270.29
953 -270.29
954 -270.29
955 -270.29
956 -270.29
957 -270.29
958 -270.29
959 -270.29
960 -270.29
961 -270.29
962 -270.29
963 -270.29
964 -270.29
965 -270.29
966 -270.29
967 -270.29
968 -270.29
969 -270.29
970 -270.29
971 -270.29
972 -270.29
973 -270.29
974 -270.29
975 -270.29
976 -270.29
977 -270.29
978 -270.29
979 -270.29
980 -270.29
981 -270.29
982 -270.29
983 -270.29
984 -270.29
985 -270.29
986 -270.29
987 -270.29
988 -270.29
989 -270.29
990 -270.29
991 -270.29
992 -270.29
993 -270.29
994 -270.29
995 -270.29
996 -270.29
997 -270.29
998 -270.29
999 -270.29
1000 -270.29
1001 -270.29
1002 -270.29
1003 -270.29
1004 -270.29
1005 -270.29
1006 -270.29
1007 -270.29
1008 -270.29
1009 -270.29
1010 -270.29
1011 -270.29
1012 -270.29
1013 -270.29
1014 -270.29
1015 -270.29
1016 -270.29
1017 -270.29
1018 -270.29
1019 -270.29
1020 -270.29
1021 -270.29
1022 -270.29
1023 -270.29
1024 -270.29
1025 -270.29
1026 -270.29
1027 -270.29
1028 -270.29
1029 -270.29
1030 -270.29
1031 -270.29
1032 -270.29
1033 -270.29
1034 -270.29
1035 -270.29
1036 -270.29
1037 -270.29
1038 -270.29
1039 -270.29
1040 -270.29
1041 -270.29
1042 -270.29
1043 -270.29
1044 -270.29
1045 -270.29
1046 -270.29
1047 -270.29
1048 -270.29
1049 -270.29
1050 -270.29
1051 -270.29
1052 -270.29
1053 -270.29
1054 -270.29
1055 -270.29
1056 -270.29
1057 -270.29
1058 -270.29
1059 -270.29
1060 -270.29
1061 -270.29
1062 -270.29
1063 -270.29
1064 -270.29
1065 -270.29
1066 -270.29
1067 -270.29
1068 -270.29
1069 -270.29
1070 -270.29
1071 -270.29
1072 -270.29
1073 -270.29
1074 -270.29
1075 -270.29
1076 -270.291
1077 -270.291
1078 -270.291
1079 -270.291
1080 -270.291
1081 -270.291
1082 -270.291
1083 -270.291
1084 -270.291
1085 -270.291
1086 -270.291
1087 -270.291
1088 -270.291
1089 -270.291
1090 -270.291
1091 -270.291
1092 -270.291
1093 -270.291
1094 -270.291
1095 -270.291
1096 -270.291
1097 -270.291
1098 -270.291
1099 -270.291
1100 -270.291
1101 -270.291
1102 -270.291
1103 -270.291
1104 -270.291
1105 -270.291
1106 -270.291
1107 -270.291
1108 -270.291
1109 -270.291
1110 -270.291
1111 -270.291
1112 -270.291
1113 -270.291
1114 -270.291
1115 -270.291
1116 -270.291
1117 -270.291
1118 -270.291
1119 -270.291
1120 -270.291
1121 -270.291
1122 -270.291
1123 -270.291
1124 -270.291
1125 -270.291
1126 -270.291
1127 -270.291
1128 -270.291
1129 -270.291
1130 -270.291
1131 -270.291
1132 -270.291
1133 -270.291
1134 -270.291
1135 -270.291
1136 -270.291
1137 -270.291
1138 -270.291
1139 -270.291
1140 -270.291
1141 -270.291
1142 -270.291
1143 -270.291
1144 -270.291
1145 -270.291
1146 -270.291
1147 -270.291
1148 -270.291
1149 -270.291
1150 -270.291
1151 -270.291
1152 -270.291
1153 -270.291
1154 -270.291
1155 -270.291
1156 -270.291
1157 -270.291
1158 -270.291
1159 -270.291
1160 -270.291
1161 -270.291
1162 -270.291
1163 -270.291
1164 -270.291
1165 -270.291
1166 -270.291
1167 -270.291
1168 -270.291
1169 -270.291
1170 -270.291
1171 -270.291
1172 -270.291
1173 -270.291
1174 -270.291
1175 -270.291
1176 -270.291
1177 -270.291
1178 -270.291
1179 -270.291
1180 -270.291
1181 -270.291
1182 -270.291
1183 -270.291
1184 -270.291
1185 -270.291
1186 -270.291
1187 -270.291
1188 -270.291
1189 -270.291
1190 -270.291
1191 -270.291
1192 -270.291
1193 -270.291
1194 -270.291
1195 -270.291
1196 -270.291
1197 -270.291
1198 -270.291
1199 -270.291
1200 -270.291
1201 -270.291
1202 -270.291
1203 -270.291
1204 -270.291
1205 -270.291
1206 -270.291
1207 -270.291
1208 -270.291
1209 -270.291
1210 -270.291
1211 -270.291
1212 -270.291
1213 -270.291
1214 -270.291
1215 -270.291
1216 -270.291
1217 -270.291
1218 -270.291
1219 -270.291
1220 -270.291
1221 -270.291
1222 -270.291
1223 -270.291
1224 -270.291
1225 -270.291
1226 -270.291
1227 -270.291
1228 -270.291
1229 -270.291
1230 -270.291
1231 -270.291
1232 -270.291
1233 -270.291
1234 -270.291
1235 -270.291
1236 -270.291
1237 -270.291
1238 -270.291
1239 -270.291
1240 -270.291
1241 -270.291
1242 -270.291
1243 -270.291
1244 -270.291
1245 -270.291
1246 -270.291
1247 -270.291
1248 -270.291
1249 -270.291
1250 -270.291
1251 -270.291
1252 -270.291
1253 -270.291
1254 -270.291
1255 -270.291
1256 -270.291
1257 -270.291
1258 -270.291
1259 -270.291
1260 -270.291
1261 -270.291
1262 -270.291
1263 -270.291
1264 -270.291
1265 -270.291
1266 -270.291
1267 -270.291
1268 -270.291
1269 -270.291
1270 -270.291
1271 -270.291
1272 -270.291
1273 -270.291
1274 -270.291
1275 -270.291
1276 -270.291
1277 -270.291
1278 -270.291
1279 -270.291
1280 -270.291
1281 -270.291
1282 -270.291
1283 -270.291
1284 -270.291
1285 -270.291
1286 -270.291
1287 -270.291
1288 -270.291
1289 -270.291
1290 -270.291
1291 -270.291
1292 -270.291
1293 -270.291
1294 -270.291
1295 -270.291
1296 -270.291
1297 -270.291
1298 -270.291
1299 -270.291
1300 -270.291
1301 -270.291
1302 -270.291
1303 -270.291
1304 -270.291
1305 -270.291
1306 -270.292
1307 -270.292
1308 -270.292
1309 -270.292
1310 -270.292
1311 -270.292
1312 -270.292
1313 -270.292
1314 -270.292
1315 -270.292
1316 -270.292
1317 -270.292
1318 -270.292
1319 -270.292
1320 -270.292
1321 -270.292
1322 -270.292
1323 -270.292
1324 -270.292
1325 -270.292
1326 -270.292
1327 -270.292
1328 -270.292
1329 -270.292
1330 -270.292
1331 -270.292
1332 -270.292
1333 -270.292
1334 -270.292
1335 -270.292
1336 -270.292
1337 -270.292
1338 -270.292
1339 -270.292
1340 -270.292
1341 -270.292
1342 -270.292
1343 -270.292
1344 -270.292
1345 -270.292
1346 -270.292
1347 -270.292
1348 -270.292
1349 -270.292
1350 -270.292
1351 -270.292
1352 -270.292
1353 -270.292
1354 -270.292
1355 -270.292
1356 -270.292
1357 -270.292
1358 -270.292
1359 -270.292
1360 -270.292
1361 -270.292
1362 -270.292
1363 -270.292
1364 -270.292
1365 -270.292
1366 -270.292
1367 -270.292
1368 -270.292
1369 -270.292
1370 -270.292
1371 -270.292
1372 -270.292
1373 -270.292
1374 -270.292
1375 -270.292
1376 -270.292
1377 -270.292
1378 -270.292
1379 -270.292
1380 -270.292
1381 -270.292
1382 -270.292
1383 -270.292
1384 -270.292
1385 -270.292
1386 -270.292
1387 -270.292
1388 -270.292
1389 -270.292
1390 -270.292
1391 -270.292
1392 -270.292
1393 -270.292
1394 -270.292
1395 -270.292
1396 -270.292
1397 -270.292
1398 -270.292
1399 -270.292
1400 -270.292
1401 -270.292
1402 -270.292
1403 -270.292
1404 -270.292
1405 -270.292
1406 -270.292
1407 -270.292
1408 -270.292
1409 -270.292
1410 -270.292
1411 -270.292
1412 -270.292
1413 -270.292
1414 -270.292
1415 -270.292
1416 -270.292
1417 -270.292
1418 -270.292
1419 -270.292
1420 -270.292
1421 -270.292
1422 -270.292
1423 -270.292
1424 -270.292
1425 -270.292
1426 -270.292
1427 -270.292
1428 -270.292
1429 -270.292
1430 -270.292
1431 -270.292
1432 -270.292
1433 -270.292
1434 -270.292
1435 -270.292
1436 -270.292
1437 -270.292
1438 -270.292
1439 -270.292
1440 -270.292
1441 -270.292
1442 -270.292
1443 -270.292
1444 -270.292
1445 -270.292
1446 -270.292
1447 -270.292
1448 -270.292
1449 -270.292
1450 -270.292
1451 -270.292
1452 -270.292
1453 -270.292
1454 -270.292
1455 -270.292
1456 -270.292
1457 -270.292
1458 -270.292
1459 -270.292
1460 -270.292
1461 -270.292
1462 -270.292
1463 -270.292
1464 -270.292
1465 -270.292
1466 -270.292
1467 -270.292
1468 -270.292
1469 -270.292
1470 -270.292
1471 -270.292
1472 -270.292
1473 -270.292
1474 -270.292
1475 -270.292
1476 -270.292
1477 -270.292
1478 -270.292
1479 -270.292
1480 -270.292
1481 -270.292
1482 -270.292
1483 -270.292
1484 -270.292
1485 -270.292
1486 -270.292
1487 -270.292
1488 -270.292
1489 -270.292
1490 -270.292
1491 -270.292
1492 -270.292
1493 -270.292
1494 -270.292
1495 -270.292
1496 -270.292
1497 -270.292
1498 -270.292
1499 -270.292
1500 -270.292
1501 -270.292
1502 -270.292
1503 -270.292
1504 -270.292
1505 -270.292
1506 -270.292
1507 -270.292
1508 -270.292
1509 -270.292
1510 -270.292
1511 -270.292
1512 -270.292
1513 -270.292
1514 -270.292
1515 -270.292
1516 -270.292
1517 -270.292
1518 -270.292
1519 -270.292
1520 -270.292
1521 -270.292
1522 -270.292
1523 -270.292
1524 -270.292
1525 -270.292
1526 -270.292
1527 -270.292
1528 -270.292
1529 -270.292
1530 -270.292
1531 -270.292
1532 -270.292
1533 -270.292
1534 -270.292
1535 -270.292
1536 -270.292
1537 -270.292
1538 -270.292
1539 -270.292
1540 -270.292
1541 -270.292
1542 -270.292
1543 -270.292
1544 -270.292
1545 -270.292
1546 -270.292
1547 -270.292
1548 -270.292
1549 -270.292
1550 -270.292
1551 -270.292
1552 -270.292
1553 -270.292
1554 -270.292
1555 -270.292
1556 -270.292
1557 -270.292
1558 -270.292
1559 -270.292
1560 -270.292
1561 -270.292
1562 -270.292
1563 -270.292
1564 -270.292
1565 -270.292
1566 -270.292
1567 -270.292
1568 -270.292
1569 -270.292
1570 -270.292
1571 -270.292
1572 -270.292
1573 -270.292
1574 -270.292
1575 -270.292
1576 -270.292
1577 -270.292
1578 -270.292
1579 -270.292
1580 -270.292
1581 -270.292
1582 -270.292
1583 -270.292
1584 -270.292
1585 -270.292
1586 -270.292
1587 -270.292
1588 -270.292
1589 -270.292
1590 -270.292
1591 -270.292
1592 -270.292
1593 -270.292
1594 -270.292
1595 -270.292
1596 -270.292
1597 -270.292
1598 -270.292
1599 -270.292
1600 -270.292
1601 -270.293
1602 -270.293
1603 -270.293
1604 -270.293
1605 -270.293
1606 -270.293
1607 -270.293
1608 -270.293
1609 -270.293
1610 -270.293
1611 -270.293
1612 -270.293
1613 -270.293
1614 -270.293
1615 -270.293
1616 -270.293
1617 -270.293
1618 -270.293
1619 -270.293
1620 -270.293
1621 -270.293
1622 -270.293
1623 -270.293
1624 -270.293
1625 -270.293
1626 -270.293
1627 -270.293
1628 -270.293
1629 -270.293
1630 -270.293
1631 -270.293
1632 -270.293
1633 -270.293
1634 -270.293
1635 -270.293
1636 -270.293
1637 -270.293
1638 -270.293
1639 -270.293
1640 -270.293
1641 -270.293
1642 -270.293
1643 -270.293
1644 -270.293
1645 -270.293
1646 -270.293
1647 -270.293
1648 -270.293
1649 -270.293
1650 -270.293
1651 -270.293
1652 -270.293
1653 -270.293
1654 -270.293
1655 -270.293
1656 -270.293
1657 -270.293
1658 -270.293
1659 -270.293
1660 -270.293
1661 -270.293
1662 -270.293
1663 -270.293
1664 -270.293
1665 -270.293
1666 -270.293
1667 -270.293
1668 -270.293
1669 -270.293
1670 -270.293
1671 -270.293
1672 -270.293
1673 -270.293
1674 -270.293
1675 -270.293
1676 -270.293
1677 -270.293
1678 -270.293
1679 -270.293
1680 -270.293
1681 -270.293
1682 -270.293
1683 -270.293
1684 -270.293
1685 -270.293
1686 -270.293
1687 -270.293
1688 -270.293
1689 -270.293
1690 -270.293
1691 -270.293
1692 -270.293
1693 -270.293
1694 -270.293
1695 -270.293
1696 -270.293
1697 -270.293
1698 -270.293
1699 -270.293
1700 -270.293
1701 -270.293
1702 -270.293
1703 -270.293
1704 -270.293
1705 -270.293
1706 -270.293
1707 -270.293
1708 -270.293
1709 -270.293
1710 -270.293
1711 -270.293
1712 -270.293
1713 -270.293
1714 -270.293
1715 -270.293
1716 -270.293
1717 -270.293
1718 -270.293
1719 -270.293
1720 -270.293
1721 -270.293
1722 -270.293
1723 -270.293
1724 -270.293
1725 -270.293
1726 -270.293
1727 -270.293
1728 -270.293
1729 -270.293
1730 -270.293
1731 -270.293
1732 -270.293
1733 -270.293
1734 -270.293
1735 -270.293
1736 -270.293
1737 -270.293
1738 -270.293
1739 -270.293
1740 -270.293
1741 -270.293
1742 -270.293
1743 -270.293
1744 -270.293
1745 -270.293
1746 -270.293
1747 -270.293
1748 -270.293
1749 -270.293
1750 -270.293
1751 -270.293
1752 -270.293
1753 -270.293
1754 -270.293
1755 -270.293
1756 -270.293
1757 -270.293
1758 -270.293
1759 -270.293
1760 -270.293
1761 -270.293
1762 -270.293
1763 -270.293
1764 -270.293
1765 -270.293
1766 -270.293
1767 -270.293
1768 -270.293
1769 -270.293
1770 -270.293
1771 -270.293
1772 -270.293
1773 -270.293
1774 -270.293
1775 -270.293
1776 -270.293
1777 -270.293
1778 -270.293
1779 -270.293
1780 -270.293
1781 -270.293
1782 -270.293
1783 -270.293
1784 -270.293
1785 -270.293
1786 -270.293
1787 -270.293
1788 -270.293
1789 -270.293
1790 -270.293
1791 -270.293
1792 -270.293
1793 -270.293
1794 -270.293
1795 -270.293
1796 -270.293
1797 -270.293
1798 -270.293
1799 -270.293
1800 -270.293
1801 -270.293
1802 -270.293
1803 -270.293
1804 -270.293
1805 -270.293
1806 -270.293
1807 -270.293
1808 -270.293
1809 -270.293
1810 -270.293
1811 -270.293
1812 -270.293
1813 -270.293
1814 -270.293
1815 -270.293
1816 -270.293
1817 -270.293
1818 -270.293
1819 -270.293
1820 -270.293
1821 -270.293
1822 -270.293
1823 -270.293
1824 -270.293
1825 -270.293
1826 -270.293
1827 -270.293
1828 -270.293
1829 -270.293
1830 -270.293
1831 -270.293
1832 -270.293
1833 -270.293
1834 -270.293
1835 -270.293
1836 -270.293
1837 -270.293
1838 -270.293
1839 -270.293
1840 -270.293
1841 -270.293
1842 -270.293
1843 -270.293
1844 -270.293
1845 -270.293
1846 -270.293
1847 -270.293
1848 -270.293
1849 -270.293
1850 -270.294
1851 -270.294
1852 -270.294
1853 -270.294
1854 -270.294
1855 -270.294
1856 -270.294
1857 -270.294
1858 -270.294
1859 -270.294
1860 -270.294
1861 -270.294
1862 -270.294
1863 -270.294
1864 -270.294
1865 -270.294
1866 -270.294
1867 -270.294
1868 -270.294
1869 -270.294
1870 -270.294
1871 -270.294
1872 -270.294
1873 -270.294
1874 -270.294
1875 -270.294
1876 -270.294
1877 -270.294
1878 -270.294
1879 -270.294
1880 -270.294
1881 -270.294
1882 -270.294
1883 -270.294
1884 -270.294
1885 -270.294
1886 -270.294
1887 -270.294
1888 -270.294
1889 -270.294
1890 -270.294
1891 -270.294
1892 -270.294
1893 -270.294
1894 -270.294
1895 -270.294
1896 -270.294
1897 -270.294
1898 -270.294
1899 -270.294
1900 -270.294
1901 -270.294
1902 -270.294
1903 -270.294
1904 -270.294
1905 -270.294
1906 -270.294
1907 -270.294
1908 -270.294
1909 -270.294
1910 -270.294
1911 -270.294
1912 -270.294
1913 -270.294
1914 -270.294
1915 -270.294
1916 -270.294
1917 -270.294
1918 -270.294
1919 -270.294
1920 -270.294
1921 -270.294
1922 -270.294
1923 -270.294
1924 -270.294
1925 -270.294
1926 -270.294
1927 -270.294
1928 -270.294
1929 -270.294
1930 -270.294
1931 -270.294
1932 -270.294
1933 -270.294
1934 -270.294
1935 -270.294
1936 -270.294
1937 -270.294
1938 -270.294
1939 -270.294
1940 -270.294
1941 -270.294
1942 -270.294
1943 -270.294
1944 -270.294
1945 -270.294
1946 -270.294
1947 -270.294
1948 -270.294
1949 -270.294
1950 -270.294
1951 -270.294
1952 -270.294
1953 -270.294
1954 -270.294
1955 -270.294
1956 -270.294
1957 -270.294
1958 -270.294
1959 -270.294
1960 -270.294
1961 -270.294
1962 -270.294
1963 -270.294
1964 -270.294
1965 -270.294
1966 -270.294
1967 -270.294
1968 -270.294
1969 -270.294
1970 -270.294
1971 -270.294
1972 -270.294
1973 -270.294
1974 -270.294
1975 -270.294
1976 -270.294
1977 -270.294
1978 -270.294
1979 -270.294
1980 -270.294
1981 -270.294
1982 -270.294
1983 -270.294
1984 -270.294
1985 -270.294
1986 -270.294
1987 -270.294
1988 -270.294
1989 -270.294
1990 -270.294
1991 -270.294
1992 -270.294
1993 -270.294
1994 -270.294
1995 -270.294
1996 -270.294
1997 -270.294
1998 -270.294
1999 -270.294
2000 -270.294
2001 -270.294
2002 -270.294
2003 -270.294
2004 -270.294
2005 -270.294
2006 -270.294
2007 -270.294
2008 -270.294
2009 -270.294
2010 -270.294
2011 -270.294
2012 -270.294
2013 -270.294
2014 -270.294
2015 -270.294
2016 -270.294
2017 -270.294
2018 -270.294
2019 -270.294
2020 -270.294
2021 -270.294
2022 -270.294
2023 -270.294
2024 -270.294
2025 -270.294
2026 -270.294
2027 -270.294
2028 -270.294
2029 -270.294
2030 -270.294
2031 -270.294
2032 -270.294
2033 -270.294
2034 -270.294
2035 -270.294
2036 -270.294
2037 -270.294
2038 -270.294
2039 -270.294
2040 -270.294
2041 -270.294
2042 -270.294
2043 -270.293
2044 -270.294
2045 -270.294
2046 -270.294
2047 -270.294
2048 -270.294
2049 -270.294
2050 -270.294
2051 -270.294
2052 -270.294
2053 -270.294
2054 -270.294
2055 -270.294
2056 -270.294
2057 -270.294
2058 -270.294
2059 -270.294
2060 -270.294
2061 -270.294
2062 -270.294
2063 -270.294
2064 -270.294
2065 -270.294
2066 -270.294
2067 -270.294
2068 -270.294
2069 -270.294
2070 -270.294
2071 -270.294
2072 -270.294
2073 -270.294
2074 -270.294
2075 -270.294
2076 -270.294
2077 -270.294
2078 -270.294
2079 -270.294
2080 -270.294
2081 -270.294
2082 -270.294
2083 -270.294
2084 -270.294
2085 -270.294
2086 -270.294
2087 -270.294
2088 -270.294
2089 -270.294
2090 -270.294
2091 -270.294
2092 -270.294
2093 -270.294
2094 -270.294
2095 -270.294
2096 -270.294
2097 -270.294
2098 -270.294
2099 -270.294
2100 -270.294
2101 -270.294
2102 -270.294
2103 -270.294
2104 -270.294
2105 -270.294
2106 -270.294
2107 -270.294
2108 -270.294
2109 -270.294
2110 -270.294
2111 -270.294
2112 -270.294
2113 -270.294
2114 -270.294
2115 -270.294
2116 -270.294
2117 -270.294
2118 -270.294
2119 -270.294
2120 -270.294
2121 -270.294
2122 -270.294
2123 -270.294
2124 -270.294
2125 -270.294
2126 -270.294
2127 -270.294
2128 -270.294
2129 -270.294
2130 -270.294
2131 -270.294
2132 -270.294
2133 -270.294
2134 -270.294
2135 -270.294
2136 -270.294
2137 -270.294
2138 -270.294
2139 -270.294
2140 -270.294
2141 -270.294
2142 -270.294
2143 -270.294
2144 -270.294
2145 -270.294
2146 -270.294
2147 -270.294
2148 -270.294
2149 -270.294
2150 -270.294
2151 -270.294
2152 -270.294
2153 -270.294
2154 -270.294
2155 -270.294
2156 -270.294
2157 -270.294
2158 -270.294
2159 -270.294
2160 -270.294
2161 -270.294
2162 -270.294
2163 -270.294
2164 -270.294
2165 -270.294
2166 -270.294
2167 -270.294
2168 -270.294
2169 -270.294
2170 -270.294
2171 -270.294
2172 -270.294
2173 -270.294
2174 -270.294
2175 -270.294
2176 -270.294
2177 -270.294
2178 -270.294
2179 -270.294
2180 -270.294
2181 -270.294
2182 -270.294
2183 -270.294
2184 -270.294
2185 -270.294
2186 -270.294
2187 -270.294
2188 -270.294
2189 -270.294
2190 -270.294
2191 -270.294
2192 -270.294
2193 -270.294
2194 -270.294
2195 -270.294
2196 -270.294
2197 -270.294
2198 -270.294
2199 -270.294
2200 -270.294
2201 -270.294
2202 -270.294
2203 -270.294
2204 -270.294
2205 -270.294
2206 -270.294
2207 -270.294
2208 -270.294
2209 -270.294
2210 -270.294
2211 -270.294
2212 -270.294
2213 -270.294
2214 -270.294
2215 -270.294
2216 -270.294
2217 -270.294
2218 -270.294
2219 -270.294
2220 -270.294
2221 -270.294
2222 -270.294
2223 -270.294
2224 -270.294
2225 -270.294
2226 -270.294
2227 -270.294
2228 -270.294
2229 -270.294
2230 -270.294
2231 -270.294
2232 -270.294
2233 -270.294
2234 -270.294
2235 -270.294
2236 -270.294
2237 -270.294
2238 -270.294
2239 -270.294
2240 -270.294
2241 -270.294
2242 -270.294
2243 -270.294
2244 -270.294
2245 -270.294
2246 -270.294
2247 -270.294
2248 -270.294
2249 -270.294
2250 -270.294
2251 -270.294
2252 -270.294
2253 -270.294
2254 -270.294
2255 -270.294
2256 -270.294
2257 -270.294
2258 -270.294
2259 -270.294
2260 -270.294
2261 -270.294
2262 -270.294
2263 -270.294
2264 -270.294
2265 -270.294
2266 -270.294
2267 -270.294
2268 -270.294
2269 -270.294
2270 -270.294
2271 -270.294
2272 -270.294
2273 -270.294
2274 -270.294
2275 -270.294
2276 -270.294
2277 -270.294
2278 -270.294
2279 -270.294
2280 -270.294
2281 -270.294
2282 -270.294
2283 -270.294
2284 -270.294
2285 -270.294
2286 -270.294
2287 -270.294
2288 -270.294
2289 -270.294
2290 -270.294
2291 -270.294
2292 -270.294
2293 -270.294
2294 -270.294
2295 -270.294
2296 -270.294
2297 -270.294
2298 -270.294
2299 -270.294
2300 -270.294
2301 -270.294
2302 -270.294
2303 -270.294
2304 -270.294
2305 -270.294
2306 -270.294
2307 -270.294
2308 -270.294
2309 -270.294
2310 -270.294
2311 -270.294
2312 -270.294
2313 -270.294
2314 -270.294
2315 -270.294
2316 -270.294
2317 -270.294
2318 -270.294
2319 -270.294
2320 -270.294
2321 -270.294
2322 -270.294
2323 -270.294
2324 -270.294
2325 -270.294
2326 -270.294
2327 -270.294
2328 -270.294
2329 -270.294
2330 -270.294
2331 -270.294
2332 -270.294
2333 -270.294
2334 -270.294
2335 -270.294
2336 -270.294
2337 -270.294
2338 -270.294
2339 -270.294
2340 -270.294
2341 -270.294
2342 -270.294
2343 -270.294
2344 -270.294
2345 -270.294
2346 -270.294
2347 -270.294
2348 -270.294
2349 -270.294
2350 -270.294
2351 -270.294
2352 -270.294
2353 -270.294
2354 -270.294
2355 -270.294
2356 -270.294
2357 -270.294
2358 -270.294
2359 -270.294
2360 -270.294
2361 -270.294
2362 -270.294
2363 -270.294
2364 -270.294
2365 -270.294
2366 -270.294
2367 -270.294
2368 -270.294
2369 -270.294
2370 -270.294
2371 -270.294
2372 -270.294
2373 -270.294
2374 -270.294
2375 -270.294
2376 -270.294
2377 -270.294
2378 -270.294
2379 -270.294
2380 -270.294
2381 -270.294
2382 -270.294
2383 -270.294
2384 -270.294
2385 -270.294
2386 -270.294
2387 -270.294
2388 -270.294
2389 -270.294
2390 -270.294
2391 -270.294
2392 -270.294
2393 -270.294
2394 -270.294
2395 -270.294
2396 -270.294
2397 -270.294
2398 -270.294
2399 -270.294
2400 -270.294
2401 -270.294
2402 -270.294
2403 -270.294
2404 -270.294
2405 -270.294
2406 -270.294
2407 -270.294
2408 -270.294
2409 -270.295
2410 -270.295
2411 -270.295
2412 -270.295
2413 -270.295
2414 -270.295
2415 -270.295
2416 -270.295
2417 -270.295
2418 -270.295
2419 -270.295
2420 -270.295
2421 -270.295
2422 -270.295
2423 -270.295
2424 -270.295
2425 -270.295
2426 -270.295
2427 -270.295
2428 -270.295
2429 -270.295
2430 -270.295
2431 -270.295
2432 -270.295
2433 -270.295
2434 -270.295
2435 -270.295
2436 -270.295
2437 -270.295
2438 -270.295
2439 -270.295
2440 -270.295
2441 -270.295
2442 -270.295
2443 -270.295
2444 -270.295
2445 -270.295
2446 -270.295
2447 -270.295
2448 -270.295
2449 -270.295
2450 -270.295
2451 -270.295
2452 -270.295
2453 -270.295
2454 -270.295
2455 -270.295
2456 -270.295
2457 -270.295
2458 -270.295
2459 -270.295
2460 -270.295
2461 -270.295
2462 -270.295
2463 -270.295
2464 -270.295
2465 -270.295
2466 -270.295
2467 -270.295
2468 -270.295
2469 -270.295
2470 -270.295
2471 -270.295
2472 -270.295
2473 -270.295
2474 -270.295
2475 -270.295
2476 -270.295
2477 -270.295
2478 -270.295
2479 -270.295
2480 -270.295
2481 -270.295
2482 -270.295
2483 -270.295
2484 -270.295
2485 -270.295
2486 -270.295
2487 -270.295
2488 -270.295
2489 -270.295
2490 -270.295
2491 -270.295
2492 -270.295
2493 -270.295
2494 -270.295
2495 -270.295
2496 -270.295
2497 -270.295
2498 -270.295
2499 -270.295
2500 -270.295
2501 -270.295
2502 -270.295
2503 -270.295
2504 -270.295
2505 -270.295
2506 -270.295
2507 -270.295
2508 -270.295
2509 -270.295
2510 -270.295
2511 -270.295
2512 -270.295
2513 -270.295
2514 -270.295
2515 -270.295
2516 -270.295
2517 -270.295
2518 -270.295
2519 -270.295
2520 -270.295
2521 -270.295
2522 -270.295
2523 -270.295
2524 -270.295
2525 -270.295
2526 -270.295
2527 -270.295
2528 -270.295
2529 -270.295
2530 -270.295
2531 -270.295
2532 -270.295
2533 -270.295
2534 -270.295
2535 -270.295
2536 -270.295
2537 -270.295
2538 -270.295
2539 -270.295
2540 -270.295
2541 -270.295
2542 -270.295
2543 -270.295
2544 -270.295
2545 -270.295
2546 -270.295
2547 -270.295
2548 -270.295
2549 -270.295
2550 -270.295
2551 -270.295
2552 -270.295
2553 -270.295
2554 -270.295
2555 -270.295
2556 -270.295
2557 -270.295
2558 -270.295
2559 -270.295
2560 -270.295
2561 -270.295
2562 -270.295
2563 -270.295
2564 -270.295
2565 -270.295
2566 -270.295
2567 -270.295
2568 -270.295
2569 -270.295
2570 -270.295
2571 -270.295
2572 -270.295
2573 -270.295
2574 -270.295
2575 -270.295
2576 -270.295
2577 -270.295
2578 -270.295
2579 -270.295
2580 -270.295
2581 -270.295
2582 -270.295
2583 -270.295
2584 -270.295
2585 -270.295
2586 -270.295
2587 -270.295
2588 -270.295
2589 -270.295
2590 -270.295
2591 -270.295
2592 -270.295
2593 -270.295
2594 -270.295
2595 -270.295
2596 -270.295
2597 -270.295
2598 -270.295
2599 -270.295
2600 -270.295
2601 -270.295
2602 -270.295
2603 -270.295
2604 -270.295
2605 -270.295
2606 -270.295
2607 -270.295
2608 -270.295
2609 -270.295
2610 -270.295
2611 -270.295
2612 -270.295
2613 -270.295
2614 -270.295
2615 -270.295
2616 -270.295
2617 -270.295
2618 -270.295
2619 -270.295
2620 -270.295
2621 -270.295
2622 -270.295
2623 -270.295
2624 -270.295
2625 -270.295
2626 -270.295
2627 -270.295
2628 -270.295
2629 -270.295
2630 -270.295
2631 -270.295
2632 -270.295
2633 -270.295
2634 -270.295
2635 -270.295
2636 -270.295
2637 -270.295
2638 -270.295
2639 -270.295
2640 -270.295
2641 -270.295
2642 -270.295
2643 -270.295
2644 -270.295
2645 -270.295
2646 -270.295
2647 -270.295
2648 -270.295
2649 -270.295
2650 -270.295
2651 -270.295
2652 -270.295
2653 -270.295
2654 -270.295
2655 -270.295
2656 -270.295
2657 -270.295
2658 -270.295
2659 -270.295
2660 -270.295
2661 -270.295
2662 -270.295
2663 -270.295
2664 -270.295
2665 -270.295
2666 -270.295
2667 -270.295
2668 -270.295
2669 -270.295
2670 -270.295
2671 -270.295
2672 -270.295
2673 -270.295
2674 -270.295
2675 -270.295
2676 -270.295
2677 -270.295
2678 -270.295
2679 -270.295
2680 -270.295
2681 -270.295
2682 -270.295
2683 -270.295
2684 -270.295
2685 -270.295
2686 -270.295
2687 -270.295
2688 -270.295
2689 -270.295
2690 -270.295
2691 -270.295
2692 -270.295
2693 -270.295
2694 -270.295
2695 -270.295
2696 -270.295
2697 -270.295
2698 -270.295
2699 -270.295
2700 -270.295
2701 -270.295
2702 -270.295
2703 -270.295
2704 -270.295
2705 -270.295
2706 -270.295
2707 -270.295
2708 -270.295
2709 -270.295
2710 -270.295
2711 -270.295
2712 -270.295
2713 -270.295
2714 -270.295
2715 -270.295
2716 -270.295
2717 -270.295
2718 -270.295
2719 -270.295
2720 -270.295
2721 -270.295
2722 -270.295
2723 -270.295
2724 -270.295
2725 -270.295
2726 -270.295
2727 -270.295
2728 -270.295
2729 -270.295
2730 -270.295
2731 -270.295
2732 -270.295
2733 -270.295
2734 -270.295
2735 -270.295
2736 -270.295
2737 -270.295
2738 -270.295
2739 -270.295
2740 -270.295
2741 -270.295
2742 -270.295
2743 -270.295
2744 -270.295
2745 -270.295
2746 -270.295
2747 -270.295
2748 -270.295
2749 -270.295
2750 -270.295
2751 -270.295
2752 -270.295
2753 -270.295
2754 -270.295
2755 -270.295
2756 -270.295
2757 -270.295
2758 -270.295
2759 -270.295
2760 -270.295
2761 -270.295
2762 -270.295
2763 -270.295
2764 -270.295
2765 -270.295
2766 -270.295
2767 -270.295
2768 -270.295
2769 -270.295
2770 -270.295
2771 -270.295
2772 -270.295
2773 -270.295
2774 -270.295
2775 -270.295
2776 -270.295
2777 -270.295
2778 -270.295
2779 -270.295
2780 -270.295
2781 -270.295
2782 -270.295
2783 -270.295
2784 -270.295
2785 -270.295
2786 -270.295
2787 -270.295
2788 -270.295
2789 -270.295
2790 -270.295
2791 -270.295
2792 -270.295
2793 -270.295
2794 -270.295
2795 -270.295
2796 -270.295
2797 -270.295
2798 -270.295
2799 -270.295
2800 -270.295
2801 -270.295
2802 -270.295
2803 -270.295
2804 -270.295
2805 -270.295
2806 -270.295
2807 -270.295
2808 -270.295
2809 -270.295
2810 -270.295
2811 -270.295
2812 -270.295
2813 -270.295
2814 -270.295
2815 -270.295
2816 -270.295
2817 -270.295
2818 -270.295
2819 -270.295
2820 -270.295
2821 -270.295
2822 -270.295
2823 -270.295
2824 -270.295
2825 -270.295
2826 -270.295
2827 -270.295
2828 -270.295
2829 -270.295
2830 -270.295
2831 -270.295
2832 -270.295
2833 -270.295
2834 -270.295
2835 -270.295
2836 -270.295
2837 -270.295
2838 -270.295
2839 -270.295
2840 -270.295
2841 -270.295
2842 -270.295
2843 -270.295
2844 -270.295
2845 -270.295
2846 -270.295
2847 -270.295
2848 -270.295
2849 -270.295
2850 -270.295
2851 -270.295
2852 -270.295
2853 -270.295
2854 -270.295
2855 -270.295
2856 -270.295
2857 -270.295
2858 -270.295
2859 -270.295
2860 -270.295
2861 -270.295
2862 -270.295
2863 -270.295
2864 -270.295
2865 -270.295
2866 -270.295
2867 -270.295
2868 -270.295
2869 -270.295
2870 -270.295
2871 -270.295
2872 -270.295
2873 -270.295
2874 -270.295
2875 -270.295
2876 -270.295
2877 -270.295
2878 -270.295
2879 -270.295
2880 -270.295
2881 -270.295
2882 -270.295
2883 -270.295
2884 -270.295
2885 -270.295
2886 -270.295
2887 -270.295
2888 -270.295
2889 -270.295
2890 -270.295
2891 -270.295
2892 -270.295
2893 -270.295
2894 -270.295
2895 -270.295
2896 -270.295
2897 -270.295
2898 -270.295
2899 -270.295
2900 -270.295
2901 -270.295
2902 -270.295
2903 -270.295
2904 -270.295
2905 -270.295
2906 -270.295
2907 -270.295
2908 -270.295
2909 -270.295
2910 -270.295
2911 -270.295
2912 -270.295
2913 -270.295
2914 -270.295
2915 -270.295
2916 -270.295
2917 -270.295
2918 -270.295
2919 -270.295
2920 -270.295
2921 -270.295
2922 -270.295
2923 -270.295
2924 -270.295
2925 -270.295
2926 -270.295
2927 -270.295
2928 -270.295
2929 -270.295
2930 -270.295
2931 -270.295
2932 -270.295
2933 -270.295
2934 -270.295
2935 -270.295
2936 -270.295
2937 -270.295
2938 -270.295
2939 -270.295
2940 -270.295
2941 -270.295
2942 -270.295
2943 -270.295
2944 -270.295
2945 -270.295
2946 -270.295
2947 -270.295
2948 -270.295
2949 -270.295
2950 -270.295
2951 -270.295
2952 -270.295
2953 -270.295
2954 -270.295
2955 -270.295
2956 -270.295
2957 -270.295
2958 -270.295
2959 -270.295
2960 -270.295
2961 -270.295
2962 -270.295
2963 -270.295
2964 -270.295
2965 -270.295
2966 -270.295
2967 -270.295
2968 -270.295
2969 -270.295
2970 -270.295
2971 -270.295
2972 -270.295
2973 -270.295
2974 -270.295
2975 -270.295
2976 -270.295
2977 -270.295
2978 -270.295
2979 -270.295
2980 -270.295
2981 -270.295
2982 -270.295
2983 -270.295
2984 -270.295
2985 -270.295
2986 -270.295
2987 -270.295
2988 -270.295
2989 -270.295
2990 -270.295
2991 -270.295
2992 -270.295
2993 -270.295
2994 -270.295
2995 -270.295
2996 -270.295
2997 -270.295
2998 -270.295
2999 -270.295
3000 -270.295
