1 -269.554
2 -269.6
3 -269.658
4 -269.692
5 -269.722
6 -269.753
7 -269.774
8 -269.796
9 -269.815
10 -269.84
11 -269.865
12 -269.915
13 -269.924
14 -269.937
15 -269.951
16 -269.967
17 -269.976
18 -269.992
19 -269.995
20 -269.996
21 -270.007
22 -270.02
23 -270.02
24 -270.032
25 -270.034
26 -270.037
27 -270.049
28 -270.052
29 -270.054
30 -270.065
31 -270.075
32 -270.076
33 -270.078
34 -270.081
35 -270.083
36 -270.087
37 -270.09
38 -270.097
39 -270.102
40 -270.102
41 -270.108
42 -270.108
43 -270.116
44 -270.116
45 -270.124
46 -270.129
47 -270.133
48 -270.133
49 -270.136
50 -270.139
51 -270.143
52 -270.148
53 -270.151
54 -270.152
55 -270.152
56 -270.155
57 -270.158
58 -270.159
59 -270.161
60 -270.164
61 -270.165
62 -270.166
63 -270.168
64 -270.17
65 -270.172
66 -270.173
67 -270.174
68 -270.175
69 -270.176
70 -270.176
71 -270.177
72 -270.177
73 -270.18
74 -270.18
75 -270.18
76 -270.182
77 -270.182
78 -270.182
79 -270.183
80 -270.183
81 -270.183
82 -270.184
83 -270.184
84 -270.187
85 -270.188
86 -270.193
87 -270.193
88 -270.196
89 -270.197
90 -270.199
91 -270.203
92 -270.203
93 -270.205
94 -270.207
95 -270.207
96 -270.21
97 -270.211
98 -270.211
99 -270.212
100 -270.214
101 -270.216
102 -270.217
103 -270.219
104 -270.219
105 -270.219
106 -270.219
107 -270.22
108 -270.221
109 -270.22
110 -270.22
111 -270.221
112 -270.221
113 -270.221
114 -270.224
115 -270.224
116 -270.224
117 -270.226
118 -270.227
119 -270.229
120 -270.229
121 -270.229
122 -270.229
123 -270.23
124 -270.229
125 -270.23
126 -270.23
127 -270.229
128 -270.229
129 -270.23
130 -270.231
131 -270.233
132 -270.233
133 -270.234
134 -270.235
135 -270.235
136 -270.235
137 -270.236
138 -270.236
139 -270.236
140 -270.236
141 -270.236
142 -270.236
143 -270.236
144 -270.237
145 -270.237
146 -270.238
147 -270.239
148 -270.239
149 -270.239
150 -270.24
151 -270.24
152 -270.241
153 -270.241
154 -270.242
155 -270.243
156 -270.243
157 -270.244
158 -270.245
159 -270.245
160 -270.245
161 -270.246
162 -270.248
163 -270.248
164 -270.249
165 -270.249
166 -270.249
167 -270.25
168 -270.25
169 -270.25
170 -270.25
171 -270.25
172 -270.25
173 -270.25
174 -270.251
175 -270.251
176 -270.251
177 -270.252
178 -270.252
179 -270.252
180 -270.252
181 -270.252
182 -270.252
183 -270.252
184 -270.251
185 -270.251
186 -270.251
187 -270.251
188 -270.252
189 -270.253
190 -270.254
191 -270.255
192 -270.255
193 -270.256
194 -270.256
195 -270.256
196 -270.256
197 -270.256
198 -270.256
199 -270.256
200 -270.257
201 -270.258
202 -270.258
203 -270.258
204 -270.258
205 -270.258
206 -270.259
207 -270.259
208 -270.259
209 -270.259
210 -270.26
211 -270.259
212 -270.259
213 -270.258
214 -270.259
215 -270.259
216 -270.259
217 -270.259
218 -270.26
219 -270.26
220 -270.26
221 -270.259
222 -270.259
223 -270.26
224 -270.26
225 -270.26
226 -270.26
227 -270.261
228 -270.261
229 -270.261
230 -270.261
231 -270.262
232 -270.261
233 -270.261
234 -270.262
235 -270.262
236 -270.263
237 -270.263
238 -270.263
239 -270.264
240 -270.265
241 -270.264
242 -270.264
243 -270.264
244 -270.264
245 -270.265
246 -270.264
247 -270.265
248 -270.264
249 -270.264
250 -270.264
251 -270.265
252 -270.265
253 -270.265
254 -270.265
255 -270.265
256 -270.265
257 -270.265
258 -270.267
259 -270.267
260 -270.267
261 -270.267
262 -270.267
263 -270.268
264 -270.268
265 -270.268
266 -270.267
267 -270.268
268 -270.268
269 -270.267
270 -270.267
271 -270.267
272 -270.267
273 -270.267
274 -270.267
275 -270.267
276 -270.267
277 -270.267
278 -270.267
279 -270.267
280 -270.268
281 -270.268
282 -270.268
283 -270.268
284 -270.268
285 -270.268
286 -270.267
287 -270.269
288 -270.268
289 -270.269
290 -270.269
291 -270.269
292 -270.269
293 -270.269
294 -270.269
295 -270.269
296 -270.269
297 -270.269
298 -270.27
299 -270.27
300 -270.27
301 -270.27
302 -270.269
303 -270.27
304 -270.269
305 -270.269
306 -270.269
307 -270.268
308 -270.268
309 -270.269
310 -270.269
311 -270.268
312 -270.268
313 -270.268
314 -270.269
315 -270.268
316 -270.269
317 -270.269
318 -270.269
319 -270.269
320 -270.269
321 -270.269
322 -270.268
323 -270.269
324 -270.269
325 -270.27
326 -270.27
327 -270.27
328 -270.27
329 -270.27
330 -270.27
331 -270.271
332 -270.271
333 -270.271
334 -270.271
335 -270.271
336 -270.272
337 -270.272
338 -270.272
339 -270.272
340 -270.272
341 -270.271
342 -270.271
343 -270.271
344 -270.271
345 -270.271
346 -270.27
347 -270.27
348 -270.27
349 -270.27
350 -270.27
351 -270.271
352 -270.271
353 -270.271
354 -270.271
355 -270.271
356 -270.271
357 -270.271
358 -270.271
359 -270.271
360 -270.271
361 -270.271
362 -270.271
363 -270.27
364 -270.271
365 -270.271
366 -270.271
367 -270.271
368 -270.271
369 -270.271
370 -270.272
371 -270.272
372 -270.272
373 -270.271
374 -270.271
375 -270.271
376 -270.271
377 -270.271
378 -270.271
379 -270.272
380 -270.272
381 -270.271
382 -270.272
383 -270.271
384 -270.272
385 -270.272
386 -270.272
387 -270.272
388 -270.272
389 -270.272
390 -270.272
391 -270.273
392 -270.273
393 -270.273
394 -270.273
395 -270.273
396 -270.273
397 -270.273
398 -270.273
399 -270.273
400 -270.273
401 -270.273
402 -270.273
403 -270.272
404 -270.272
405 -270.272
406 -270.272
407 -270.272
408 -270.272
409 -270.273
410 -270.274
411 -270.274
412 -270.274
413 -270.274
414 -270.274
415 -270.274
416 -270.274
417 -270.274
418 -270.275
419 -270.275
420 -270.274
421 -270.275
422 -270.275
423 -270.274
424 -270.274
425 -270.274
426 -270.274
427 -270.274
428 -270.274
429 -270.274
430 -270.274
431 -270.274
432 -270.275
433 -270.275
434 -270.275
435 -270.275
436 -270.276
437 -270.277
438 -270.278
439 -270.277
440 -270.278
441 -270.277
442 -270.277
443 -270.277
444 -270.277
445 -270.277
446 -270.277
447 -270.277
448 -270.277
449 -270.277
450 -270.277
451 -270.278
452 -270.278
453 -270.278
454 -270.278
455 -270.278
456 -270.277
457 -270.278
458 -270.277
459 -270.277
460 -270.277
461 -270.277
462 -270.276
463 -270.277
464 -270.277
465 -270.277
466 -270.277
467 -270.277
468 -270.277
469 -270.275
470 -270.274
471 -270.274
472 -270.275
473 -270.275
474 -270.275
475 -270.275
476 -270.275
477 -270.274
478 -270.274
479 -270.274
480 -270.274
481 -270.274
482 -270.274
483 -270.274
484 -270.274
485 -270.274
486 -270.274
487 -270.274
488 -270.274
489 -270.274
490 -270.274
491 -270.273
492 -270.273
493 -270.273
494 -270.273
495 -270.273
496 -270.273
497 -270.273
498 -270.273
499 -270.273
500 -270.272
501 -270.272
502 -270.272
503 -270.273
504 -270.273
505 -270.273
506 -270.272
507 -270.273
508 -270.273
509 -270.273
510 -270.273
511 -270.273
512 -270.273
513 -270.274
514 -270.274
515 -270.273
516 -270.273
517 -270.273
518 -270.274
519 -270.274
520 -270.274
521 -270.274
522 -270.274
523 -270.274
524 -270.274
525 -270.274
526 -270.274
527 -270.274
528 -270.274
529 -270.274
530 -270.274
531 -270.274
532 -270.275
533 -270.275
534 -270.275
535 -270.275
536 -270.274
537 -270.275
538 -270.276
539 -270.276
540 -270.276
541 -270.276
542 -270.276
543 -270.276
544 -270.276
545 -270.276
546 -270.276
547 -270.277
548 -270.277
549 -270.277
550 -270.278
551 -270.278
552 -270.278
553 -270.279
554 -270.279
555 -270.279
556 -270.279
557 -270.279
558 -270.279
559 -270.279
560 -270.279
561 -270.279
562 -270.279
563 -270.28
564 -270.28
565 -270.28
566 -270.281
567 -270.281
568 -270.281
569 -270.282
570 -270.281
571 -270.281
572 -270.281
573 -270.281
574 -270.281
575 -270.281
576 -270.281
577 -270.28
578 -270.28
579 -270.28
580 -270.28
581 -270.28
582 -270.28
583 -270.279
584 -270.279
585 -270.279
586 -270.279
587 -270.279
588 -270.279
589 -270.279
590 -270.279
591 -270.278
592 -270.279
593 -270.278
594 -270.279
595 -270.28
596 -270.28
597 -270.279
598 -270.279
599 -270.279
600 -270.279
601 -270.279
602 -270.279
603 -270.279
604 -270.266
605 -270.267
606 -270.267
607 -270.267
608 -270.267
609 -270.268
610 -270.269
611 -270.269
612 -270.269
613 -270.27
614 -270.269
615 -270.27
616 -270.27
617 -270.27
618 -270.27
619 -270.269
620 -270.269
621 -270.269
622 -270.272
623 -270.272
624 -270.272
625 -270.272
626 -270.272
627 -270.274
628 -270.274
629 -270.274
630 -270.274
631 -270.274
632 -270.274
633 -270.274
634 -270.274
635 -270.274
636 -270.274
637 -270.274
638 -270.274
639 -270.274
640 -270.273
641 -270.273
642 -270.275
643 -270.275
644 -270.277
645 -270.277
646 -270.276
647 -270.277
648 -270.276
649 -270.276
650 -270.276
651 -270.277
652 -270.277
653 -270.277
654 -270.277
655 -270.276
656 -270.276
657 -270.277
658 -270.276
659 -270.276
660 -270.277
661 -270.277
662 -270.277
663 -270.277
664 -270.277
665 -270.277
666 -270.277
667 -270.277
668 -270.277
669 -270.277
670 -270.277
671 -270.277
672 -270.278
673 -270.278
674 -270.278
675 -270.278
676 -270.279
677 -270.279
678 -270.278
679 -270.279
680 -270.279
681 -270.279
682 -270.279
683 -270.279
684 -270.279
685 -270.279
686 -270.279
687 -270.279
688 -270.278
689 -270.279
690 -270.278
691 -270.278
692 -270.279
693 -270.278
694 -270.279
695 -270.278
696 -270.278
697 -270.278
698 -270.277
699 -270.277
700 -270.277
701 -270.278
702 -270.277
703 -270.277
704 -270.278
705 -270.278
706 -270.278
707 -270.278
708 -270.277
709 -270.277
710 -270.277
711 -270.277
712 -270.278
713 -270.278
714 -270.278
715 -270.278
716 -270.278
717 -270.278
718 -270.278
719 -270.278
720 -270.279
721 -270.279
722 -270.279
723 -270.279
724 -270.278
725 -270.279
726 -270.278
727 -270.278
728 -270.278
729 -270.278
730 -270.277
731 -270.277
732 -270.278
733 -270.278
734 -270.278
735 -270.278
736 -270.278
737 -270.278
738 -270.279
739 -270.279
740 -270.279
741 -270.278
742 -270.278
743 -270.279
744 -270.28
745 -270.279
746 -270.279
747 -270.279
748 -270.279
749 -270.279
750 -270.279
751 -270.279
752 -270.279
753 -270.279
754 -270.279
755 -270.28
756 -270.279
757 -270.279
758 -270.279
759 -270.279
760 -270.279
761 -270.28
762 -270.28
763 -270.28
764 -270.279
765 -270.279
766 -270.279
767 -270.279
768 -270.279
769 -270.279
770 -270.28
771 -270.28
772 -270.28
773 -270.28
774 -270.28
775 -270.28
776 -270.28
777 -270.28
778 -270.28
779 -270.279
780 -270.279
781 -270.279
782 -270.28
783 -270.279
784 -270.279
785 -270.279
786 -270.279
787 -270.279
788 -270.279
789 -270.279
790 -270.279
791 -270.279
792 -270.279
793 -270.279
794 -270.279
795 -270.279
796 -270.279
797 -270.279
798 -270.28
799 -270.28
800 -270.281
801 -270.28
802 -270.28
803 -270.28
804 -270.28
805 -270.28
806 -270.28
807 -270.28
808 -270.28
809 -270.28
810 -270.28
811 -270.28
812 -270.28
813 -270.281
814 -270.281
815 -270.281
816 -270.281
817 -270.281
818 -270.281
819 -270.281
820 -270.28
821 -270.28
822 -270.281
823 -270.281
824 -270.281
825 -270.281
826 -270.28
827 -270.28
828 -270.28
829 -270.28
830 -270.28
831 -270.28
832 -270.279
833 -270.28
834 -270.28
835 -270.28
836 -270.28
837 -270.28
838 -270.28
839 -270.279
840 -270.279
841 -270.279
842 -270.279
843 -270.28
844 -270.28
845 -270.28
846 -270.28
847 -270.28
848 -270.28
849 -270.28
850 -270.28
851 -270.28
852 -270.28
853 -270.28
854 -270.28
855 -270.281
856 -270.281
857 -270.281
858 -270.281
859 -270.28
860 -270.28
861 -270.28
862 -270.279
863 -270.278
864 -270.279
865 -270.279
866 -270.279
867 -270.279
868 -270.279
869 -270.279
870 -270.279
871 -270.279
872 -270.279
873 -270.279
874 -270.279
875 -270.279
876 -270.279
877 -270.279
878 -270.279
879 -270.279
880 -270.279
881 -270.279
882 -270.279
883 -270.279
884 -270.279
885 -270.279
886 -270.279
887 -270.279
888 -270.279
889 -270.279
890 -270.279
891 -270.279
892 -270.279
893 -270.279
894 -270.279
895 -270.279
896 -270.279
897 -270.279
898 -270.278
899 -270.278
900 -270.278
901 -270.279
902 -270.278
903 -270.278
904 -270.278
905 -270.278
906 -270.278
907 -270.277
908 -270.277
909 -270.277
910 -270.277
911 -270.278
912 -270.277
913 -270.278
914 -270.278
915 -270.279
916 -270.279
917 -270.279
918 -270.28
919 -270.279
920 -270.279
921 -270.28
922 -270.28
923 -270.28
924 -270.28
925 -270.279
926 -270.278
927 -270.278
928 -270.28
929 -270.279
930 -270.28
931 -270.28
932 -270.28
933 -270.279
934 -270.28
935 -270.28
936 -270.28
937 -270.28
938 -270.28
939 -270.28
940 -270.28
941 -270.28
942 -270.28
943 -270.28
944 -270.28
945 -270.28
946 -270.281
947 -270.281
948 -270.28
949 -270.28
950 -270.28
951 -270.28
952 -270.279
953 -270.279
954 -270.279
955 -270.279
956 -270.279
957 -270.279
958 -270.279
959 -270.279
960 -270.279
961 -270.279
962 -270.279
963 -270.279
964 -270.279
965 -270.279
966 -270.28
967 -270.28
968 -270.28
969 -270.28
970 -270.28
971 -270.28
972 -270.281
973 -270.281
974 -270.281
975 -270.281
976 -270.281
977 -270.281
978 -270.281
979 -270.281
980 -270.28
981 -270.281
982 -270.281
983 -270.281
984 -270.281
985 -270.281
986 -270.281
987 -270.281
988 -270.281
989 -270.281
990 -270.28
991 -270.281
992 -270.281
993 -270.281
994 -270.281
995 -270.281
996 -270.281
997 -270.281
998 -270.281
999 -270.28
1000 -270.281
1001 -270.28
1002 -270.28
1003 -270.28
1004 -270.28
1005 -270.28
1006 -270.28
1007 -270.28
1008 -270.28
1009 -270.279
1010 -270.278
1011 -270.279
1012 -270.279
1013 -270.278
1014 -270.277
1015 -270.276
1016 -270.276
1017 -270.276
1018 -270.276
1019 -270.277
1020 -270.276
1021 -270.277
1022 -270.277
1023 -270.278
1024 -270.279
1025 -270.279
1026 -270.279
1027 -270.279
1028 -270.279
1029 -270.279
1030 -270.279
1031 -270.279
1032 -270.279
1033 -270.279
1034 -270.28
1035 -270.28
1036 -270.28
1037 -270.28
1038 -270.281
1039 -270.281
1040 -270.281
1041 -270.281
1042 -270.281
1043 -270.281
1044 -270.28
1045 -270.28
1046 -270.28
1047 -270.281
1048 -270.281
1049 -270.28
1050 -270.28
1051 -270.28
1052 -270.281
1053 -270.281
1054 -270.281
1055 -270.281
1056 -270.281
1057 -270.281
1058 -270.281
1059 -270.281
1060 -270.281
1061 -270.281
1062 -270.281
1063 -270.281
1064 -270.281
1065 -270.281
1066 -270.281
1067 -270.281
1068 -270.281
1069 -270.281
1070 -270.281
1071 -270.281
1072 -270.281
1073 -270.281
1074 -270.281
1075 -270.281
1076 -270.281
1077 -270.281
1078 -270.281
1079 -270.282
1080 -270.282
1081 -270.283
1082 -270.282
1083 -270.283
1084 -270.282
1085 -270.282
1086 -270.282
1087 -270.282
1088 -270.282
1089 -270.282
1090 -270.282
1091 -270.282
1092 -270.282
1093 -270.282
1094 -270.282
1095 -270.282
1096 -270.281
1097 -270.281
1098 -270.282
1099 -270.282
1100 -270.282
1101 -270.282
1102 -270.282
1103 -270.282
1104 -270.281
1105 -270.281
1106 -270.281
1107 -270.281
1108 -270.281
1109 -270.281
1110 -270.281
1111 -270.281
1112 -270.282
1113 -270.282
1114 -270.282
1115 -270.281
1116 -270.281
1117 -270.281
1118 -270.283
1119 -270.282
1120 -270.283
1121 -270.283
1122 -270.284
1123 -270.284
1124 -270.284
1125 -270.284
1126 -270.284
1127 -270.284
1128 -270.283
1129 -270.284
1130 -270.284
1131 -270.284
1132 -270.284
1133 -270.284
1134 -270.285
1135 -270.285
1136 -270.285
1137 -270.285
1138 -270.285
1139 -270.284
1140 -270.284
1141 -270.284
1142 -270.284
1143 -270.284
1144 -270.283
1145 -270.284
1146 -270.284
1147 -270.284
1148 -270.284
1149 -270.284
1150 -270.283
1151 -270.283
1152 -270.283
1153 -270.283
1154 -270.283
1155 -270.283
1156 -270.284
1157 -270.283
1158 -270.283
1159 -270.283
1160 -270.283
1161 -270.283
1162 -270.283
1163 -270.283
1164 -270.283
1165 -270.282
1166 -270.282
1167 -270.282
1168 -270.282
1169 -270.282
1170 -270.281
1171 -270.281
1172 -270.281
1173 -270.281
1174 -270.281
1175 -270.281
1176 -270.281
1177 -270.281
1178 -270.282
1179 -270.282
1180 -270.282
1181 -270.282
1182 -270.282
1183 -270.282
1184 -270.282
1185 -270.282
1186 -270.282
1187 -270.282
1188 -270.282
1189 -270.282
1190 -270.282
1191 -270.282
1192 -270.281
1193 -270.281
1194 -270.282
1195 -270.281
1196 -270.281
1197 -270.281
1198 -270.281
1199 -270.282
1200 -270.282
1201 -270.282
1202 -270.282
1203 -270.283
1204 -270.283
1205 -270.282
1206 -270.282
1207 -270.282
1208 -270.282
1209 -270.282
1210 -270.282
1211 -270.282
1212 -270.282
1213 -270.282
1214 -270.282
1215 -270.282
1216 -270.282
1217 -270.282
1218 -270.282
1219 -270.282
1220 -270.283
1221 -270.283
1222 -270.283
1223 -270.283
1224 -270.282
1225 -270.282
1226 -270.282
1227 -270.281
1228 -270.282
1229 -270.281
1230 -270.282
1231 -270.282
1232 -270.282
1233 -270.282
1234 -270.281
1235 -270.282
1236 -270.282
1237 -270.282
1238 -270.281
1239 -270.281
1240 -270.281
1241 -270.281
1242 -270.281
1243 -270.281
1244 -270.281
1245 -270.281
1246 -270.281
1247 -270.281
1248 -270.281
1249 -270.281
1250 -270.281
1251 -270.281
1252 -270.281
1253 -270.281
1254 -270.281
1255 -270.281
1256 -270.281
1257 -270.281
1258 -270.281
1259 -270.281
1260 -270.281
1261 -270.281
1262 -270.281
1263 -270.281
1264 -270.281
1265 -270.281
1266 -270.281
1267 -270.281
1268 -270.28
1269 -270.28
1270 -270.281
1271 -270.281
1272 -270.281
1273 -270.281
1274 -270.281
1275 -270.281
1276 -270.281
1277 -270.28
1278 -270.281
1279 -270.281
1280 -270.28
1281 -270.28
1282 -270.28
1283 -270.281
1284 -270.28
1285 -270.28
1286 -270.279
1287 -270.28
1288 -270.28
1289 -270.28
1290 -270.28
1291 -270.28
1292 -270.28
1293 -270.281
1294 -270.281
1295 -270.281
1296 -270.281
1297 -270.281
1298 -270.281
1299 -270.281
1300 -270.281
1301 -270.281
1302 -270.281
1303 -270.281
1304 -270.281
1305 -270.281
1306 -270.281
1307 -270.281
1308 -270.281
1309 -270.281
1310 -270.281
1311 -270.281
1312 -270.28
1313 -270.28
1314 -270.28
1315 -270.28
1316 -270.28
1317 -270.28
1318 -270.279
1319 -270.28
1320 -270.279
1321 -270.28
1322 -270.28
1323 -270.28
1324 -270.28
1325 -270.28
1326 -270.28
1327 -270.28
1328 -270.281
1329 -270.28
1330 -270.28
1331 -270.281
1332 -270.28
1333 -270.28
1334 -270.281
1335 -270.281
1336 -270.281
1337 -270.281
1338 -270.281
1339 -270.281
1340 -270.282
1341 -270.282
1342 -270.282
1343 -270.282
1344 -270.282
1345 -270.282
1346 -270.283
1347 -270.282
1348 -270.282
1349 -270.282
1350 -270.282
1351 -270.282
1352 -270.281
1353 -270.281
1354 -270.281
1355 -270.281
1356 -270.281
1357 -270.281
1358 -270.282
1359 -270.282
1360 -270.282
1361 -270.281
1362 -270.281
1363 -270.281
1364 -270.281
1365 -270.28
1366 -270.281
1367 -270.28
1368 -270.28
1369 -270.28
1370 -270.28
1371 -270.281
1372 -270.281
1373 -270.282
1374 -270.282
1375 -270.281
1376 -270.281
1377 -270.281
1378 -270.281
1379 -270.281
1380 -270.281
1381 -270.281
1382 -270.281
1383 -270.281
1384 -270.281
1385 -270.281
1386 -270.281
1387 -270.281
1388 -270.281
1389 -270.281
1390 -270.281
1391 -270.28
1392 -270.28
1393 -270.28
1394 -270.281
1395 -270.281
1396 -270.282
1397 -270.282
1398 -270.281
1399 -270.281
1400 -270.281
1401 -270.282
1402 -270.282
1403 -270.282
1404 -270.281
1405 -270.281
1406 -270.281
1407 -270.281
1408 -270.281
1409 -270.281
1410 -270.28
1411 -270.28
1412 -270.28
1413 -270.28
1414 -270.279
1415 -270.279
1416 -270.279
1417 -270.28
1418 -270.28
1419 -270.28
1420 -270.28
1421 -270.28
1422 -270.28
1423 -270.28
1424 -270.28
1425 -270.28
1426 -270.28
1427 -270.28
1428 -270.28
1429 -270.28
1430 -270.28
1431 -270.28
1432 -270.28
1433 -270.28
1434 -270.28
1435 -270.28
1436 -270.28
1437 -270.28
1438 -270.28
1439 -270.28
1440 -270.28
1441 -270.279
1442 -270.279
1443 -270.279
1444 -270.278
1445 -270.279
1446 -270.279
1447 -270.279
1448 -270.279
1449 -270.28
1450 -270.28
1451 -270.279
1452 -270.28
1453 -270.28
1454 -270.28
1455 -270.28
1456 -270.28
1457 -270.279
1458 -270.28
1459 -270.281
1460 -270.281
1461 -270.28
1462 -270.28
1463 -270.28
1464 -270.279
1465 -270.279
1466 -270.28
1467 -270.28
1468 -270.281
1469 -270.28
1470 -270.28
1471 -270.281
1472 -270.281
1473 -270.281
1474 -270.281
1475 -270.281
1476 -270.281
1477 -270.28
1478 -270.28
1479 -270.28
1480 -270.28
1481 -270.28
1482 -270.28
1483 -270.28
1484 -270.28
1485 -270.281
1486 -270.281
1487 -270.281
1488 -270.28
1489 -270.28
1490 -270.28
1491 -270.28
1492 -270.28
1493 -270.28
1494 -270.281
1495 -270.281
1496 -270.281
1497 -270.281
1498 -270.281
1499 -270.281
1500 -270.281
1501 -270.281
1502 -270.28
1503 -270.279
1504 -270.279
1505 -270.279
1506 -270.28
1507 -270.28
1508 -270.28
1509 -270.279
1510 -270.28
1511 -270.281
1512 -270.28
1513 -270.28
1514 -270.28
1515 -270.28
1516 -270.28
1517 -270.28
1518 -270.28
1519 -270.28
1520 -270.28
1521 -270.28
1522 -270.28
1523 -270.28
1524 -270.28
1525 -270.28
1526 -270.28
1527 -270.28
1528 -270.28
1529 -270.281
1530 -270.281
1531 -270.281
1532 -270.28
1533 -270.281
1534 -270.28
1535 -270.28
1536 -270.28
1537 -270.28
1538 -270.28
1539 -270.28
1540 -270.28
1541 -270.28
1542 -270.279
1543 -270.279
1544 -270.28
1545 -270.28
1546 -270.281
1547 -270.281
1548 -270.281
1549 -270.281
1550 -270.281
1551 -270.281
1552 -270.281
1553 -270.282
1554 -270.281
1555 -270.281
1556 -270.281
1557 -270.281
1558 -270.281
1559 -270.281
1560 -270.281
1561 -270.281
1562 -270.281
1563 -270.281
1564 -270.282
1565 -270.281
1566 -270.28
1567 -270.28
1568 -270.28
1569 -270.28
1570 -270.281
1571 -270.281
1572 -270.281
1573 -270.281
1574 -270.281
1575 -270.28
1576 -270.28
1577 -270.281
1578 -270.28
1579 -270.281
1580 -270.281
1581 -270.281
1582 -270.281
1583 -270.28
1584 -270.28
1585 -270.28
1586 -270.281
1587 -270.28
1588 -270.28
1589 -270.28
1590 -270.28
1591 -270.28
1592 -270.28
1593 -270.28
1594 -270.28
1595 -270.28
1596 -270.28
1597 -270.281
1598 -270.28
1599 -270.281
1600 -270.281
1601 -270.281
1602 -270.281
1603 -270.281
1604 -270.281
1605 -270.281
1606 -270.281
1607 -270.282
1608 -270.282
1609 -270.282
1610 -270.282
1611 -270.283
1612 -270.283
1613 -270.283
1614 -270.283
1615 -270.283
1616 -270.283
1617 -270.283
1618 -270.283
1619 -270.283
1620 -270.282
1621 -270.282
1622 -270.282
1623 -270.282
1624 -270.282
1625 -270.282
1626 -270.282
1627 -270.282
1628 -270.282
1629 -270.282
1630 -270.282
1631 -270.282
1632 -270.282
1633 -270.282
1634 -270.282
1635 -270.282
1636 -270.282
1637 -270.283
1638 -270.283
1639 -270.282
1640 -270.282
1641 -270.283
1642 -270.283
1643 -270.282
1644 -270.282
1645 -270.282
1646 -270.282
1647 -270.282
1648 -270.282
1649 -270.282
1650 -270.282
1651 -270.282
1652 -270.283
1653 -270.283
1654 -270.283
1655 -270.283
1656 -270.283
1657 -270.283
1658 -270.282
1659 -270.282
1660 -270.283
1661 -270.283
1662 -270.283
1663 -270.283
1664 -270.283
1665 -270.283
1666 -270.283
1667 -270.283
1668 -270.283
1669 -270.283
1670 -270.283
1671 -270.283
1672 -270.283
1673 -270.283
1674 -270.283
1675 -270.282
1676 -270.282
1677 -270.283
1678 -270.282
1679 -270.282
1680 -270.282
1681 -270.282
1682 -270.282
1683 -270.282
1684 -270.282
1685 -270.282
1686 -270.282
1687 -270.282
1688 -270.282
1689 -270.282
1690 -270.282
1691 -270.282
1692 -270.283
1693 -270.283
1694 -270.283
1695 -270.283
1696 -270.283
1697 -270.282
1698 -270.283
1699 -270.282
1700 -270.283
1701 -270.283
1702 -270.283
1703 -270.282
1704 -270.282
1705 -270.282
1706 -270.282
1707 -270.281
1708 -270.281
1709 -270.282
1710 -270.281
1711 -270.281
1712 -270.281
1713 -270.281
1714 -270.281
1715 -270.281
1716 -270.282
1717 -270.281
1718 -270.281
1719 -270.281
1720 -270.282
1721 -270.282
1722 -270.282
1723 -270.282
1724 -270.282
1725 -270.282
1726 -270.282
1727 -270.282
1728 -270.282
1729 -270.282
1730 -270.282
1731 -270.282
1732 -270.282
1733 -270.282
1734 -270.283
1735 -270.283
1736 -270.283
1737 -270.283
1738 -270.283
1739 -270.283
1740 -270.283
1741 -270.283
1742 -270.283
1743 -270.283
1744 -270.283
1745 -270.283
1746 -270.283
1747 -270.283
1748 -270.283
1749 -270.283
1750 -270.283
1751 -270.283
1752 -270.283
1753 -270.283
1754 -270.283
1755 -270.283
1756 -270.284
1757 -270.284
1758 -270.284
1759 -270.284
1760 -270.284
1761 -270.284
1762 -270.284
1763 -270.284
1764 -270.284
1765 -270.284
1766 -270.284
1767 -270.283
1768 -270.283
1769 -270.283
1770 -270.283
1771 -270.283
1772 -270.283
1773 -270.283
1774 -270.284
1775 -270.284
1776 -270.284
1777 -270.284
1778 -270.284
1779 -270.284
1780 -270.284
1781 -270.284
1782 -270.284
1783 -270.284
1784 -270.284
1785 -270.284
1786 -270.284
1787 -270.284
1788 -270.284
1789 -270.284
1790 -270.284
1791 -270.284
1792 -270.284
1793 -270.284
1794 -270.284
1795 -270.284
1796 -270.284
1797 -270.284
1798 -270.284
1799 -270.284
1800 -270.284
1801 -270.284
1802 -270.284
1803 -270.284
1804 -270.284
1805 -270.285
1806 -270.285
1807 -270.285
1808 -270.285
1809 -270.285
1810 -270.285
1811 -270.285
1812 -270.285
1813 -270.285
1814 -270.285
1815 -270.285
1816 -270.285
1817 -270.285
1818 -270.285
1819 -270.285
1820 -270.286
1821 -270.286
1822 -270.286
1823 -270.286
1824 -270.285
1825 -270.286
1826 -270.286
1827 -270.286
1828 -270.286
1829 -270.286
1830 -270.285
1831 -270.285
1832 -270.285
1833 -270.285
1834 -270.285
1835 -270.286
1836 -270.286
1837 -270.286
1838 -270.286
1839 -270.286
1840 -270.286
1841 -270.286
1842 -270.286
1843 -270.286
1844 -270.285
1845 -270.285
1846 -270.285
1847 -270.285
1848 -270.284
1849 -270.284
1850 -270.284
1851 -270.284
1852 -270.284
1853 -270.283
1854 -270.283
1855 -270.283
1856 -270.283
1857 -270.283
1858 -270.283
1859 -270.283
1860 -270.283
1861 -270.283
1862 -270.283
1863 -270.282
1864 -270.282
1865 -270.282
1866 -270.282
1867 -270.283
1868 -270.283
1869 -270.283
1870 -270.283
1871 -270.283
1872 -270.283
1873 -270.283
1874 -270.283
1875 -270.283
1876 -270.283
1877 -270.282
1878 -270.282
1879 -270.282
1880 -270.282
1881 -270.282
1882 -270.238
1883 -270.238
1884 -270.239
1885 -270.276
1886 -270.276
1887 -270.276
1888 -270.276
1889 -270.278
1890 -270.278
1891 -270.278
1892 -270.278
1893 -270.278
1894 -270.279
1895 -270.279
1896 -270.28
1897 -270.279
1898 -270.279
1899 -270.279
1900 -270.278
1901 -270.279
1902 -270.278
1903 -270.278
1904 -270.279
1905 -270.279
1906 -270.279
1907 -270.28
1908 -270.281
1909 -270.281
1910 -270.282
1911 -270.281
1912 -270.281
1913 -270.281
1914 -270.28
1915 -270.281
1916 -270.282
1917 -270.282
1918 -270.282
1919 -270.282
1920 -270.282
1921 -270.282
1922 -270.283
1923 -270.283
1924 -270.283
1925 -270.282
1926 -270.283
1927 -270.282
1928 -270.282
1929 -270.282
1930 -270.282
1931 -270.282
1932 -270.282
1933 -270.283
1934 -270.282
1935 -270.283
1936 -270.283
1937 -270.283
1938 -270.283
1939 -270.283
1940 -270.283
1941 -270.283
1942 -270.283
1943 -270.283
1944 -270.283
1945 -270.283
1946 -270.283
1947 -270.284
1948 -270.284
1949 -270.284
1950 -270.284
1951 -270.283
1952 -270.283
1953 -270.284
1954 -270.284
1955 -270.284
1956 -270.284
1957 -270.284
1958 -270.284
1959 -270.283
1960 -270.283
1961 -270.282
1962 -270.282
1963 -270.282
1964 -270.284
1965 -270.284
1966 -270.283
1967 -270.283
1968 -270.283
1969 -270.283
1970 -270.283
1971 -270.283
1972 -270.283
1973 -270.283
1974 -270.282
1975 -270.282
1976 -270.282
1977 -270.281
1978 -270.281
1979 -270.281
1980 -270.282
1981 -270.282
1982 -270.282
1983 -270.282
1984 -270.282
1985 -270.282
1986 -270.282
1987 -270.282
1988 -270.282
1989 -270.282
1990 -270.282
1991 -270.282
1992 -270.282
1993 -270.282
1994 -270.282
1995 -270.282
1996 -270.282
1997 -270.282
1998 -270.282
1999 -270.283
2000 -270.282
2001 -270.282
2002 -270.282
2003 -270.282
2004 -270.282
2005 -270.282
2006 -270.282
2007 -270.282
2008 -270.282
2009 -270.282
2010 -270.282
2011 -270.282
2012 -270.282
2013 -270.282
2014 -270.282
2015 -270.283
2016 -270.283
2017 -270.283
2018 -270.283
2019 -270.283
2020 -270.283
2021 -270.284
2022 -270.284
2023 -270.284
2024 -270.284
2025 -270.284
2026 -270.283
2027 -270.284
2028 -270.284
2029 -270.284
2030 -270.284
2031 -270.284
2032 -270.285
2033 -270.285
2034 -270.284
2035 -270.284
2036 -270.284
2037 -270.284
2038 -270.284
2039 -270.284
2040 -270.284
2041 -270.285
2042 -270.284
2043 -270.285
2044 -270.285
2045 -270.284
2046 -270.285
2047 -270.284
2048 -270.285
2049 -270.285
2050 -270.285
2051 -270.285
2052 -270.285
2053 -270.285
2054 -270.286
2055 -270.285
2056 -270.285
2057 -270.285
2058 -270.285
2059 -270.286
2060 -270.285
2061 -270.285
2062 -270.286
2063 -270.285
2064 -270.286
2065 -270.286
2066 -270.286
2067 -270.286
2068 -270.283
2069 -270.284
2070 -270.283
2071 -270.284
2072 -270.284
2073 -270.284
2074 -270.284
2075 -270.284
2076 -270.284
2077 -270.284
2078 -270.284
2079 -270.285
2080 -270.284
2081 -270.284
2082 -270.284
2083 -270.285
2084 -270.285
2085 -270.286
2086 -270.286
2087 -270.286
2088 -270.286
2089 -270.285
2090 -270.285
2091 -270.285
2092 -270.285
2093 -270.284
2094 -270.284
2095 -270.284
2096 -270.284
2097 -270.284
2098 -270.285
2099 -270.285
2100 -270.285
2101 -270.285
2102 -270.285
2103 -270.285
2104 -270.285
2105 -270.285
2106 -270.285
2107 -270.285
2108 -270.285
2109 -270.285
2110 -270.284
2111 -270.284
2112 -270.284
2113 -270.284
2114 -270.284
2115 -270.284
2116 -270.284
2117 -270.284
2118 -270.284
2119 -270.284
2120 -270.284
2121 -270.284
2122 -270.284
2123 -270.284
2124 -270.284
2125 -270.284
2126 -270.284
2127 -270.284
2128 -270.284
2129 -270.284
2130 -270.284
2131 -270.284
2132 -270.284
2133 -270.285
2134 -270.285
2135 -270.285
2136 -270.285
2137 -270.285
2138 -270.286
2139 -270.286
2140 -270.286
2141 -270.286
2142 -270.286
2143 -270.286
2144 -270.286
2145 -270.285
2146 -270.285
2147 -270.285
2148 -270.285
2149 -270.285
2150 -270.285
2151 -270.285
2152 -270.285
2153 -270.285
2154 -270.285
2155 -270.285
2156 -270.285
2157 -270.285
2158 -270.285
2159 -270.285
2160 -270.286
2161 -270.286
2162 -270.286
2163 -270.286
2164 -270.285
2165 -270.285
2166 -270.285
2167 -270.285
2168 -270.285
2169 -270.285
2170 -270.285
2171 -270.285
2172 -270.285
2173 -270.285
2174 -270.285
2175 -270.285
2176 -270.285
2177 -270.285
2178 -270.285
2179 -270.286
2180 -270.286
2181 -270.286
2182 -270.286
2183 -270.286
2184 -270.286
2185 -270.286
2186 -270.286
2187 -270.286
2188 -270.286
2189 -270.286
2190 -270.286
2191 -270.286
2192 -270.286
2193 -270.286
2194 -270.286
2195 -270.286
2196 -270.286
2197 -270.286
2198 -270.286
2199 -270.286
2200 -270.286
2201 -270.286
2202 -270.286
2203 -270.286
2204 -270.286
2205 -270.286
2206 -270.286
2207 -270.286
2208 -270.286
2209 -270.286
2210 -270.286
2211 -270.286
2212 -270.286
2213 -270.286
2214 -270.286
2215 -270.286
2216 -270.286
2217 -270.286
2218 -270.285
2219 -270.285
2220 -270.285
2221 -270.285
2222 -270.286
2223 -270.286
2224 -270.285
2225 -270.285
2226 -270.285
2227 -270.285
2228 -270.285
2229 -270.285
2230 -270.285
2231 -270.285
2232 -270.285
2233 -270.285
2234 -270.285
2235 -270.285
2236 -270.285
2237 -270.285
2238 -270.285
2239 -270.285
2240 -270.285
2241 -270.285
2242 -270.285
2243 -270.285
2244 -270.285
2245 -270.285
2246 -270.285
2247 -270.285
2248 -270.285
2249 -270.285
2250 -270.285
2251 -270.284
2252 -270.285
2253 -270.285
2254 -270.285
2255 -270.285
2256 -270.285
2257 -270.285
2258 -270.285
2259 -270.285
2260 -270.285
2261 -270.285
2262 -270.285
2263 -270.285
2264 -270.285
2265 -270.285
2266 -270.285
2267 -270.285
2268 -270.285
2269 -270.285
2270 -270.285
2271 -270.285
2272 -270.285
2273 -270.285
2274 -270.285
2275 -270.285
2276 -270.285
2277 -270.285
2278 -270.285
2279 -270.285
2280 -270.284
2281 -270.285
2282 -270.285
2283 -270.285
2284 -270.284
2285 -270.284
2286 -270.284
2287 -270.284
2288 -270.284
2289 -270.284
2290 -270.284
2291 -270.284
2292 -270.284
2293 -270.283
2294 -270.284
2295 -270.284
2296 -270.283
2297 -270.283
2298 -270.284
2299 -270.284
2300 -270.284
2301 -270.284
2302 -270.284
2303 -270.284
2304 -270.284
2305 -270.284
2306 -270.283
2307 -270.283
2308 -270.283
2309 -270.283
2310 -270.283
2311 -270.283
2312 -270.283
2313 -270.283
2314 -270.282
2315 -270.282
2316 -270.282
2317 -270.282
2318 -270.283
2319 -270.282
2320 -270.282
2321 -270.282
2322 -270.282
2323 -270.282
2324 -270.282
2325 -270.283
2326 -270.283
2327 -270.282
2328 -270.282
2329 -270.283
2330 -270.283
2331 -270.283
2332 -270.283
2333 -270.283
2334 -270.283
2335 -270.283
2336 -270.283
2337 -270.284
2338 -270.284
2339 -270.284
2340 -270.284
2341 -270.284
2342 -270.284
2343 -270.285
2344 -270.284
2345 -270.285
2346 -270.285
2347 -270.285
2348 -270.285
2349 -270.284
2350 -270.285
2351 -270.285
2352 -270.284
2353 -270.284
2354 -270.284
2355 -270.284
2356 -270.284
2357 -270.284
2358 -270.284
2359 -270.284
2360 -270.284
2361 -270.283
2362 -270.283
2363 -270.284
2364 -270.283
2365 -270.283
2366 -270.283
2367 -270.283
2368 -270.283
2369 -270.283
2370 -270.283
2371 -270.283
2372 -270.283
2373 -270.283
2374 -270.283
2375 -270.282
2376 -270.282
2377 -270.282
2378 -270.282
2379 -270.283
2380 -270.283
2381 -270.283
2382 -270.284
2383 -270.284
2384 -270.285
2385 -270.285
2386 -270.285
2387 -270.284
2388 -270.285
2389 -270.284
2390 -270.284
2391 -270.284
2392 -270.284
2393 -270.284
2394 -270.284
2395 -270.284
2396 -270.284
2397 -270.284
2398 -270.284
2399 -270.284
2400 -270.284
2401 -270.284
2402 -270.284
2403 -270.284
2404 -270.284
2405 -270.284
2406 -270.284
2407 -270.284
2408 -270.284
2409 -270.284
2410 -270.284
2411 -270.284
2412 -270.284
2413 -270.284
2414 -270.284
2415 -270.284
2416 -270.284
2417 -270.284
2418 -270.283
2419 -270.283
2420 -270.283
2421 -270.283
2422 -270.283
2423 -270.284
2424 -270.284
2425 -270.284
2426 -270.284
2427 -270.283
2428 -270.283
2429 -270.283
2430 -270.283
2431 -270.283
2432 -270.283
2433 -270.283
2434 -270.283
2435 -270.284
2436 -270.284
2437 -270.283
2438 -270.283
2439 -270.282
2440 -270.282
2441 -270.282
2442 -270.282
2443 -270.282
2444 -270.282
2445 -270.282
2446 -270.282
2447 -270.282
2448 -270.282
2449 -270.283
2450 -270.283
2451 -270.283
2452 -270.282
2453 -270.282
2454 -270.282
2455 -270.282
2456 -270.282
2457 -270.282
2458 -270.282
2459 -270.282
2460 -270.282
2461 -270.282
2462 -270.282
2463 -270.282
2464 -270.282
2465 -270.282
2466 -270.282
2467 -270.282
2468 -270.282
2469 -270.282
2470 -270.282
2471 -270.282
2472 -270.282
2473 -270.282
2474 -270.282
2475 -270.282
2476 -270.281
2477 -270.281
2478 -270.281
2479 -270.281
2480 -270.282
2481 -270.281
2482 -270.281
2483 -270.281
2484 -270.281
2485 -270.281
2486 -270.281
2487 -270.281
2488 -270.281
2489 -270.282
2490 -270.282
2491 -270.282
2492 -270.282
2493 -270.282
2494 -270.282
2495 -270.282
2496 -270.282
2497 -270.282
2498 -270.283
2499 -270.284
2500 -270.283
2501 -270.264
2502 -270.265
2503 -270.274
2504 -270.274
2505 -270.275
2506 -270.275
2507 -270.274
2508 -270.274
2509 -270.274
2510 -270.277
2511 -270.277
2512 -270.277
2513 -270.277
2514 -270.277
2515 -270.277
2516 -270.277
2517 -270.277
2518 -270.277
2519 -270.277
2520 -270.277
2521 -270.278
2522 -270.278
2523 -270.277
2524 -270.277
2525 -270.278
2526 -270.279
2527 -270.279
2528 -270.28
2529 -270.281
2530 -270.281
2531 -270.281
2532 -270.281
2533 -270.281
2534 -270.281
2535 -270.281
2536 -270.281
2537 -270.281
2538 -270.282
2539 -270.281
2540 -270.28
2541 -270.28
2542 -270.28
2543 -270.28
2544 -270.28
2545 -270.28
2546 -270.28
2547 -270.28
2548 -270.28
2549 -270.28
2550 -270.28
2551 -270.28
2552 -270.281
2553 -270.281
2554 -270.281
2555 -270.281
2556 -270.28
2557 -270.28
2558 -270.279
2559 -270.279
2560 -270.279
2561 -270.28
2562 -270.28
2563 -270.28
2564 -270.279
2565 -270.28
2566 -270.28
2567 -270.28
2568 -270.28
2569 -270.279
2570 -270.279
2571 -270.279
2572 -270.279
2573 -270.279
2574 -270.28
2575 -270.28
2576 -270.28
2577 -270.28
2578 -270.28
2579 -270.28
2580 -270.28
2581 -270.28
2582 -270.28
2583 -270.281
2584 -270.281
2585 -270.28
2586 -270.281
2587 -270.282
2588 -270.282
2589 -270.282
2590 -270.282
2591 -270.282
2592 -270.282
2593 -270.282
2594 -270.282
2595 -270.282
2596 -270.283
2597 -270.283
2598 -270.284
2599 -270.284
2600 -270.284
2601 -270.284
2602 -270.283
2603 -270.283
2604 -270.284
2605 -270.283
2606 -270.283
2607 -270.284
2608 -270.284
2609 -270.284
2610 -270.284
2611 -270.284
2612 -270.283
2613 -270.284
2614 -270.283
2615 -270.283
2616 -270.283
2617 -270.283
2618 -270.283
2619 -270.283
2620 -270.284
2621 -270.284
2622 -270.284
2623 -270.284
2624 -270.284
2625 -270.284
2626 -270.284
2627 -270.284
2628 -270.283
2629 -270.283
2630 -270.283
2631 -270.283
2632 -270.283
2633 -270.283
2634 -270.283
2635 -270.283
2636 -270.283
2637 -270.283
2638 -270.283
2639 -270.283
2640 -270.284
2641 -270.283
2642 -270.284
2643 -270.284
2644 -270.283
2645 -270.284
2646 -270.284
2647 -270.284
2648 -270.284
2649 -270.284
2650 -270.284
2651 -270.284
2652 -270.284
2653 -270.283
2654 -270.283
2655 -270.283
2656 -270.283
2657 -270.283
2658 -270.284
2659 -270.283
2660 -270.282
2661 -270.283
2662 -270.283
2663 -270.283
2664 -270.284
2665 -270.284
2666 -270.285
2667 -270.285
2668 -270.285
2669 -270.285
2670 -270.284
2671 -270.284
2672 -270.284
2673 -270.284
2674 -270.284
2675 -270.284
2676 -270.284
2677 -270.284
2678 -270.284
2679 -270.284
2680 -270.284
2681 -270.283
2682 -270.283
2683 -270.283
2684 -270.283
2685 -270.283
2686 -270.284
2687 -270.284
2688 -270.284
2689 -270.284
2690 -270.282
2691 -270.283
2692 -270.283
2693 -270.283
2694 -270.283
2695 -270.283
2696 -270.283
2697 -270.283
2698 -270.283
2699 -270.284
2700 -270.284
2701 -270.284
2702 -270.283
2703 -270.283
2704 -270.283
2705 -270.282
2706 -270.283
2707 -270.283
2708 -270.283
2709 -270.283
2710 -270.283
2711 -270.283
2712 -270.283
2713 -270.283
2714 -270.283
2715 -270.283
2716 -270.283
2717 -270.282
2718 -270.281
2719 -270.282
2720 -270.282
2721 -270.282
2722 -270.282
2723 -270.282
2724 -270.281
2725 -270.281
2726 -270.281
2727 -270.281
2728 -270.281
2729 -270.281
2730 -270.28
2731 -270.281
2732 -270.281
2733 -270.281
2734 -270.281
2735 -270.281
2736 -270.281
2737 -270.281
2738 -270.281
2739 -270.281
2740 -270.281
2741 -270.281
2742 -270.281
2743 -270.281
2744 -270.281
2745 -270.282
2746 -270.282
2747 -270.282
2748 -270.282
2749 -270.282
2750 -270.282
2751 -270.283
2752 -270.283
2753 -270.283
2754 -270.283
2755 -270.284
2756 -270.284
2757 -270.284
2758 -270.284
2759 -270.285
2760 -270.284
2761 -270.284
2762 -270.284
2763 -270.284
2764 -270.285
2765 -270.285
2766 -270.284
2767 -270.284
2768 -270.284
2769 -270.285
2770 -270.285
2771 -270.285
2772 -270.285
2773 -270.286
2774 -270.286
2775 -270.286
2776 -270.286
2777 -270.286
2778 -270.286
2779 -270.286
2780 -270.286
2781 -270.285
2782 -270.285
2783 -270.285
2784 -270.285
2785 -270.286
2786 -270.285
2787 -270.285
2788 -270.285
2789 -270.286
2790 -270.286
2791 -270.286
2792 -270.286
2793 -270.286
2794 -270.285
2795 -270.285
2796 -270.285
2797 -270.285
2798 -270.284
2799 -270.284
2800 -270.284
2801 -270.284
2802 -270.284
2803 -270.284
2804 -270.284
2805 -270.284
2806 -270.284
2807 -270.285
2808 -270.284
2809 -270.284
2810 -270.284
2811 -270.284
2812 -270.284
2813 -270.285
2814 -270.284
2815 -270.285
2816 -270.285
2817 -270.285
2818 -270.284
2819 -270.283
2820 -270.283
2821 -270.283
2822 -270.284
2823 -270.284
2824 -270.283
2825 -270.283
2826 -270.283
2827 -270.283
2828 -270.283
2829 -270.283
2830 -270.283
2831 -270.283
2832 -270.283
2833 -270.284
2834 -270.284
2835 -270.285
2836 -270.284
2837 -270.283
2838 -270.283
2839 -270.283
2840 -270.283
2841 -270.283
2842 -270.283
2843 -270.283
2844 -270.283
2845 -270.283
2846 -270.284
2847 -270.284
2848 -270.284
2849 -270.284
2850 -270.284
2851 -270.285
2852 -270.284
2853 -270.284
2854 -270.284
2855 -270.284
2856 -270.283
2857 -270.283
2858 -270.283
2859 -270.284
2860 -270.284
2861 -270.264
2862 -270.265
2863 -270.265
2864 -270.265
2865 -270.265
2866 -270.265
2867 -270.265
2868 -270.265
2869 -270.266
2870 -270.266
2871 -270.266
2872 -270.265
2873 -270.266
2874 -270.266
2875 -270.273
2876 -270.273
2877 -270.283
2878 -270.282
2879 -270.282
2880 -270.282
2881 -270.282
2882 -270.282
2883 -270.282
2884 -270.282
2885 -270.282
2886 -270.281
2887 -270.281
2888 -270.281
2889 -270.281
2890 -270.281
2891 -270.281
2892 -270.281
2893 -270.281
2894 -270.281
2895 -270.281
2896 -270.281
2897 -270.281
2898 -270.281
2899 -270.281
2900 -270.282
2901 -270.282
2902 -270.282
2903 -270.282
2904 -270.282
2905 -270.282
2906 -270.282
2907 -270.282
2908 -270.282
2909 -270.282
2910 -270.282
2911 -270.282
2912 -270.282
2913 -270.282
2914 -270.282
2915 -270.282
2916 -270.282
2917 -270.282
2918 -270.283
2919 -270.282
2920 -270.282
2921 -270.282
2922 -270.282
2923 -270.282
2924 -270.283
2925 -270.282
2926 -270.283
2927 -270.283
2928 -270.283
2929 -270.284
2930 -270.284
2931 -270.283
2932 -270.283
2933 -270.284
2934 -270.284
2935 -270.283
2936 -270.283
2937 -270.283
2938 -270.284
2939 -270.284
2940 -270.284
2941 -270.284
2942 -270.284
2943 -270.284
2944 -270.284
2945 -270.284
2946 -270.285
2947 -270.284
2948 -270.285
2949 -270.285
2950 -270.284
2951 -270.284
2952 -270.284
2953 -270.284
2954 -270.284
2955 -270.284
2956 -270.283
2957 -270.283
2958 -270.283
2959 -270.283
2960 -270.283
2961 -270.283
2962 -270.283
2963 -270.283
2964 -270.283
2965 -270.283
2966 -270.283
2967 -270.283
2968 -270.283
2969 -270.283
2970 -270.283
2971 -270.283
2972 -270.283
2973 -270.283
2974 -270.283
2975 -270.283
2976 -270.283
2977 -270.283
2978 -270.283
2979 -270.283
2980 -270.282
2981 -270.282
2982 -270.282
2983 -270.282
2984 -270.283
2985 -270.283
2986 -270.283
2987 -270.283
2988 -270.283
2989 -270.283
2990 -270.283
2991 -270.282
2992 -270.283
2993 -270.282
2994 -270.283
2995 -270.283
2996 -270.284
2997 -270.284
2998 -270.284
2999 -270.283
3000 -270.283
