1 -269.501
2 -269.546
3 -269.591
4 -269.644
5 -269.716
6 -269.745
7 -269.768
8 -269.803
9 -269.826
10 -269.839
11 -269.868
12 -269.884
13 -269.916
14 -269.934
15 -269.939
16 -269.959
17 -269.98
18 -269.996
19 -270.001
20 -270.008
21 -270.038
22 -270.043
23 -270.05
24 -270.059
25 -270.067
26 -270.07
27 -270.075
28 -270.078
29 -270.085
30 -270.093
31 -270.101
32 -270.11
33 -270.11
34 -270.114
35 -270.117
36 -270.123
37 -270.124
38 -270.125
39 -270.126
40 -270.129
41 -270.132
42 -270.133
43 -270.134
44 -270.135
45 -270.139
46 -270.141
47 -270.143
48 -270.144
49 -270.147
50 -270.148
51 -270.149
52 -270.152
53 -270.157
54 -270.161
55 -270.161
56 -270.166
57 -270.168
58 -270.168
59 -270.173
60 -270.174
61 -270.175
62 -270.176
63 -270.178
64 -270.18
65 -270.184
66 -270.185
67 -270.185
68 -270.185
69 -270.19
70 -270.19
71 -270.192
72 -270.193
73 -270.195
74 -270.195
75 -270.196
76 -270.196
77 -270.197
78 -270.198
79 -270.199
80 -270.2
81 -270.201
82 -270.201
83 -270.201
84 -270.202
85 -270.202
86 -270.202
87 -270.206
88 -270.207
89 -270.208
90 -270.208
91 -270.209
92 -270.21
93 -270.211
94 -270.214
95 -270.215
96 -270.215
97 -270.215
98 -270.216
99 -270.216
100 -270.216
101 -270.216
102 -270.216
103 -270.218
104 -270.218
105 -270.219
106 -270.22
107 -270.22
108 -270.221
109 -270.222
110 -270.223
111 -270.223
112 -270.223
113 -270.224
114 -270.225
115 -270.225
116 -270.229
117 -270.229
118 -270.231
119 -270.231
120 -270.231
121 -270.232
122 -270.232
123 -270.232
124 -270.233
125 -270.233
126 -270.234
127 -270.234
128 -270.234
129 -270.235
130 -270.236
131 -270.237
132 -270.237
133 -270.238
134 -270.238
135 -270.239
136 -270.24
137 -270.24
138 -270.24
139 -270.24
140 -270.24
141 -270.24
142 -270.241
143 -270.242
144 -270.243
145 -270.243
146 -270.243
147 -270.243
148 -270.243
149 -270.243
150 -270.244
151 -270.245
152 -270.245
153 -270.245
154 -270.245
155 -270.245
156 -270.246
157 -270.246
158 -270.246
159 -270.247
160 -270.247
161 -270.248
162 -270.248
163 -270.248
164 -270.249
165 -270.249
166 -270.249
167 -270.251
168 -270.251
169 -270.252
170 -270.252
171 -270.253
172 -270.253
173 -270.253
174 -270.254
175 -270.254
176 -270.254
177 -270.254
178 -270.255
179 -270.255
180 -270.255
181 -270.255
182 -270.255
183 -270.256
184 -270.256
185 -270.256
186 -270.256
187 -270.256
188 -270.257
189 -270.257
190 -270.258
191 -270.258
192 -270.258
193 -270.258
194 -270.258
195 -270.259
196 -270.259
197 -270.259
198 -270.259
199 -270.259
200 -270.259
201 -270.259
202 -270.259
203 -270.259
204 -270.259
205 -270.259
206 -270.259
207 -270.259
208 -270.26
209 -270.26
210 -270.26
211 -270.26
212 -270.26
213 -270.26
214 -270.26
215 -270.26
216 -270.261
217 -270.261
218 -270.261
219 -270.261
220 -270.261
221 -270.261
222 -270.261
223 -270.261
224 -270.261
225 -270.262
226 -270.262
227 -270.262
228 -270.262
229 -270.262
230 -270.262
231 -270.262
232 -270.262
233 -270.263
234 -270.263
235 -270.263
236 -270.263
237 -270.264
238 -270.264
239 -270.264
240 -270.264
241 -270.264
242 -270.264
243 -270.264
244 -270.264
245 -270.264
246 -270.264
247 -270.264
248 -270.264
249 -270.264
250 -270.264
251 -270.264
252 -270.264
253 -270.265
254 -270.265
255 -270.265
256 -270.265
257 -270.265
258 -270.265
259 -270.265
260 -270.265
261 -270.265
262 -270.265
263 -270.265
264 -270.265
265 -270.265
266 -270.265
267 -270.266
268 -270.266
269 -270.266
270 -270.266
271 -270.266
272 -270.266
273 -270.266
274 -270.266
275 -270.266
276 -270.266
277 -270.266
278 -270.266
279 -270.266
280 -270.266
281 -270.266
282 -270.266
283 -270.267
284 -270.267
285 -270.267
286 -270.267
287 -270.267
288 -270.267
289 -270.267
290 -270.267
291 -270.267
292 -270.267
293 -270.267
294 -270.267
295 -270.268
296 -270.268
297 -270.268
298 -270.268
299 -270.268
300 -270.268
301 -270.268
302 -270.268
303 -270.268
304 -270.268
305 -270.268
306 -270.268
307 -270.268
308 -270.269
309 -270.269
310 -270.269
311 -270.269
312 -270.269
313 -270.269
314 -270.269
315 -270.269
316 -270.27
317 -270.27
318 -270.27
319 -270.27
320 -270.27
321 -270.27
322 -270.27
323 -270.27
324 -270.27
325 -270.27
326 -270.27
327 -270.27
328 -270.27
329 -270.271
330 -270.271
331 -270.271
332 -270.271
333 -270.271
334 -270.271
335 -270.271
336 -270.271
337 -270.272
338 -270.272
339 -270.272
340 -270.272
341 -270.272
342 -270.272
343 -270.272
344 -270.272
345 -270.272
346 -270.272
347 -270.272
348 -270.272
349 -270.272
350 -270.272
351 -270.272
352 -270.272
353 -270.272
354 -270.272
355 -270.273
356 -270.273
357 -270.273
358 -270.273
359 -270.273
360 -270.273
361 -270.273
362 -270.273
363 -270.273
364 -270.273
365 -270.274
366 -270.274
367 -270.274
368 -270.274
369 -270.274
370 -270.274
371 -270.274
372 -270.274
373 -270.274
374 -270.275
375 -270.275
376 -270.275
377 -270.275
378 -270.275
379 -270.275
380 -270.275
381 -270.275
382 -270.275
383 -270.275
384 -270.275
385 -270.275
386 -270.275
387 -270.275
388 -270.275
389 -270.275
390 -270.275
391 -270.275
392 -270.275
393 -270.275
394 -270.275
395 -270.275
396 -270.275
397 -270.275
398 -270.276
399 -270.276
400 -270.276
401 -270.276
402 -270.276
403 -270.276
404 -270.276
405 -270.276
406 -270.276
407 -270.276
408 -270.276
409 -270.276
410 -270.276
411 -270.276
412 -270.276
413 -270.276
414 -270.276
415 -270.276
416 -270.276
417 -270.276
418 -270.276
419 -270.276
420 -270.277
421 -270.277
422 -270.277
423 -270.277
424 -270.277
425 -270.277
426 -270.277
427 -270.277
428 -270.277
429 -270.277
430 -270.277
431 -270.277
432 -270.277
433 -270.277
434 -270.277
435 -270.277
436 -270.277
437 -270.277
438 -270.277
439 -270.278
440 -270.278
441 -270.278
442 -270.278
443 -270.278
444 -270.278
445 -270.278
446 -270.278
447 -270.278
448 -270.278
449 -270.278
450 -270.278
451 -270.278
452 -270.278
453 -270.278
454 -270.278
455 -270.278
456 -270.278
457 -270.278
458 -270.278
459 -270.278
460 -270.278
461 -270.278
462 -270.278
463 -270.278
464 -270.278
465 -270.278
466 -270.278
467 -270.278
468 -270.278
469 -270.278
470 -270.278
471 -270.278
472 -270.278
473 -270.278
474 -270.278
475 -270.278
476 -270.279
477 -270.279
478 -270.279
479 -270.279
480 -270.279
481 -270.279
482 -270.279
483 -270.279
484 -270.279
485 -270.279
486 -270.279
487 -270.279
488 -270.279
489 -270.279
490 -270.279
491 -270.279
492 -270.279
493 -270.279
494 -270.279
495 -270.279
496 -270.279
497 -270.279
498 -270.279
499 -270.28
500 -270.28
501 -270.28
502 -270.28
503 -270.28
504 -270.28
505 -270.28
506 -270.28
507 -270.28
508 -270.28
509 -270.28
510 -270.28
511 -270.28
512 -270.28
513 -270.28
514 -270.28
515 -270.28
516 -270.28
517 -270.28
518 -270.28
519 -270.28
520 -270.28
521 -270.28
522 -270.28
523 -270.28
524 -270.28
525 -270.28
526 -270.28
527 -270.28
528 -270.28
529 -270.28
530 -270.28
531 -270.28
532 -270.28
533 -270.28
534 -270.28
535 -270.28
536 -270.28
537 -270.28
538 -270.28
539 -270.28
540 -270.28
541 -270.28
542 -270.28
543 -270.28
544 -270.28
545 -270.28
546 -270.28
547 -270.28
548 -270.28
549 -270.28
550 -270.28
551 -270.28
552 -270.28
553 -270.28
554 -270.28
555 -270.28
556 -270.28
557 -270.281
558 -270.281
559 -270.281
560 -270.281
561 -270.281
562 -270.281
563 -270.281
564 -270.281
565 -270.281
566 -270.281
567 -270.281
568 -270.281
569 -270.281
570 -270.282
571 -270.282
572 -270.282
573 -270.282
574 -270.282
575 -270.282
576 -270.282
577 -270.282
578 -270.282
579 -270.282
580 -270.282
581 -270.282
582 -270.282
583 -270.282
584 -270.278
585 -270.278
586 -270.278
587 -270.278
588 -270.278
589 -270.278
590 -270.278
591 -270.278
592 -270.278
593 -270.278
594 -270.278
595 -270.279
596 -270.279
597 -270.279
598 -270.279
599 -270.279
600 -270.279
601 -270.279
602 -270.279
603 -270.279
604 -270.279
605 -270.279
606 -270.279
607 -270.279
608 -270.279
609 -270.279
610 -270.279
611 -270.279
612 -270.28
613 -270.28
614 -270.28
615 -270.28
616 -270.28
617 -270.28
618 -270.28
619 -270.28
620 -270.28
621 -270.28
622 -270.28
623 -270.28
624 -270.28
625 -270.28
626 -270.28
627 -270.28
628 -270.28
629 -270.281
630 -270.281
631 -270.28
632 -270.281
633 -270.281
634 -270.281
635 -270.281
636 -270.281
637 -270.281
638 -270.281
639 -270.281
640 -270.281
641 -270.281
642 -270.281
643 -270.281
644 -270.281
645 -270.281
646 -270.281
647 -270.281
648 -270.282
649 -270.282
650 -270.282
651 -270.282
652 -270.282
653 -270.282
654 -270.282
655 -270.282
656 -270.282
657 -270.282
658 -270.282
659 -270.282
660 -270.282
661 -270.282
662 -270.282
663 -270.282
664 -270.282
665 -270.282
666 -270.282
667 -270.282
668 -270.282
669 -270.282
670 -270.282
671 -270.282
672 -270.282
673 -270.282
674 -270.282
675 -270.282
676 -270.282
677 -270.282
678 -270.282
679 -270.282
680 -270.282
681 -270.282
682 -270.282
683 -270.283
684 -270.283
685 -270.283
686 -270.283
687 -270.283
688 -270.283
689 -270.283
690 -270.283
691 -270.283
692 -270.283
693 -270.283
694 -270.283
695 -270.283
696 -270.283
697 -270.283
698 -270.283
699 -270.283
700 -270.283
701 -270.283
702 -270.283
703 -270.283
704 -270.283
705 -270.283
706 -270.283
707 -270.283
708 -270.283
709 -270.284
710 -270.284
711 -270.284
712 -270.284
713 -270.284
714 -270.284
715 -270.284
716 -270.284
717 -270.284
718 -270.284
719 -270.284
720 -270.284
721 -270.284
722 -270.284
723 -270.284
724 -270.284
725 -270.284
726 -270.284
727 -270.284
728 -270.284
729 -270.284
730 -270.284
731 -270.284
732 -270.284
733 -270.284
734 -270.285
735 -270.285
736 -270.285
737 -270.284
738 -270.284
739 -270.285
740 -270.285
741 -270.285
742 -270.285
743 -270.285
744 -270.285
745 -270.285
746 -270.285
747 -270.285
748 -270.285
749 -270.285
750 -270.285
751 -270.285
752 -270.285
753 -270.285
754 -270.285
755 -270.285
756 -270.285
757 -270.285
758 -270.285
759 -270.285
760 -270.285
761 -270.285
762 -270.285
763 -270.285
764 -270.285
765 -270.285
766 -270.285
767 -270.285
768 -270.285
769 -270.285
770 -270.285
771 -270.285
772 -270.285
773 -270.285
774 -270.285
775 -270.285
776 -270.285
777 -270.285
778 -270.285
779 -270.285
780 -270.285
781 -270.285
782 -270.285
783 -270.285
784 -270.285
785 -270.285
786 -270.286
787 -270.286
788 -270.286
789 -270.286
790 -270.286
791 -270.286
792 -270.286
793 -270.286
794 -270.286
795 -270.286
796 -270.286
797 -270.286
798 -270.286
799 -270.286
800 -270.286
801 -270.286
802 -270.286
803 -270.286
804 -270.286
805 -270.286
806 -270.286
807 -270.286
808 -270.286
809 -270.286
810 -270.286
811 -270.286
812 -270.286
813 -270.286
814 -270.286
815 -270.286
816 -270.286
817 -270.286
818 -270.286
819 -270.286
820 -270.286
821 -270.286
822 -270.286
823 -270.286
824 -270.286
825 -270.286
826 -270.286
827 -270.286
828 -270.286
829 -270.286
830 -270.286
831 -270.286
832 -270.286
833 -270.286
834 -270.286
835 -270.286
836 -270.286
837 -270.286
838 -270.286
839 -270.286
840 -270.286
841 -270.286
842 -270.286
843 -270.286
844 -270.286
845 -270.286
846 -270.286
847 -270.286
848 -270.286
849 -270.286
850 -270.286
851 -270.286
852 -270.286
853 -270.286
854 -270.286
855 -270.286
856 -270.286
857 -270.286
858 -270.286
859 -270.286
860 -270.286
861 -270.286
862 -270.286
863 -270.286
864 -270.286
865 -270.286
866 -270.286
867 -270.286
868 -270.286
869 -270.286
870 -270.286
871 -270.286
872 -270.286
873 -270.286
874 -270.286
875 -270.286
876 -270.286
877 -270.286
878 -270.286
879 -270.286
880 -270.286
881 -270.286
882 -270.286
883 -270.286
884 -270.286
885 -270.286
886 -270.286
887 -270.286
888 -270.286
889 -270.286
890 -270.286
891 -270.286
892 -270.287
893 -270.287
894 -270.287
895 -270.287
896 -270.287
897 -270.287
898 -270.287
899 -270.287
900 -270.287
901 -270.287
902 -270.287
903 -270.287
904 -270.287
905 -270.287
906 -270.287
907 -270.287
908 -270.287
909 -270.287
910 -270.287
911 -270.287
912 -270.287
913 -270.287
914 -270.287
915 -270.287
916 -270.287
917 -270.287
918 -270.287
919 -270.287
920 -270.287
921 -270.287
922 -270.287
923 -270.287
924 -270.287
925 -270.287
926 -270.287
927 -270.287
928 -270.287
929 -270.287
930 -270.287
931 -270.287
932 -270.287
933 -270.287
934 -270.287
935 -270.287
936 -270.287
937 -270.287
938 -270.287
939 -270.287
940 -270.287
941 -270.287
942 -270.287
943 -270.287
944 -270.287
945 -270.287
946 -270.287
947 -270.287
948 -270.287
949 -270.287
950 -270.287
951 -270.287
952 -270.287
953 -270.287
954 -270.287
955 -270.287
956 -270.287
957 -270.287
958 -270.287
959 -270.287
960 -270.287
961 -270.287
962 -270.287
963 -270.287
964 -270.287
965 -270.287
966 -270.287
967 -270.287
968 -270.287
969 -270.287
970 -270.287
971 -270.287
972 -270.287
973 -270.287
974 -270.287
975 -270.287
976 -270.287
977 -270.279
978 -270.284
979 -270.284
980 -270.284
981 -270.284
982 -270.284
983 -270.284
984 -270.284
985 -270.284
986 -270.284
987 -270.284
988 -270.284
989 -270.284
990 -270.286
991 -270.286
992 -270.286
993 -270.286
994 -270.286
995 -270.286
996 -270.286
997 -270.286
998 -270.286
999 -270.286
1000 -270.286
1001 -270.286
1002 -270.286
1003 -270.286
1004 -270.286
1005 -270.286
1006 -270.286
1007 -270.286
1008 -270.286
1009 -270.286
1010 -270.286
1011 -270.286
1012 -270.287
1013 -270.287
1014 -270.287
1015 -270.287
1016 -270.287
1017 -270.287
1018 -270.287
1019 -270.287
1020 -270.287
1021 -270.287
1022 -270.287
1023 -270.287
1024 -270.287
1025 -270.287
1026 -270.287
1027 -270.287
1028 -270.287
1029 -270.287
1030 -270.287
1031 -270.287
1032 -270.287
1033 -270.287
1034 -270.287
1035 -270.287
1036 -270.287
1037 -270.287
1038 -270.287
1039 -270.287
1040 -270.288
1041 -270.288
1042 -270.288
1043 -270.288
1044 -270.288
1045 -270.288
1046 -270.288
1047 -270.288
1048 -270.288
1049 -270.288
1050 -270.288
1051 -270.288
1052 -270.288
1053 -270.288
1054 -270.288
1055 -270.288
1056 -270.288
1057 -270.288
1058 -270.288
1059 -270.288
1060 -270.288
1061 -270.288
1062 -270.288
1063 -270.288
1064 -270.288
1065 -270.288
1066 -270.288
1067 -270.288
1068 -270.288
1069 -270.288
1070 -270.288
1071 -270.288
1072 -270.288
1073 -270.288
1074 -270.288
1075 -270.288
1076 -270.288
1077 -270.288
1078 -270.288
1079 -270.288
1080 -270.288
1081 -270.288
1082 -270.288
1083 -270.288
1084 -270.288
1085 -270.288
1086 -270.288
1087 -270.288
1088 -270.288
1089 -270.288
1090 -270.288
1091 -270.288
1092 -270.288
1093 -270.288
1094 -270.288
1095 -270.288
1096 -270.288
1097 -270.289
1098 -270.289
1099 -270.289
1100 -270.289
1101 -270.289
1102 -270.289
1103 -270.289
1104 -270.289
1105 -270.289
1106 -270.289
1107 -270.289
1108 -270.289
1109 -270.289
1110 -270.289
1111 -270.289
1112 -270.289
1113 -270.289
1114 -270.289
1115 -270.289
1116 -270.289
1117 -270.289
1118 -270.289
1119 -270.289
1120 -270.289
1121 -270.289
1122 -270.289
1123 -270.289
1124 -270.289
1125 -270.289
1126 -270.289
1127 -270.289
1128 -270.289
1129 -270.289
1130 -270.289
1131 -270.289
1132 -270.289
1133 -270.289
1134 -270.289
1135 -270.289
1136 -270.289
1137 -270.289
1138 -270.289
1139 -270.289
1140 -270.289
1141 -270.289
1142 -270.289
1143 -270.289
1144 -270.289
1145 -270.289
1146 -270.289
1147 -270.289
1148 -270.289
1149 -270.289
1150 -270.289
1151 -270.289
1152 -270.289
1153 -270.289
1154 -270.289
1155 -270.289
1156 -270.289
1157 -270.289
1158 -270.289
1159 -270.289
1160 -270.289
1161 -270.289
1162 -270.289
1163 -270.289
1164 -270.29
1165 -270.29
1166 -270.29
1167 -270.29
1168 -270.29
1169 -270.29
1170 -270.29
1171 -270.29
1172 -270.29
1173 -270.29
1174 -270.29
1175 -270.29
1176 -270.29
1177 -270.29
1178 -270.29
1179 -270.29
1180 -270.29
1181 -270.29
1182 -270.29
1183 -270.29
1184 -270.29
1185 -270.29
1186 -270.29
1187 -270.29
1188 -270.29
1189 -270.29
1190 -270.29
1191 -270.29
1192 -270.29
1193 -270.29
1194 -270.29
1195 -270.29
1196 -270.29
1197 -270.29
1198 -270.29
1199 -270.29
1200 -270.29
1201 -270.29
1202 -270.29
1203 -270.29
1204 -270.29
1205 -270.29
1206 -270.29
1207 -270.29
1208 -270.29
1209 -270.29
1210 -270.29
1211 -270.29
1212 -270.29
1213 -270.29
1214 -270.29
1215 -270.29
1216 -270.29
1217 -270.29
1218 -270.29
1219 -270.29
1220 -270.29
1221 -270.29
1222 -270.29
1223 -270.29
1224 -270.29
1225 -270.29
1226 -270.29
1227 -270.29
1228 -270.29
1229 -270.29
1230 -270.29
1231 -270.29
1232 -270.29
1233 -270.29
1234 -270.29
1235 -270.29
1236 -270.29
1237 -270.29
1238 -270.29
1239 -270.29
1240 -270.29
1241 -270.29
1242 -270.29
1243 -270.29
1244 -270.291
1245 -270.291
1246 -270.29
1247 -270.29
1248 -270.29
1249 -270.29
1250 -270.29
1251 -270.29
1252 -270.29
1253 -270.291
1254 -270.291
1255 -270.291
1256 -270.291
1257 -270.291
1258 -270.291
1259 -270.291
1260 -270.291
1261 -270.291
1262 -270.291
1263 -270.291
1264 -270.291
1265 -270.291
1266 -270.291
1267 -270.291
1268 -270.291
1269 -270.291
1270 -270.291
1271 -270.291
1272 -270.291
1273 -270.291
1274 -270.291
1275 -270.291
1276 -270.291
1277 -270.291
1278 -270.291
1279 -270.291
1280 -270.291
1281 -270.291
1282 -270.291
1283 -270.291
1284 -270.291
1285 -270.291
1286 -270.291
1287 -270.291
1288 -270.291
1289 -270.291
1290 -270.291
1291 -270.291
1292 -270.291
1293 -270.291
1294 -270.291
1295 -270.291
1296 -270.291
1297 -270.291
1298 -270.291
1299 -270.291
1300 -270.291
1301 -270.291
1302 -270.291
1303 -270.291
1304 -270.291
1305 -270.291
1306 -270.291
1307 -270.291
1308 -270.291
1309 -270.291
1310 -270.291
1311 -270.291
1312 -270.291
1313 -270.291
1314 -270.291
1315 -270.291
1316 -270.291
1317 -270.291
1318 -270.291
1319 -270.291
1320 -270.291
1321 -270.291
1322 -270.291
1323 -270.291
1324 -270.291
1325 -270.291
1326 -270.291
1327 -270.291
1328 -270.291
1329 -270.291
1330 -270.291
1331 -270.291
1332 -270.291
1333 -270.291
1334 -270.291
1335 -270.291
1336 -270.291
1337 -270.291
1338 -270.291
1339 -270.291
1340 -270.291
1341 -270.291
1342 -270.291
1343 -270.291
1344 -270.291
1345 -270.291
1346 -270.291
1347 -270.291
1348 -270.291
1349 -270.291
1350 -270.291
1351 -270.291
1352 -270.291
1353 -270.291
1354 -270.291
1355 -270.291
1356 -270.291
1357 -270.291
1358 -270.291
1359 -270.291
1360 -270.291
1361 -270.291
1362 -270.291
1363 -270.291
1364 -270.291
1365 -270.291
1366 -270.291
1367 -270.291
1368 -270.291
1369 -270.291
1370 -270.291
1371 -270.291
1372 -270.291
1373 -270.291
1374 -270.291
1375 -270.291
1376 -270.291
1377 -270.291
1378 -270.291
1379 -270.291
1380 -270.291
1381 -270.291
1382 -270.291
1383 -270.291
1384 -270.291
1385 -270.291
1386 -270.291
1387 -270.291
1388 -270.291
1389 -270.291
1390 -270.291
1391 -270.291
1392 -270.291
1393 -270.291
1394 -270.291
1395 -270.291
1396 -270.291
1397 -270.291
1398 -270.291
1399 -270.291
1400 -270.291
1401 -270.291
1402 -270.291
1403 -270.291
1404 -270.291
1405 -270.291
1406 -270.291
1407 -270.291
1408 -270.291
1409 -270.291
1410 -270.291
1411 -270.291
1412 -270.291
1413 -270.291
1414 -270.291
1415 -270.291
1416 -270.291
1417 -270.291
1418 -270.291
1419 -270.291
1420 -270.291
1421 -270.291
1422 -270.291
1423 -270.291
1424 -270.291
1425 -270.291
1426 -270.291
1427 -270.291
1428 -270.291
1429 -270.291
1430 -270.291
1431 -270.291
1432 -270.291
1433 -270.291
1434 -270.291
1435 -270.291
1436 -270.291
1437 -270.291
1438 -270.291
1439 -270.291
1440 -270.291
1441 -270.291
1442 -270.291
1443 -270.291
1444 -270.291
1445 -270.291
1446 -270.291
1447 -270.291
1448 -270.291
1449 -270.291
1450 -270.291
1451 -270.291
1452 -270.291
1453 -270.291
1454 -270.291
1455 -270.291
1456 -270.291
1457 -270.291
1458 -270.291
1459 -270.291
1460 -270.291
1461 -270.291
1462 -270.291
1463 -270.291
1464 -270.291
1465 -270.291
1466 -270.291
1467 -270.291
1468 -270.291
1469 -270.291
1470 -270.291
1471 -270.291
1472 -270.291
1473 -270.291
1474 -270.291
1475 -270.291
1476 -270.291
1477 -270.291
1478 -270.291
1479 -270.291
1480 -270.291
1481 -270.291
1482 -270.291
1483 -270.292
1484 -270.292
1485 -270.292
1486 -270.292
1487 -270.292
1488 -270.292
1489 -270.292
1490 -270.292
1491 -270.292
1492 -270.292
1493 -270.292
1494 -270.292
1495 -270.292
1496 -270.292
1497 -270.292
1498 -270.292
1499 -270.292
1500 -270.292
1501 -270.292
1502 -270.292
1503 -270.292
1504 -270.292
1505 -270.292
1506 -270.292
1507 -270.292
1508 -270.292
1509 -270.292
1510 -270.292
1511 -270.292
1512 -270.292
1513 -270.292
1514 -270.292
1515 -270.292
1516 -270.292
1517 -270.292
1518 -270.292
1519 -270.292
1520 -270.292
1521 -270.292
1522 -270.292
1523 -270.292
1524 -270.292
1525 -270.292
1526 -270.292
1527 -270.292
1528 -270.292
1529 -270.292
1530 -270.292
1531 -270.292
1532 -270.292
1533 -270.292
1534 -270.292
1535 -270.292
1536 -270.292
1537 -270.292
1538 -270.292
1539 -270.292
1540 -270.292
1541 -270.292
1542 -270.292
1543 -270.292
1544 -270.292
1545 -270.292
1546 -270.292
1547 -270.292
1548 -270.292
1549 -270.292
1550 -270.292
1551 -270.292
1552 -270.292
1553 -270.292
1554 -270.292
1555 -270.292
1556 -270.292
1557 -270.292
1558 -270.292
1559 -270.292
1560 -270.292
1561 -270.292
1562 -270.292
1563 -270.292
1564 -270.292
1565 -270.292
1566 -270.292
1567 -270.292
1568 -270.292
1569 -270.292
1570 -270.292
1571 -270.292
1572 -270.292
1573 -270.292
1574 -270.292
1575 -270.292
1576 -270.292
1577 -270.292
1578 -270.292
1579 -270.292
1580 -270.292
1581 -270.292
1582 -270.292
1583 -270.292
1584 -270.292
1585 -270.292
1586 -270.292
1587 -270.292
1588 -270.292
1589 -270.292
1590 -270.292
1591 -270.292
1592 -270.292
1593 -270.292
1594 -270.292
1595 -270.292
1596 -270.292
1597 -270.292
1598 -270.292
1599 -270.292
1600 -270.292
1601 -270.292
1602 -270.292
1603 -270.292
1604 -270.292
1605 -270.292
1606 -270.292
1607 -270.292
1608 -270.292
1609 -270.292
1610 -270.292
1611 -270.292
1612 -270.292
1613 -270.292
1614 -270.292
1615 -270.292
1616 -270.292
1617 -270.292
1618 -270.292
1619 -270.292
1620 -270.292
1621 -270.292
1622 -270.292
1623 -270.292
1624 -270.292
1625 -270.292
1626 -270.292
1627 -270.292
1628 -270.292
1629 -270.292
1630 -270.292
1631 -270.292
1632 -270.292
1633 -270.292
1634 -270.292
1635 -270.292
1636 -270.292
1637 -270.292
1638 -270.292
1639 -270.292
1640 -270.292
1641 -270.292
1642 -270.292
1643 -270.292
1644 -270.292
1645 -270.292
1646 -270.292
1647 -270.292
1648 -270.292
1649 -270.292
1650 -270.292
1651 -270.292
1652 -270.292
1653 -270.292
1654 -270.292
1655 -270.292
1656 -270.292
1657 -270.292
1658 -270.292
1659 -270.292
1660 -270.292
1661 -270.292
1662 -270.292
1663 -270.292
1664 -270.292
1665 -270.292
1666 -270.292
1667 -270.292
1668 -270.292
1669 -270.292
1670 -270.292
1671 -270.292
1672 -270.292
1673 -270.292
1674 -270.293
1675 -270.293
1676 -270.293
1677 -270.293
1678 -270.293
1679 -270.292
1680 -270.292
1681 -270.293
1682 -270.293
1683 -270.293
1684 -270.293
1685 -270.292
1686 -270.292
1687 -270.292
1688 -270.292
1689 -270.292
1690 -270.292
1691 -270.292
1692 -270.292
1693 -270.292
1694 -270.292
1695 -270.293
1696 -270.293
1697 -270.293
1698 -270.293
1699 -270.293
1700 -270.293
1701 -270.292
1702 -270.292
1703 -270.292
1704 -270.292
1705 -270.292
1706 -270.292
1707 -270.293
1708 -270.293
1709 -270.293
1710 -270.293
1711 -270.293
1712 -270.293
1713 -270.293
1714 -270.293
1715 -270.293
1716 -270.293
1717 -270.293
1718 -270.293
1719 -270.293
1720 -270.293
1721 -270.293
1722 -270.293
1723 -270.293
1724 -270.293
1725 -270.293
1726 -270.293
1727 -270.293
1728 -270.293
1729 -270.293
1730 -270.293
1731 -270.293
1732 -270.293
1733 -270.293
1734 -270.293
1735 -270.293
1736 -270.293
1737 -270.293
1738 -270.292
1739 -270.292
1740 -270.292
1741 -270.292
1742 -270.292
1743 -270.292
1744 -270.292
1745 -270.292
1746 -270.292
1747 -270.292
1748 -270.292
1749 -270.292
1750 -270.292
1751 -270.292
1752 -270.292
1753 -270.292
1754 -270.292
1755 -270.292
1756 -270.292
1757 -270.292
1758 -270.292
1759 -270.292
1760 -270.292
1761 -270.292
1762 -270.292
1763 -270.292
1764 -270.292
1765 -270.292
1766 -270.292
1767 -270.292
1768 -270.292
1769 -270.292
1770 -270.292
1771 -270.292
1772 -270.292
1773 -270.292
1774 -270.292
1775 -270.292
1776 -270.292
1777 -270.292
1778 -270.292
1779 -270.293
1780 -270.293
1781 -270.293
1782 -270.293
1783 -270.293
1784 -270.293
1785 -270.293
1786 -270.293
1787 -270.293
1788 -270.293
1789 -270.293
1790 -270.293
1791 -270.293
1792 -270.293
1793 -270.293
1794 -270.293
1795 -270.293
1796 -270.293
1797 -270.293
1798 -270.293
1799 -270.293
1800 -270.293
1801 -270.293
1802 -270.293
1803 -270.293
1804 -270.293
1805 -270.293
1806 -270.293
1807 -270.293
1808 -270.293
1809 -270.293
1810 -270.293
1811 -270.293
1812 -270.293
1813 -270.293
1814 -270.293
1815 -270.293
1816 -270.293
1817 -270.293
1818 -270.293
1819 -270.293
1820 -270.293
1821 -270.293
1822 -270.293
1823 -270.293
1824 -270.292
1825 -270.293
1826 -270.293
1827 -270.293
1828 -270.293
1829 -270.293
1830 -270.293
1831 -270.293
1832 -270.293
1833 -270.293
1834 -270.293
1835 -270.293
1836 -270.293
1837 -270.293
1838 -270.293
1839 -270.293
1840 -270.293
1841 -270.293
1842 -270.293
1843 -270.293
1844 -270.293
1845 -270.293
1846 -270.293
1847 -270.293
1848 -270.293
1849 -270.293
1850 -270.293
1851 -270.293
1852 -270.293
1853 -270.293
1854 -270.293
1855 -270.293
1856 -270.293
1857 -270.293
1858 -270.293
1859 -270.293
1860 -270.293
1861 -270.293
1862 -270.293
1863 -270.293
1864 -270.293
1865 -270.293
1866 -270.293
1867 -270.293
1868 -270.293
1869 -270.293
1870 -270.293
1871 -270.293
1872 -270.293
1873 -270.293
1874 -270.293
1875 -270.293
1876 -270.293
1877 -270.293
1878 -270.293
1879 -270.293
1880 -270.293
1881 -270.293
1882 -270.293
1883 -270.293
1884 -270.293
1885 -270.293
1886 -270.293
1887 -270.293
1888 -270.293
1889 -270.293
1890 -270.293
1891 -270.293
1892 -270.293
1893 -270.293
1894 -270.293
1895 -270.293
1896 -270.293
1897 -270.293
1898 -270.293
1899 -270.293
1900 -270.293
1901 -270.293
1902 -270.293
1903 -270.293
1904 -270.293
1905 -270.293
1906 -270.293
1907 -270.293
1908 -270.293
1909 -270.293
1910 -270.293
1911 -270.293
1912 -270.293
1913 -270.293
1914 -270.293
1915 -270.293
1916 -270.293
1917 -270.293
1918 -270.293
1919 -270.293
1920 -270.293
1921 -270.293
1922 -270.293
1923 -270.293
1924 -270.293
1925 -270.293
1926 -270.293
1927 -270.293
1928 -270.293
1929 -270.293
1930 -270.293
1931 -270.293
1932 -270.293
1933 -270.293
1934 -270.293
1935 -270.293
1936 -270.293
1937 -270.293
1938 -270.293
1939 -270.293
1940 -270.293
1941 -270.293
1942 -270.293
1943 -270.293
1944 -270.293
1945 -270.293
1946 -270.293
1947 -270.293
1948 -270.293
1949 -270.293
1950 -270.293
1951 -270.293
1952 -270.293
1953 -270.293
1954 -270.293
1955 -270.293
1956 -270.293
1957 -270.293
1958 -270.293
1959 -270.293
1960 -270.293
1961 -270.293
1962 -270.293
1963 -270.293
1964 -270.293
1965 -270.293
1966 -270.293
1967 -270.293
1968 -270.293
1969 -270.293
1970 -270.293
1971 -270.293
1972 -270.293
1973 -270.293
1974 -270.293
1975 -270.293
1976 -270.293
1977 -270.293
1978 -270.293
1979 -270.293
1980 -270.293
1981 -270.293
1982 -270.293
1983 -270.293
1984 -270.293
1985 -270.293
1986 -270.293
1987 -270.293
1988 -270.293
1989 -270.293
1990 -270.293
1991 -270.293
1992 -270.293
1993 -270.293
1994 -270.293
1995 -270.293
1996 -270.293
1997 -270.293
1998 -270.293
1999 -270.293
2000 -270.293
2001 -270.293
2002 -270.293
2003 -270.293
2004 -270.293
2005 -270.293
2006 -270.293
2007 -270.293
2008 -270.293
2009 -270.293
2010 -270.293
2011 -270.293
2012 -270.293
2013 -270.293
2014 -270.293
2015 -270.293
2016 -270.293
2017 -270.293
2018 -270.293
2019 -270.293
2020 -270.293
2021 -270.293
2022 -270.293
2023 -270.293
2024 -270.293
2025 -270.293
2026 -270.293
2027 -270.293
2028 -270.293
2029 -270.293
2030 -270.293
2031 -270.293
2032 -270.293
2033 -270.293
2034 -270.293
2035 -270.293
2036 -270.293
2037 -270.293
2038 -270.293
2039 -270.293
2040 -270.293
2041 -270.293
2042 -270.293
2043 -270.293
2044 -270.293
2045 -270.293
2046 -270.293
2047 -270.293
2048 -270.293
2049 -270.293
2050 -270.293
2051 -270.293
2052 -270.293
2053 -270.293
2054 -270.293
2055 -270.293
2056 -270.293
2057 -270.293
2058 -270.293
2059 -270.293
2060 -270.293
2061 -270.293
2062 -270.293
2063 -270.293
2064 -270.293
2065 -270.293
2066 -270.293
2067 -270.293
2068 -270.293
2069 -270.293
2070 -270.293
2071 -270.293
2072 -270.293
2073 -270.293
2074 -270.293
2075 -270.293
2076 -270.293
2077 -270.293
2078 -270.293
2079 -270.293
2080 -270.293
2081 -270.293
2082 -270.293
2083 -270.293
2084 -270.293
2085 -270.293
2086 -270.293
2087 -270.293
2088 -270.293
2089 -270.293
2090 -270.293
2091 -270.293
2092 -270.293
2093 -270.293
2094 -270.293
2095 -270.293
2096 -270.293
2097 -270.293
2098 -270.293
2099 -270.293
2100 -270.293
2101 -270.293
2102 -270.293
2103 -270.293
2104 -270.293
2105 -270.293
2106 -270.293
2107 -270.293
2108 -270.293
2109 -270.293
2110 -270.293
2111 -270.293
2112 -270.293
2113 -270.293
2114 -270.293
2115 -270.293
2116 -270.293
2117 -270.293
2118 -270.293
2119 -270.293
2120 -270.293
2121 -270.293
2122 -270.293
2123 -270.293
2124 -270.293
2125 -270.293
2126 -270.293
2127 -270.293
2128 -270.293
2129 -270.293
2130 -270.293
2131 -270.293
2132 -270.293
2133 -270.293
2134 -270.293
2135 -270.293
2136 -270.293
2137 -270.293
2138 -270.293
2139 -270.293
2140 -270.293
2141 -270.293
2142 -270.293
2143 -270.293
2144 -270.293
2145 -270.293
2146 -270.293
2147 -270.293
2148 -270.293
2149 -270.293
2150 -270.293
2151 -270.293
2152 -270.293
2153 -270.293
2154 -270.293
2155 -270.293
2156 -270.293
2157 -270.293
2158 -270.293
2159 -270.293
2160 -270.293
2161 -270.293
2162 -270.293
2163 -270.293
2164 -270.293
2165 -270.293
2166 -270.293
2167 -270.293
2168 -270.293
2169 -270.293
2170 -270.293
2171 -270.293
2172 -270.293
2173 -270.293
2174 -270.293
2175 -270.293
2176 -270.293
2177 -270.293
2178 -270.293
2179 -270.293
2180 -270.293
2181 -270.293
2182 -270.293
2183 -270.293
2184 -270.293
2185 -270.293
2186 -270.293
2187 -270.293
2188 -270.293
2189 -270.293
2190 -270.293
2191 -270.293
2192 -270.293
2193 -270.293
2194 -270.293
2195 -270.293
2196 -270.293
2197 -270.293
2198 -270.293
2199 -270.293
2200 -270.293
2201 -270.293
2202 -270.293
2203 -270.293
2204 -270.293
2205 -270.293
2206 -270.293
2207 -270.293
2208 -270.293
2209 -270.293
2210 -270.293
2211 -270.293
2212 -270.293
2213 -270.293
2214 -270.293
2215 -270.293
2216 -270.293
2217 -270.293
2218 -270.293
2219 -270.293
2220 -270.293
2221 -270.293
2222 -270.293
2223 -270.293
2224 -270.293
2225 -270.293
2226 -270.293
2227 -270.293
2228 -270.293
2229 -270.293
2230 -270.293
2231 -270.293
2232 -270.293
2233 -270.293
2234 -270.293
2235 -270.293
2236 -270.293
2237 -270.293
2238 -270.293
2239 -270.293
2240 -270.293
2241 -270.293
2242 -270.293
2243 -270.293
2244 -270.293
2245 -270.293
2246 -270.293
2247 -270.293
2248 -270.293
2249 -270.293
2250 -270.293
2251 -270.293
2252 -270.293
2253 -270.293
2254 -270.293
2255 -270.293
2256 -270.293
2257 -270.293
2258 -270.293
2259 -270.293
2260 -270.293
2261 -270.293
2262 -270.293
2263 -270.293
2264 -270.293
2265 -270.293
2266 -270.293
2267 -270.293
2268 -270.293
2269 -270.293
2270 -270.293
2271 -270.293
2272 -270.293
2273 -270.293
2274 -270.293
2275 -270.293
2276 -270.293
2277 -270.293
2278 -270.293
2279 -270.293
2280 -270.293
2281 -270.293
2282 -270.293
2283 -270.293
2284 -270.293
2285 -270.293
2286 -270.293
2287 -270.293
2288 -270.293
2289 -270.293
2290 -270.293
2291 -270.293
2292 -270.293
2293 -270.293
2294 -270.293
2295 -270.293
2296 -270.293
2297 -270.293
2298 -270.293
2299 -270.293
2300 -270.293
2301 -270.293
2302 -270.293
2303 -270.293
2304 -270.293
2305 -270.293
2306 -270.293
2307 -270.293
2308 -270.293
2309 -270.293
2310 -270.293
2311 -270.293
2312 -270.293
2313 -270.293
2314 -270.293
2315 -270.293
2316 -270.293
2317 -270.293
2318 -270.293
2319 -270.293
2320 -270.293
2321 -270.293
2322 -270.293
2323 -270.293
2324 -270.293
2325 -270.293
2326 -270.293
2327 -270.293
2328 -270.293
2329 -270.293
2330 -270.293
2331 -270.293
2332 -270.294
2333 -270.294
2334 -270.294
2335 -270.294
2336 -270.294
2337 -270.294
2338 -270.294
2339 -270.294
2340 -270.294
2341 -270.294
2342 -270.294
2343 -270.294
2344 -270.294
2345 -270.294
2346 -270.294
2347 -270.294
2348 -270.294
2349 -270.294
2350 -270.294
2351 -270.294
2352 -270.294
2353 -270.294
2354 -270.294
2355 -270.294
2356 -270.294
2357 -270.294
2358 -270.294
2359 -270.294
2360 -270.294
2361 -270.294
2362 -270.293
2363 -270.293
2364 -270.293
2365 -270.293
2366 -270.293
2367 -270.293
2368 -270.293
2369 -270.293
2370 -270.293
2371 -270.293
2372 -270.293
2373 -270.293
2374 -270.293
2375 -270.293
2376 -270.293
2377 -270.293
2378 -270.293
2379 -270.293
2380 -270.293
2381 -270.293
2382 -270.293
2383 -270.293
2384 -270.293
2385 -270.293
2386 -270.293
2387 -270.293
2388 -270.293
2389 -270.293
2390 -270.293
2391 -270.293
2392 -270.293
2393 -270.293
2394 -270.293
2395 -270.293
2396 -270.293
2397 -270.293
2398 -270.293
2399 -270.293
2400 -270.293
2401 -270.293
2402 -270.293
2403 -270.293
2404 -270.293
2405 -270.293
2406 -270.293
2407 -270.293
2408 -270.293
2409 -270.293
2410 -270.293
2411 -270.293
2412 -270.293
2413 -270.293
2414 -270.293
2415 -270.294
2416 -270.294
2417 -270.293
2418 -270.294
2419 -270.294
2420 -270.294
2421 -270.294
2422 -270.294
2423 -270.294
2424 -270.294
2425 -270.294
2426 -270.294
2427 -270.294
2428 -270.294
2429 -270.294
2430 -270.294
2431 -270.294
2432 -270.294
2433 -270.294
2434 -270.294
2435 -270.294
2436 -270.294
2437 -270.294
2438 -270.294
2439 -270.294
2440 -270.294
2441 -270.294
2442 -270.294
2443 -270.294
2444 -270.294
2445 -270.294
2446 -270.294
2447 -270.294
2448 -270.294
2449 -270.294
2450 -270.294
2451 -270.294
2452 -270.294
2453 -270.294
2454 -270.294
2455 -270.294
2456 -270.294
2457 -270.294
2458 -270.294
2459 -270.294
2460 -270.294
2461 -270.294
2462 -270.294
2463 -270.294
2464 -270.294
2465 -270.294
2466 -270.294
2467 -270.294
2468 -270.294
2469 -270.294
2470 -270.294
2471 -270.294
2472 -270.294
2473 -270.294
2474 -270.294
2475 -270.294
2476 -270.294
2477 -270.294
2478 -270.294
2479 -270.294
2480 -270.294
2481 -270.294
2482 -270.294
2483 -270.294
2484 -270.294
2485 -270.294
2486 -270.294
2487 -270.294
2488 -270.294
2489 -270.294
2490 -270.294
2491 -270.294
2492 -270.294
2493 -270.294
2494 -270.293
2495 -270.293
2496 -270.293
2497 -270.293
2498 -270.293
2499 -270.293
2500 -270.293
2501 -270.293
2502 -270.293
2503 -270.293
2504 -270.293
2505 -270.293
2506 -270.293
2507 -270.293
2508 -270.294
2509 -270.294
2510 -270.294
2511 -270.294
2512 -270.294
2513 -270.294
2514 -270.293
2515 -270.293
2516 -270.293
2517 -270.293
2518 -270.293
2519 -270.293
2520 -270.293
2521 -270.293
2522 -270.293
2523 -270.293
2524 -270.293
2525 -270.293
2526 -270.293
2527 -270.293
2528 -270.293
2529 -270.293
2530 -270.293
2531 -270.293
2532 -270.293
2533 -270.293
2534 -270.293
2535 -270.293
2536 -270.294
2537 -270.294
2538 -270.294
2539 -270.294
2540 -270.294
2541 -270.294
2542 -270.294
2543 -270.294
2544 -270.294
2545 -270.294
2546 -270.294
2547 -270.294
2548 -270.294
2549 -270.294
2550 -270.294
2551 -270.294
2552 -270.294
2553 -270.294
2554 -270.294
2555 -270.294
2556 -270.294
2557 -270.294
2558 -270.294
2559 -270.294
2560 -270.294
2561 -270.294
2562 -270.294
2563 -270.294
2564 -270.294
2565 -270.294
2566 -270.294
2567 -270.294
2568 -270.294
2569 -270.294
2570 -270.294
2571 -270.294
2572 -270.294
2573 -270.294
2574 -270.294
2575 -270.294
2576 -270.294
2577 -270.294
2578 -270.294
2579 -270.294
2580 -270.294
2581 -270.294
2582 -270.294
2583 -270.294
2584 -270.294
2585 -270.294
2586 -270.294
2587 -270.294
2588 -270.294
2589 -270.294
2590 -270.294
2591 -270.294
2592 -270.294
2593 -270.294
2594 -270.294
2595 -270.294
2596 -270.294
2597 -270.294
2598 -270.294
2599 -270.294
2600 -270.294
2601 -270.294
2602 -270.294
2603 -270.294
2604 -270.294
2605 -270.294
2606 -270.294
2607 -270.294
2608 -270.294
2609 -270.294
2610 -270.294
2611 -270.294
2612 -270.294
2613 -270.294
2614 -270.294
2615 -270.294
2616 -270.294
2617 -270.294
2618 -270.294
2619 -270.294
2620 -270.294
2621 -270.294
2622 -270.294
2623 -270.294
2624 -270.294
2625 -270.294
2626 -270.294
2627 -270.294
2628 -270.294
2629 -270.294
2630 -270.294
2631 -270.294
2632 -270.294
2633 -270.294
2634 -270.294
2635 -270.294
2636 -270.294
2637 -270.294
2638 -270.294
2639 -270.294
2640 -270.294
2641 -270.294
2642 -270.294
2643 -270.294
2644 -270.294
2645 -270.294
2646 -270.294
2647 -270.294
2648 -270.294
2649 -270.294
2650 -270.294
2651 -270.294
2652 -270.294
2653 -270.294
2654 -270.294
2655 -270.294
2656 -270.294
2657 -270.294
2658 -270.294
2659 -270.294
2660 -270.294
2661 -270.294
2662 -270.294
2663 -270.294
2664 -270.294
2665 -270.294
2666 -270.294
2667 -270.294
2668 -270.294
2669 -270.294
2670 -270.294
2671 -270.294
2672 -270.294
2673 -270.294
2674 -270.294
2675 -270.294
2676 -270.294
2677 -270.294
2678 -270.294
2679 -270.294
2680 -270.294
2681 -270.294
2682 -270.294
2683 -270.294
2684 -270.294
2685 -270.294
2686 -270.294
2687 -270.294
2688 -270.294
2689 -270.294
2690 -270.294
2691 -270.294
2692 -270.294
2693 -270.294
2694 -270.294
2695 -270.294
2696 -270.294
2697 -270.294
2698 -270.294
2699 -270.294
2700 -270.294
2701 -270.294
2702 -270.294
2703 -270.294
2704 -270.294
2705 -270.294
2706 -270.294
2707 -270.294
2708 -270.294
2709 -270.294
2710 -270.294
2711 -270.294
2712 -270.294
2713 -270.294
2714 -270.294
2715 -270.294
2716 -270.294
2717 -270.294
2718 -270.294
2719 -270.294
2720 -270.294
2721 -270.294
2722 -270.294
2723 -270.294
2724 -270.294
2725 -270.294
2726 -270.294
2727 -270.294
2728 -270.294
2729 -270.294
2730 -270.294
2731 -270.294
2732 -270.294
2733 -270.294
2734 -270.294
2735 -270.294
2736 -270.294
2737 -270.294
2738 -270.294
2739 -270.294
2740 -270.294
2741 -270.294
2742 -270.294
2743 -270.294
2744 -270.294
2745 -270.294
2746 -270.294
2747 -270.294
2748 -270.294
2749 -270.294
2750 -270.294
2751 -270.294
2752 -270.294
2753 -270.294
2754 -270.294
2755 -270.294
2756 -270.294
2757 -270.294
2758 -270.294
2759 -270.294
2760 -270.294
2761 -270.294
2762 -270.294
2763 -270.294
2764 -270.294
2765 -270.294
2766 -270.294
2767 -270.294
2768 -270.294
2769 -270.294
2770 -270.294
2771 -270.294
2772 -270.294
2773 -270.294
2774 -270.294
2775 -270.294
2776 -270.294
2777 -270.294
2778 -270.294
2779 -270.294
2780 -270.294
2781 -270.294
2782 -270.294
2783 -270.294
2784 -270.294
2785 -270.294
2786 -270.294
2787 -270.294
2788 -270.294
2789 -270.294
2790 -270.294
2791 -270.294
2792 -270.294
2793 -270.294
2794 -270.294
2795 -270.294
2796 -270.294
2797 -270.294
2798 -270.294
2799 -270.294
2800 -270.294
2801 -270.294
2802 -270.294
2803 -270.294
2804 -270.294
2805 -270.294
2806 -270.294
2807 -270.294
2808 -270.294
2809 -270.294
2810 -270.294
2811 -270.294
2812 -270.294
2813 -270.294
2814 -270.294
2815 -270.294
2816 -270.294
2817 -270.294
2818 -270.294
2819 -270.294
2820 -270.294
2821 -270.294
2822 -270.294
2823 -270.294
2824 -270.294
2825 -270.294
2826 -270.294
2827 -270.294
2828 -270.294
2829 -270.294
2830 -270.294
2831 -270.294
2832 -270.294
2833 -270.294
2834 -270.294
2835 -270.294
2836 -270.294
2837 -270.294
2838 -270.294
2839 -270.294
2840 -270.294
2841 -270.294
2842 -270.294
2843 -270.294
2844 -270.294
2845 -270.294
2846 -270.294
2847 -270.294
2848 -270.294
2849 -270.294
2850 -270.294
2851 -270.294
2852 -270.294
2853 -270.294
2854 -270.294
2855 -270.294
2856 -270.294
2857 -270.294
2858 -270.294
2859 -270.294
2860 -270.294
2861 -270.294
2862 -270.294
2863 -270.294
2864 -270.294
2865 -270.294
2866 -270.294
2867 -270.294
2868 -270.294
2869 -270.294
2870 -270.294
2871 -270.294
2872 -270.294
2873 -270.294
2874 -270.294
2875 -270.294
2876 -270.294
2877 -270.294
2878 -270.294
2879 -270.294
2880 -270.294
2881 -270.294
2882 -270.294
2883 -270.294
2884 -270.294
2885 -270.294
2886 -270.294
2887 -270.294
2888 -270.294
2889 -270.294
2890 -270.294
2891 -270.294
2892 -270.294
2893 -270.294
2894 -270.294
2895 -270.294
2896 -270.294
2897 -270.294
2898 -270.294
2899 -270.294
2900 -270.294
2901 -270.294
2902 -270.294
2903 -270.294
2904 -270.294
2905 -270.294
2906 -270.294
2907 -270.294
2908 -270.294
2909 -270.294
2910 -270.294
2911 -270.294
2912 -270.294
2913 -270.294
2914 -270.294
2915 -270.294
2916 -270.294
2917 -270.294
2918 -270.294
2919 -270.294
2920 -270.294
2921 -270.294
2922 -270.294
2923 -270.294
2924 -270.294
2925 -270.294
2926 -270.294
2927 -270.294
2928 -270.294
2929 -270.294
2930 -270.294
2931 -270.294
2932 -270.294
2933 -270.294
2934 -270.294
2935 -270.294
2936 -270.294
2937 -270.294
2938 -270.294
2939 -270.294
2940 -270.294
2941 -270.294
2942 -270.294
2943 -270.294
2944 -270.294
2945 -270.294
2946 -270.294
2947 -270.294
2948 -270.294
2949 -270.294
2950 -270.294
2951 -270.294
2952 -270.294
2953 -270.294
2954 -270.294
2955 -270.294
2956 -270.294
2957 -270.294
2958 -270.294
2959 -270.294
2960 -270.294
2961 -270.294
2962 -270.294
2963 -270.294
2964 -270.294
2965 -270.294
2966 -270.294
2967 -270.294
2968 -270.294
2969 -270.294
2970 -270.294
2971 -270.294
2972 -270.294
2973 -270.294
2974 -270.294
2975 -270.294
2976 -270.294
2977 -270.294
2978 -270.294
2979 -270.294
2980 -270.294
2981 -270.294
2982 -270.294
2983 -270.294
2984 -270.294
2985 -270.294
2986 -270.294
2987 -270.294
2988 -270.294
2989 -270.294
2990 -270.294
2991 -270.294
2992 -270.294
2993 -270.294
2994 -270.294
2995 -270.294
2996 -270.294
2997 -270.294
2998 -270.294
2999 -270.294
3000 -270.294
