1 -269.455
2 -269.54
3 -269.587
4 -269.614
5 -269.636
6 -269.667
7 -269.72
8 -269.761
9 -269.783
10 -269.798
11 -269.831
12 -269.843
13 -269.862
14 -269.881
15 -269.888
16 -269.905
17 -269.929
18 -269.948
19 -269.97
20 -269.983
21 -270.002
22 -270.007
23 -270.014
24 -270.029
25 -270.035
26 -270.042
27 -270.049
28 -270.052
29 -270.057
30 -270.061
31 -270.073
32 -270.086
33 -270.092
34 -270.096
35 -270.098
36 -270.099
37 -270.104
38 -270.11
39 -270.112
40 -270.117
41 -270.121
42 -270.124
43 -270.131
44 -270.132
45 -270.136
46 -270.139
47 -270.14
48 -270.145
49 -270.153
50 -270.153
51 -270.153
52 -270.155
53 -270.161
54 -270.161
55 -270.168
56 -270.167
57 -270.167
58 -270.148
59 -270.156
60 -270.16
61 -270.164
62 -270.166
63 -270.169
64 -270.172
65 -270.174
66 -270.178
67 -270.184
68 -270.187
69 -270.186
70 -270.186
71 -270.188
72 -270.19
73 -270.191
74 -270.194
75 -270.197
76 -270.202
77 -270.201
78 -270.2
79 -270.202
80 -270.202
81 -270.201
82 -270.201
83 -270.202
84 -270.203
85 -270.202
86 -270.204
87 -270.207
88 -270.207
89 -270.208
90 -270.209
91 -270.21
92 -270.21
93 -270.21
94 -270.21
95 -270.212
96 -270.213
97 -270.213
98 -270.213
99 -270.214
100 -270.214
101 -270.214
102 -270.215
103 -270.214
104 -270.217
105 -270.218
106 -270.218
107 -270.218
108 -270.222
109 -270.223
110 -270.225
111 -270.225
112 -270.225
113 -270.226
114 -270.227
115 -270.226
116 -270.227
117 -270.227
118 -270.227
119 -270.227
120 -270.228
121 -270.231
122 -270.232
123 -270.232
124 -270.232
125 -270.232
126 -270.232
127 -270.233
128 -270.234
129 -270.234
130 -270.234
131 -270.235
132 -270.236
133 -270.236
134 -270.237
135 -270.237
136 -270.235
137 -270.234
138 -270.234
139 -270.235
140 -270.234
141 -270.234
142 -270.233
143 -270.233
144 -270.234
145 -270.235
146 -270.237
147 -270.236
148 -270.236
149 -270.236
150 -270.237
151 -270.239
152 -270.239
153 -270.239
154 -270.24
155 -270.239
156 -270.243
157 -270.244
158 -270.244
159 -270.245
160 -270.244
161 -270.245
162 -270.243
163 -270.244
164 -270.244
165 -270.243
166 -270.244
167 -270.244
168 -270.245
169 -270.245
170 -270.246
171 -270.246
172 -270.246
173 -270.246
174 -270.246
175 -270.245
176 -270.246
177 -270.246
178 -270.244
179 -270.246
180 -270.247
181 -270.247
182 -270.246
183 -270.245
184 -270.245
185 -270.246
186 -270.246
187 -270.245
188 -270.245
189 -270.245
190 -270.245
191 -270.245
192 -270.246
193 -270.246
194 -270.245
195 -270.243
196 -270.244
197 -270.243
198 -270.245
199 -270.245
200 -270.246
201 -270.246
202 -270.244
203 -270.245
204 -270.244
205 -270.244
206 -270.243
207 -270.244
208 -270.246
209 -270.247
210 -270.246
211 -270.247
212 -270.248
213 -270.249
214 -270.246
215 -270.247
216 -270.245
217 -270.245
218 -270.245
219 -270.246
220 -270.246
221 -270.246
222 -270.246
223 -270.246
224 -270.245
225 -270.245
226 -270.243
227 -270.243
228 -270.244
229 -270.245
230 -270.243
231 -270.243
232 -270.243
233 -270.243
234 -270.244
235 -270.244
236 -270.244
237 -270.245
238 -270.244
239 -270.245
240 -270.245
241 -270.246
242 -270.247
243 -270.248
244 -270.248
245 -270.249
246 -270.25
247 -270.249
248 -270.249
249 -270.249
250 -270.249
251 -270.249
252 -270.248
253 -270.248
254 -270.25
255 -270.249
256 -270.25
257 -270.25
258 -270.25
259 -270.251
260 -270.252
261 -270.253
262 -270.254
263 -270.254
264 -270.253
265 -270.253
266 -270.254
267 -270.254
268 -270.253
269 -270.252
270 -270.252
271 -270.252
272 -270.253
273 -270.253
274 -270.253
275 -270.253
276 -270.253
277 -270.253
278 -270.253
279 -270.253
280 -270.253
281 -270.253
282 -270.253
283 -270.254
284 -270.254
285 -270.254
286 -270.255
287 -270.254
288 -270.256
289 -270.256
290 -270.255
291 -270.255
292 -270.255
293 -270.255
294 -270.254
295 -270.253
296 -270.253
297 -270.254
298 -270.254
299 -270.253
300 -270.253
301 -270.254
302 -270.253
303 -270.252
304 -270.253
305 -270.253
306 -270.253
307 -270.253
308 -270.253
309 -270.253
310 -270.251
311 -270.251
312 -270.252
313 -270.253
314 -270.255
315 -270.254
316 -270.255
317 -270.254
318 -270.256
319 -270.255
320 -270.255
321 -270.256
322 -270.255
323 -270.256
324 -270.256
325 -270.256
326 -270.256
327 -270.257
328 -270.258
329 -270.258
330 -270.257
331 -270.257
332 -270.258
333 -270.258
334 -270.259
335 -270.258
336 -270.259
337 -270.26
338 -270.26
339 -270.26
340 -270.26
341 -270.26
342 -270.261
343 -270.261
344 -270.261
345 -270.262
346 -270.261
347 -270.261
348 -270.263
349 -270.264
350 -270.264
351 -270.264
352 -270.263
353 -270.264
354 -270.265
355 -270.265
356 -270.262
357 -270.262
358 -270.262
359 -270.261
360 -270.262
361 -270.262
362 -270.262
363 -270.261
364 -270.26
365 -270.261
366 -270.261
367 -270.263
368 -270.263
369 -270.263
370 -270.263
371 -270.263
372 -270.262
373 -270.262
374 -270.263
375 -270.261
376 -270.261
377 -270.261
378 -270.261
379 -270.26
380 -270.26
381 -270.259
382 -270.26
383 -270.261
384 -270.258
385 -270.257
386 -270.256
387 -270.256
388 -270.256
389 -270.255
390 -270.255
391 -270.255
392 -270.255
393 -270.254
394 -270.253
395 -270.253
396 -270.254
397 -270.254
398 -270.254
399 -270.254
400 -270.254
401 -270.253
402 -270.254
403 -270.254
404 -270.254
405 -270.254
406 -270.254
407 -270.255
408 -270.254
409 -270.253
410 -270.255
411 -270.252
412 -270.252
413 -270.252
414 -270.251
415 -270.251
416 -270.25
417 -270.25
418 -270.252
419 -270.252
420 -270.251
421 -270.251
422 -270.251
423 -270.252
424 -270.253
425 -270.254
426 -270.253
427 -270.253
428 -270.253
429 -270.254
430 -270.255
431 -270.256
432 -270.256
433 -270.256
434 -270.258
435 -270.257
436 -270.257
437 -270.258
438 -270.258
439 -270.257
440 -270.257
441 -270.257
442 -270.257
443 -270.257
444 -270.257
445 -270.258
446 -270.258
447 -270.26
448 -270.26
449 -270.26
450 -270.259
451 -270.259
452 -270.259
453 -270.26
454 -270.26
455 -270.26
456 -270.26
457 -270.259
458 -270.26
459 -270.259
460 -270.256
461 -270.256
462 -270.255
463 -270.257
464 -270.256
465 -270.259
466 -270.259
467 -270.257
468 -270.255
469 -270.255
470 -270.256
471 -270.255
472 -270.254
473 -270.254
474 -270.254
475 -270.254
476 -270.254
477 -270.255
478 -270.254
479 -270.254
480 -270.253
481 -270.254
482 -270.254
483 -270.255
484 -270.255
485 -270.255
486 -270.254
487 -270.254
488 -270.256
489 -270.255
490 -270.255
491 -270.253
492 -270.254
493 -270.254
494 -270.254
495 -270.254
496 -270.253
497 -270.252
498 -270.252
499 -270.253
500 -270.253
501 -270.254
502 -270.255
503 -270.256
504 -270.256
505 -270.257
506 -270.257
507 -270.257
508 -270.257
509 -270.259
510 -270.26
511 -270.26
512 -270.26
513 -270.261
514 -270.261
515 -270.261
516 -270.262
517 -270.262
518 -270.262
519 -270.262
520 -270.262
521 -270.263
522 -270.263
523 -270.262
524 -270.261
525 -270.261
526 -270.261
527 -270.261
528 -270.262
529 -270.26
530 -270.26
531 -270.26
532 -270.26
533 -270.26
534 -270.26
535 -270.258
536 -270.258
537 -270.258
538 -270.259
539 -270.261
540 -270.262
541 -270.264
542 -270.264
543 -270.265
544 -270.265
545 -270.265
546 -270.263
547 -270.264
548 -270.265
549 -270.266
550 -270.266
551 -270.266
552 -270.266
553 -270.265
554 -270.266
555 -270.266
556 -270.267
557 -270.267
558 -270.267
559 -270.268
560 -270.267
561 -270.267
562 -270.267
563 -270.267
564 -270.268
565 -270.265
566 -270.266
567 -270.265
568 -270.266
569 -270.264
570 -270.265
571 -270.265
572 -270.265
573 -270.267
574 -270.267
575 -270.267
576 -270.267
577 -270.267
578 -270.267
579 -270.268
580 -270.268
581 -270.268
582 -270.268
583 -270.268
584 -270.267
585 -270.268
586 -270.268
587 -270.268
588 -270.268
589 -270.268
590 -270.267
591 -270.267
592 -270.267
593 -270.267
594 -270.267
595 -270.267
596 -270.267
597 -270.266
598 -270.265
599 -270.266
600 -270.267
601 -270.267
602 -270.267
603 -270.266
604 -270.263
605 -270.263
606 -270.263
607 -270.261
608 -270.261
609 -270.261
610 -270.26
611 -270.261
612 -270.26
613 -270.26
614 -270.261
615 -270.262
616 -270.262
617 -270.261
618 -270.262
619 -270.262
620 -270.262
621 -270.262
622 -270.26
623 -270.261
624 -270.26
625 -270.261
626 -270.261
627 -270.262
628 -270.262
629 -270.262
630 -270.262
631 -270.262
632 -270.263
633 -270.262
634 -270.262
635 -270.262
636 -270.261
637 -270.26
638 -270.261
639 -270.261
640 -270.261
641 -270.261
642 -270.26
643 -270.261
644 -270.259
645 -270.26
646 -270.261
647 -270.261
648 -270.263
649 -270.265
650 -270.264
651 -270.264
652 -270.264
653 -270.263
654 -270.264
655 -270.262
656 -270.262
657 -270.261
658 -270.261
659 -270.261
660 -270.261
661 -270.261
662 -270.261
663 -270.259
664 -270.259
665 -270.258
666 -270.258
667 -270.259
668 -270.258
669 -270.256
670 -270.258
671 -270.258
672 -270.259
673 -270.259
674 -270.26
675 -270.259
676 -270.259
677 -270.259
678 -270.259
679 -270.258
680 -270.257
681 -270.256
682 -270.256
683 -270.255
684 -270.255
685 -270.256
686 -270.256
687 -270.255
688 -270.255
689 -270.256
690 -270.256
691 -270.256
692 -270.256
693 -270.259
694 -270.259
695 -270.26
696 -270.259
697 -270.26
698 -270.26
699 -270.261
700 -270.261
701 -270.262
702 -270.262
703 -270.262
704 -270.262
705 -270.261
706 -270.261
707 -270.263
708 -270.263
709 -270.264
710 -270.264
711 -270.262
712 -270.263
713 -270.263
714 -270.263
715 -270.262
716 -270.262
717 -270.262
718 -270.261
719 -270.261
720 -270.261
721 -270.262
722 -270.261
723 -270.261
724 -270.261
725 -270.26
726 -270.261
727 -270.262
728 -270.262
729 -270.263
730 -270.262
731 -270.261
732 -270.263
733 -270.262
734 -270.261
735 -270.262
736 -270.261
737 -270.261
738 -270.262
739 -270.262
740 -270.262
741 -270.263
742 -270.263
743 -270.264
744 -270.264
745 -270.264
746 -270.263
747 -270.263
748 -270.264
749 -270.264
750 -270.264
751 -270.264
752 -270.262
753 -270.262
754 -270.263
755 -270.263
756 -270.265
757 -270.263
758 -270.263
759 -270.264
760 -270.264
761 -270.264
762 -270.263
763 -270.262
764 -270.261
765 -270.261
766 -270.261
767 -270.261
768 -270.26
769 -270.26
770 -270.262
771 -270.261
772 -270.261
773 -270.26
774 -270.261
775 -270.261
776 -270.261
777 -270.262
778 -270.262
779 -270.262
780 -270.262
781 -270.262
782 -270.262
783 -270.262
784 -270.261
785 -270.26
786 -270.259
787 -270.261
788 -270.26
789 -270.261
790 -270.261
791 -270.261
792 -270.26
793 -270.26
794 -270.26
795 -270.261
796 -270.261
797 -270.261
798 -270.262
799 -270.262
800 -270.262
801 -270.261
802 -270.26
803 -270.26
804 -270.261
805 -270.261
806 -270.261
807 -270.261
808 -270.261
809 -270.262
810 -270.263
811 -270.263
812 -270.263
813 -270.263
814 -270.263
815 -270.262
816 -270.262
817 -270.261
818 -270.262
819 -270.262
820 -270.261
821 -270.26
822 -270.26
823 -270.259
824 -270.26
825 -270.26
826 -270.26
827 -270.26
828 -270.259
829 -270.26
830 -270.259
831 -270.259
832 -270.259
833 -270.26
834 -270.258
835 -270.26
836 -270.26
837 -270.26
838 -270.26
839 -270.261
840 -270.261
841 -270.261
842 -270.262
843 -270.262
844 -270.261
845 -270.26
846 -270.261
847 -270.259
848 -270.259
849 -270.259
850 -270.261
851 -270.262
852 -270.261
853 -270.26
854 -270.259
855 -270.259
856 -270.259
857 -270.259
858 -270.258
859 -270.258
860 -270.257
861 -270.257
862 -270.258
863 -270.259
864 -270.258
865 -270.259
866 -270.259
867 -270.259
868 -270.259
869 -270.259
870 -270.259
871 -270.259
872 -270.258
873 -270.258
874 -270.258
875 -270.259
876 -270.26
877 -270.26
878 -270.257
879 -270.259
880 -270.26
881 -270.259
882 -270.26
883 -270.26
884 -270.26
885 -270.26
886 -270.259
887 -270.26
888 -270.258
889 -270.259
890 -270.26
891 -270.26
892 -270.26
893 -270.263
894 -270.263
895 -270.263
896 -270.262
897 -270.262
898 -270.262
899 -270.261
900 -270.26
901 -270.26
902 -270.26
903 -270.261
904 -270.261
905 -270.261
906 -270.26
907 -270.26
908 -270.26
909 -270.262
910 -270.262
911 -270.263
912 -270.263
913 -270.264
914 -270.264
915 -270.264
916 -270.265
917 -270.265
918 -270.264
919 -270.264
920 -270.265
921 -270.265
922 -270.265
923 -270.265
924 -270.264
925 -270.265
926 -270.265
927 -270.265
928 -270.265
929 -270.266
930 -270.266
931 -270.265
932 -270.265
933 -270.265
934 -270.266
935 -270.266
936 -270.268
937 -270.268
938 -270.268
939 -270.269
940 -270.269
941 -270.269
942 -270.269
943 -270.27
944 -270.271
945 -270.271
946 -270.271
947 -270.27
948 -270.27
949 -270.271
950 -270.271
951 -270.27
952 -270.27
953 -270.27
954 -270.27
955 -270.271
956 -270.27
957 -270.27
958 -270.27
959 -270.27
960 -270.27
961 -270.27
962 -270.269
963 -270.267
964 -270.267
965 -270.269
966 -270.269
967 -270.268
968 -270.268
969 -270.267
970 -270.267
971 -270.267
972 -270.268
973 -270.268
974 -270.267
975 -270.266
976 -270.266
977 -270.266
978 -270.266
979 -270.266
980 -270.265
981 -270.265
982 -270.266
983 -270.266
984 -270.266
985 -270.266
986 -270.266
987 -270.267
988 -270.267
989 -270.267
990 -270.267
991 -270.267
992 -270.267
993 -270.268
994 -270.269
995 -270.269
996 -270.269
997 -270.269
998 -270.27
999 -270.271
1000 -270.271
1001 -270.27
1002 -270.27
1003 -270.27
1004 -270.27
1005 -270.267
1006 -270.267
1007 -270.267
1008 -270.268
1009 -270.269
1010 -270.269
1011 -270.27
1012 -270.27
1013 -270.269
1014 -270.27
1015 -270.158
1016 -270.178
1017 -270.213
1018 -270.214
1019 -270.214
1020 -270.219
1021 -270.222
1022 -270.233
1023 -270.241
1024 -270.241
1025 -270.241
1026 -270.251
1027 -270.251
1028 -270.255
1029 -270.255
1030 -270.257
1031 -270.257
1032 -270.259
1033 -270.258
1034 -270.26
1035 -270.262
1036 -270.262
1037 -270.262
1038 -270.262
1039 -270.262
1040 -270.262
1041 -270.263
1042 -270.262
1043 -270.261
1044 -270.261
1045 -270.26
1046 -270.262
1047 -270.261
1048 -270.262
1049 -270.261
1050 -270.261
1051 -270.261
1052 -270.262
1053 -270.263
1054 -270.264
1055 -270.265
1056 -270.265
1057 -270.264
1058 -270.265
1059 -270.264
1060 -270.265
1061 -270.264
1062 -270.265
1063 -270.265
1064 -270.264
1065 -270.265
1066 -270.265
1067 -270.264
1068 -270.264
1069 -270.265
1070 -270.264
1071 -270.263
1072 -270.262
1073 -270.262
1074 -270.262
1075 -270.261
1076 -270.26
1077 -270.26
1078 -270.261
1079 -270.261
1080 -270.261
1081 -270.262
1082 -270.262
1083 -270.263
1084 -270.263
1085 -270.263
1086 -270.263
1087 -270.263
1088 -270.262
1089 -270.26
1090 -270.26
1091 -270.259
1092 -270.258
1093 -270.26
1094 -270.26
1095 -270.26
1096 -270.261
1097 -270.261
1098 -270.262
1099 -270.261
1100 -270.26
1101 -270.26
1102 -270.261
1103 -270.262
1104 -270.261
1105 -270.26
1106 -270.26
1107 -270.26
1108 -270.26
1109 -270.26
1110 -270.26
1111 -270.261
1112 -270.261
1113 -270.261
1114 -270.261
1115 -270.238
1116 -270.239
1117 -270.24
1118 -270.241
1119 -270.241
1120 -270.242
1121 -270.242
1122 -270.241
1123 -270.246
1124 -270.261
1125 -270.261
1126 -270.19
1127 -270.19
1128 -270.19
1129 -270.191
1130 -270.191
1131 -270.214
1132 -270.214
1133 -270.22
1134 -270.219
1135 -270.227
1136 -270.227
1137 -270.228
1138 -270.229
1139 -270.23
1140 -270.231
1141 -270.231
1142 -270.232
1143 -270.232
1144 -270.237
1145 -270.236
1146 -270.234
1147 -270.236
1148 -270.236
1149 -270.241
1150 -270.243
1151 -270.242
1152 -270.243
1153 -270.245
1154 -270.245
1155 -270.246
1156 -270.244
1157 -270.244
1158 -270.244
1159 -270.246
1160 -270.247
1161 -270.247
1162 -270.246
1163 -270.246
1164 -270.249
1165 -270.25
1166 -270.25
1167 -270.255
1168 -270.254
1169 -270.257
1170 -270.259
1171 -270.259
1172 -270.259
1173 -270.259
1174 -270.259
1175 -270.259
1176 -270.261
1177 -270.262
1178 -270.263
1179 -270.264
1180 -270.265
1181 -270.266
1182 -270.266
1183 -270.265
1184 -270.265
1185 -270.264
1186 -270.262
1187 -270.262
1188 -270.262
1189 -270.263
1190 -270.264
1191 -270.266
1192 -270.267
1193 -270.267
1194 -270.267
1195 -270.267
1196 -270.267
1197 -270.266
1198 -270.266
1199 -270.266
1200 -270.266
1201 -270.265
1202 -270.264
1203 -270.264
1204 -270.265
1205 -270.265
1206 -270.265
1207 -270.265
1208 -270.265
1209 -270.266
1210 -270.267
1211 -270.268
1212 -270.267
1213 -270.267
1214 -270.268
1215 -270.267
1216 -270.267
1217 -270.266
1218 -270.267
1219 -270.267
1220 -270.267
1221 -270.266
1222 -270.266
1223 -270.268
1224 -270.267
1225 -270.268
1226 -270.268
1227 -270.267
1228 -270.267
1229 -270.267
1230 -270.266
1231 -270.266
1232 -270.265
1233 -270.265
1234 -270.265
1235 -270.266
1236 -270.266
1237 -270.266
1238 -270.266
1239 -270.267
1240 -270.267
1241 -270.266
1242 -270.266
1243 -270.267
1244 -270.268
1245 -270.269
1246 -270.268
1247 -270.268
1248 -270.268
1249 -270.268
1250 -270.269
1251 -270.268
1252 -270.268
1253 -270.268
1254 -270.268
1255 -270.268
1256 -270.269
1257 -270.269
1258 -270.268
1259 -270.269
1260 -270.268
1261 -270.268
1262 -270.27
1263 -270.27
1264 -270.27
1265 -270.27
1266 -270.27
1267 -270.271
1268 -270.271
1269 -270.271
1270 -270.27
1271 -270.27
1272 -270.27
1273 -270.27
1274 -270.269
1275 -270.27
1276 -270.271
1277 -270.271
1278 -270.271
1279 -270.272
1280 -270.273
1281 -270.272
1282 -270.272
1283 -270.272
1284 -270.272
1285 -270.272
1286 -270.27
1287 -270.269
1288 -270.27
1289 -270.269
1290 -270.268
1291 -270.268
1292 -270.266
1293 -270.266
1294 -270.266
1295 -270.266
1296 -270.266
1297 -270.267
1298 -270.268
1299 -270.268
1300 -270.268
1301 -270.268
1302 -270.268
1303 -270.268
1304 -270.267
1305 -270.268
1306 -270.267
1307 -270.267
1308 -270.267
1309 -270.267
1310 -270.267
1311 -270.267
1312 -270.267
1313 -270.267
1314 -270.267
1315 -270.266
1316 -270.265
1317 -270.265
1318 -270.264
1319 -270.263
1320 -270.262
1321 -270.262
1322 -270.264
1323 -270.264
1324 -270.263
1325 -270.264
1326 -270.264
1327 -270.264
1328 -270.265
1329 -270.265
1330 -270.266
1331 -270.265
1332 -270.264
1333 -270.265
1334 -270.266
1335 -270.267
1336 -270.267
1337 -270.269
1338 -270.269
1339 -270.269
1340 -270.27
1341 -270.27
1342 -270.269
1343 -270.269
1344 -270.27
1345 -270.268
1346 -270.269
1347 -270.268
1348 -270.268
1349 -270.268
1350 -270.268
1351 -270.268
1352 -270.268
1353 -270.268
1354 -270.267
1355 -270.266
1356 -270.267
1357 -270.266
1358 -270.265
1359 -270.265
1360 -270.267
1361 -270.266
1362 -270.266
1363 -270.266
1364 -270.266
1365 -270.266
1366 -270.266
1367 -270.266
1368 -270.266
1369 -270.265
1370 -270.265
1371 -270.264
1372 -270.263
1373 -270.263
1374 -270.262
1375 -270.262
1376 -270.262
1377 -270.261
1378 -270.262
1379 -270.262
1380 -270.262
1381 -270.262
1382 -270.262
1383 -270.262
1384 -270.263
1385 -270.262
1386 -270.263
1387 -270.263
1388 -270.263
1389 -270.263
1390 -270.263
1391 -270.262
1392 -270.262
1393 -270.262
1394 -270.262
1395 -270.262
1396 -270.262
1397 -270.264
1398 -270.263
1399 -270.263
1400 -270.264
1401 -270.265
1402 -270.265
1403 -270.265
1404 -270.265
1405 -270.264
1406 -270.264
1407 -270.264
1408 -270.267
1409 -270.267
1410 -270.267
1411 -270.267
1412 -270.266
1413 -270.267
1414 -270.266
1415 -270.264
1416 -270.264
1417 -270.265
1418 -270.266
1419 -270.267
1420 -270.267
1421 -270.267
1422 -270.266
1423 -270.265
1424 -270.266
1425 -270.266
1426 -270.266
1427 -270.266
1428 -270.265
1429 -270.265
1430 -270.265
1431 -270.264
1432 -270.263
1433 -270.261
1434 -270.261
1435 -270.262
1436 -270.262
1437 -270.263
1438 -270.262
1439 -270.262
1440 -270.262
1441 -270.262
1442 -270.262
1443 -270.263
1444 -270.263
1445 -270.263
1446 -270.262
1447 -270.263
1448 -270.263
1449 -270.263
1450 -270.264
1451 -270.264
1452 -270.264
1453 -270.264
1454 -270.264
1455 -270.264
1456 -270.264
1457 -270.263
1458 -270.265
1459 -270.265
1460 -270.266
1461 -270.266
1462 -270.267
1463 -270.266
1464 -270.265
1465 -270.266
1466 -270.265
1467 -270.265
1468 -270.263
1469 -270.263
1470 -270.263
1471 -270.263
1472 -270.263
1473 -270.264
1474 -270.265
1475 -270.265
1476 -270.265
1477 -270.266
1478 -270.265
1479 -270.263
1480 -270.262
1481 -270.262
1482 -270.262
1483 -270.262
1484 -270.263
1485 -270.263
1486 -270.262
1487 -270.262
1488 -270.262
1489 -270.26
1490 -270.261
1491 -270.261
1492 -270.26
1493 -270.26
1494 -270.26
1495 -270.261
1496 -270.26
1497 -270.26
1498 -270.259
1499 -270.26
1500 -270.26
1501 -270.26
1502 -270.26
1503 -270.261
1504 -270.26
1505 -270.26
1506 -270.26
1507 -270.26
1508 -270.261
1509 -270.262
1510 -270.263
1511 -270.264
1512 -270.262
1513 -270.263
1514 -270.263
1515 -270.263
1516 -270.26
1517 -270.261
1518 -270.26
1519 -270.26
1520 -270.26
1521 -270.259
1522 -270.261
1523 -270.262
1524 -270.262
1525 -270.263
1526 -270.262
1527 -270.263
1528 -270.264
1529 -270.263
1530 -270.263
1531 -270.263
1532 -270.264
1533 -270.264
1534 -270.263
1535 -270.264
1536 -270.264
1537 -270.264
1538 -270.263
1539 -270.262
1540 -270.264
1541 -270.264
1542 -270.264
1543 -270.264
1544 -270.264
1545 -270.265
1546 -270.264
1547 -270.265
1548 -270.265
1549 -270.265
1550 -270.266
1551 -270.266
1552 -270.266
1553 -270.265
1554 -270.265
1555 -270.265
1556 -270.265
1557 -270.264
1558 -270.263
1559 -270.263
1560 -270.264
1561 -270.263
1562 -270.262
1563 -270.261
1564 -270.26
1565 -270.26
1566 -270.261
1567 -270.261
1568 -270.261
1569 -270.261
1570 -270.261
1571 -270.261
1572 -270.261
1573 -270.262
1574 -270.262
1575 -270.263
1576 -270.263
1577 -270.263
1578 -270.263
1579 -270.264
1580 -270.264
1581 -270.264
1582 -270.264
1583 -270.264
1584 -270.263
1585 -270.264
1586 -270.264
1587 -270.263
1588 -270.264
1589 -270.263
1590 -270.264
1591 -270.262
1592 -270.261
1593 -270.263
1594 -270.263
1595 -270.261
1596 -270.262
1597 -270.26
1598 -270.261
1599 -270.262
1600 -270.262
1601 -270.263
1602 -270.262
1603 -270.262
1604 -270.262
1605 -270.262
1606 -270.264
1607 -270.265
1608 -270.265
1609 -270.266
1610 -270.269
1611 -270.268
1612 -270.267
1613 -270.269
1614 -270.269
1615 -270.27
1616 -270.269
1617 -270.27
1618 -270.271
1619 -270.27
1620 -270.27
1621 -270.269
1622 -270.268
1623 -270.27
1624 -270.269
1625 -270.268
1626 -270.268
1627 -270.269
1628 -270.269
1629 -270.27
1630 -270.27
1631 -270.271
1632 -270.271
1633 -270.272
1634 -270.272
1635 -270.272
1636 -270.273
1637 -270.274
1638 -270.272
1639 -270.273
1640 -270.273
1641 -270.273
1642 -270.272
1643 -270.272
1644 -270.272
1645 -270.272
1646 -270.272
1647 -270.272
1648 -270.272
1649 -270.272
1650 -270.271
1651 -270.271
1652 -270.271
1653 -270.271
1654 -270.271
1655 -270.271
1656 -270.27
1657 -270.269
1658 -270.269
1659 -270.267
1660 -270.268
1661 -270.268
1662 -270.268
1663 -270.268
1664 -270.267
1665 -270.268
1666 -270.27
1667 -270.269
1668 -270.269
1669 -270.269
1670 -270.27
1671 -270.269
1672 -270.271
1673 -270.271
1674 -270.271
1675 -270.271
1676 -270.271
1677 -270.271
1678 -270.27
1679 -270.27
1680 -270.269
1681 -270.27
1682 -270.271
1683 -270.271
1684 -270.272
1685 -270.271
1686 -270.271
1687 -270.27
1688 -270.27
1689 -270.27
1690 -270.27
1691 -270.27
1692 -270.27
1693 -270.27
1694 -270.27
1695 -270.269
1696 -270.269
1697 -270.268
1698 -270.268
1699 -270.268
1700 -270.269
1701 -270.269
1702 -270.269
1703 -270.269
1704 -270.269
1705 -270.269
1706 -270.27
1707 -270.271
1708 -270.271
1709 -270.271
1710 -270.27
1711 -270.269
1712 -270.268
1713 -270.267
1714 -270.267
1715 -270.268
1716 -270.268
1717 -270.268
1718 -270.268
1719 -270.268
1720 -270.268
1721 -270.268
1722 -270.268
1723 -270.267
1724 -270.266
1725 -270.266
1726 -270.269
1727 -270.267
1728 -270.268
1729 -270.268
1730 -270.267
1731 -270.266
1732 -270.266
1733 -270.266
1734 -270.266
1735 -270.267
1736 -270.267
1737 -270.267
1738 -270.267
1739 -270.267
1740 -270.267
1741 -270.266
1742 -270.266
1743 -270.265
1744 -270.265
1745 -270.264
1746 -270.266
1747 -270.265
1748 -270.264
1749 -270.264
1750 -270.265
1751 -270.264
1752 -270.263
1753 -270.264
1754 -270.264
1755 -270.264
1756 -270.264
1757 -270.262
1758 -270.262
1759 -270.262
1760 -270.262
1761 -270.261
1762 -270.262
1763 -270.262
1764 -270.261
1765 -270.262
1766 -270.262
1767 -270.263
1768 -270.263
1769 -270.263
1770 -270.263
1771 -270.262
1772 -270.263
1773 -270.263
1774 -270.265
1775 -270.265
1776 -270.265
1777 -270.265
1778 -270.264
1779 -270.265
1780 -270.266
1781 -270.266
1782 -270.266
1783 -270.266
1784 -270.266
1785 -270.266
1786 -270.265
1787 -270.267
1788 -270.266
1789 -270.266
1790 -270.267
1791 -270.267
1792 -270.268
1793 -270.268
1794 -270.269
1795 -270.27
1796 -270.269
1797 -270.268
1798 -270.267
1799 -270.267
1800 -270.268
1801 -270.268
1802 -270.268
1803 -270.268
1804 -270.27
1805 -270.269
1806 -270.268
1807 -270.268
1808 -270.268
1809 -270.269
1810 -270.269
1811 -270.268
1812 -270.268
1813 -270.27
1814 -270.271
1815 -270.27
1816 -270.27
1817 -270.27
1818 -270.27
1819 -270.27
1820 -270.27
1821 -270.27
1822 -270.27
1823 -270.269
1824 -270.268
1825 -270.267
1826 -270.267
1827 -270.267
1828 -270.267
1829 -270.266
1830 -270.266
1831 -270.266
1832 -270.265
1833 -270.264
1834 -270.264
1835 -270.264
1836 -270.265
1837 -270.265
1838 -270.263
1839 -270.264
1840 -270.264
1841 -270.263
1842 -270.264
1843 -270.264
1844 -270.264
1845 -270.264
1846 -270.264
1847 -270.264
1848 -270.264
1849 -270.263
1850 -270.262
1851 -270.263
1852 -270.262
1853 -270.263
1854 -270.264
1855 -270.265
1856 -270.266
1857 -270.268
1858 -270.268
1859 -270.268
1860 -270.268
1861 -270.267
1862 -270.267
1863 -270.267
1864 -270.266
1865 -270.265
1866 -270.265
1867 -270.265
1868 -270.265
1869 -270.265
1870 -270.265
1871 -270.265
1872 -270.265
1873 -270.264
1874 -270.265
1875 -270.265
1876 -270.264
1877 -270.265
1878 -270.265
1879 -270.265
1880 -270.266
1881 -270.266
1882 -270.265
1883 -270.266
1884 -270.267
1885 -270.267
1886 -270.268
1887 -270.268
1888 -270.268
1889 -270.268
1890 -270.268
1891 -270.269
1892 -270.269
1893 -270.27
1894 -270.27
1895 -270.269
1896 -270.269
1897 -270.27
1898 -270.27
1899 -270.267
1900 -270.268
1901 -270.268
1902 -270.268
1903 -270.268
1904 -270.27
1905 -270.27
1906 -270.27
1907 -270.271
1908 -270.271
1909 -270.27
1910 -270.27
1911 -270.27
1912 -270.27
1913 -270.27
1914 -270.269
1915 -270.268
1916 -270.268
1917 -270.268
1918 -270.268
1919 -270.268
1920 -270.267
1921 -270.267
1922 -270.268
1923 -270.268
1924 -270.268
1925 -270.267
1926 -270.268
1927 -270.268
1928 -270.268
1929 -270.268
1930 -270.268
1931 -270.268
1932 -270.268
1933 -270.268
1934 -270.269
1935 -270.268
1936 -270.269
1937 -270.268
1938 -270.269
1939 -270.269
1940 -270.269
1941 -270.269
1942 -270.269
1943 -270.27
1944 -270.27
1945 -270.27
1946 -270.27
1947 -270.27
1948 -270.27
1949 -270.271
1950 -270.27
1951 -270.27
1952 -270.271
1953 -270.272
1954 -270.272
1955 -270.272
1956 -270.272
1957 -270.271
1958 -270.271
1959 -270.271
1960 -270.272
1961 -270.269
1962 -270.27
1963 -270.27
1964 -270.271
1965 -270.27
1966 -270.27
1967 -270.27
1968 -270.27
1969 -270.271
1970 -270.272
1971 -270.271
1972 -270.272
1973 -270.272
1974 -270.273
1975 -270.272
1976 -270.272
1977 -270.272
1978 -270.271
1979 -270.272
1980 -270.271
1981 -270.271
1982 -270.272
1983 -270.273
1984 -270.273
1985 -270.274
1986 -270.275
1987 -270.275
1988 -270.275
1989 -270.275
1990 -270.275
1991 -270.275
1992 -270.271
1993 -270.272
1994 -270.272
1995 -270.273
1996 -270.273
1997 -270.273
1998 -270.274
1999 -270.275
2000 -270.275
2001 -270.273
2002 -270.274
2003 -270.274
2004 -270.273
2005 -270.16
2006 -270.243
2007 -270.241
2008 -270.24
2009 -270.241
2010 -270.243
2011 -270.242
2012 -270.241
2013 -270.242
2014 -270.248
2015 -270.261
2016 -270.261
2017 -270.261
2018 -270.262
2019 -270.261
2020 -270.26
2021 -270.26
2022 -270.26
2023 -270.261
2024 -270.261
2025 -270.261
2026 -270.262
2027 -270.261
2028 -270.263
2029 -270.262
2030 -270.262
2031 -270.264
2032 -270.264
2033 -270.265
2034 -270.264
2035 -270.264
2036 -270.264
2037 -270.264
2038 -270.265
2039 -270.265
2040 -270.265
2041 -270.265
2042 -270.266
2043 -270.266
2044 -270.265
2045 -270.267
2046 -270.267
2047 -270.268
2048 -270.268
2049 -270.266
2050 -270.265
2051 -270.265
2052 -270.265
2053 -270.265
2054 -270.264
2055 -270.265
2056 -270.265
2057 -270.265
2058 -270.265
2059 -270.266
2060 -270.266
2061 -270.266
2062 -270.266
2063 -270.266
2064 -270.267
2065 -270.266
2066 -270.266
2067 -270.266
2068 -270.266
2069 -270.265
2070 -270.266
2071 -270.267
2072 -270.267
2073 -270.268
2074 -270.269
2075 -270.268
2076 -270.268
2077 -270.268
2078 -270.268
2079 -270.268
2080 -270.269
2081 -270.269
2082 -270.269
2083 -270.269
2084 -270.268
2085 -270.267
2086 -270.267
2087 -270.266
2088 -270.268
2089 -270.269
2090 -270.27
2091 -270.271
2092 -270.271
2093 -270.271
2094 -270.27
2095 -270.27
2096 -270.27
2097 -270.269
2098 -270.269
2099 -270.268
2100 -270.268
2101 -270.267
2102 -270.268
2103 -270.268
2104 -270.269
2105 -270.269
2106 -270.269
2107 -270.269
2108 -270.268
2109 -270.268
2110 -270.266
2111 -270.265
2112 -270.266
2113 -270.265
2114 -270.265
2115 -270.265
2116 -270.265
2117 -270.264
2118 -270.264
2119 -270.265
2120 -270.266
2121 -270.266
2122 -270.267
2123 -270.267
2124 -270.267
2125 -270.266
2126 -270.268
2127 -270.268
2128 -270.267
2129 -270.268
2130 -270.267
2131 -270.268
2132 -270.268
2133 -270.267
2134 -270.267
2135 -270.267
2136 -270.269
2137 -270.268
2138 -270.268
2139 -270.268
2140 -270.268
2141 -270.267
2142 -270.267
2143 -270.266
2144 -270.265
2145 -270.266
2146 -270.267
2147 -270.266
2148 -270.267
2149 -270.266
2150 -270.267
2151 -270.267
2152 -270.267
2153 -270.267
2154 -270.266
2155 -270.266
2156 -270.265
2157 -270.264
2158 -270.264
2159 -270.265
2160 -270.265
2161 -270.265
2162 -270.265
2163 -270.265
2164 -270.264
2165 -270.265
2166 -270.265
2167 -270.264
2168 -270.265
2169 -270.265
2170 -270.265
2171 -270.264
2172 -270.265
2173 -270.265
2174 -270.264
2175 -270.264
2176 -270.264
2177 -270.266
2178 -270.267
2179 -270.267
2180 -270.267
2181 -270.267
2182 -270.266
2183 -270.267
2184 -270.267
2185 -270.268
2186 -270.268
2187 -270.268
2188 -270.267
2189 -270.268
2190 -270.267
2191 -270.267
2192 -270.268
2193 -270.268
2194 -270.268
2195 -270.267
2196 -270.267
2197 -270.267
2198 -270.267
2199 -270.267
2200 -270.267
2201 -270.268
2202 -270.268
2203 -270.268
2204 -270.268
2205 -270.268
2206 -270.268
2207 -270.268
2208 -270.267
2209 -270.268
2210 -270.267
2211 -270.268
2212 -270.269
2213 -270.268
2214 -270.269
2215 -270.268
2216 -270.269
2217 -270.267
2218 -270.267
2219 -270.268
2220 -270.267
2221 -270.268
2222 -270.268
2223 -270.27
2224 -270.271
2225 -270.271
2226 -270.272
2227 -270.273
2228 -270.274
2229 -270.275
2230 -270.276
2231 -270.275
2232 -270.276
2233 -270.276
2234 -270.277
2235 -270.277
2236 -270.276
2237 -270.277
2238 -270.277
2239 -270.277
2240 -270.274
2241 -270.275
2242 -270.274
2243 -270.274
2244 -270.274
2245 -270.275
2246 -270.275
2247 -270.274
2248 -270.274
2249 -270.274
2250 -270.273
2251 -270.273
2252 -270.273
2253 -270.273
2254 -270.273
2255 -270.274
2256 -270.273
2257 -270.273
2258 -270.271
2259 -270.272
2260 -270.272
2261 -270.273
2262 -270.273
2263 -270.274
2264 -270.274
2265 -270.274
2266 -270.274
2267 -270.273
2268 -270.273
2269 -270.274
2270 -270.274
2271 -270.274
2272 -270.274
2273 -270.275
2274 -270.274
2275 -270.274
2276 -270.273
2277 -270.272
2278 -270.273
2279 -270.272
2280 -270.271
2281 -270.272
2282 -270.272
2283 -270.271
2284 -270.271
2285 -270.271
2286 -270.271
2287 -270.271
2288 -270.271
2289 -270.271
2290 -270.272
2291 -270.272
2292 -270.271
2293 -270.271
2294 -270.272
2295 -270.272
2296 -270.271
2297 -270.271
2298 -270.271
2299 -270.27
2300 -270.27
2301 -270.27
2302 -270.269
2303 -270.268
2304 -270.268
2305 -270.267
2306 -270.267
2307 -270.267
2308 -270.267
2309 -270.266
2310 -270.266
2311 -270.266
2312 -270.264
2313 -270.263
2314 -270.264
2315 -270.263
2316 -270.264
2317 -270.265
2318 -270.265
2319 -270.265
2320 -270.264
2321 -270.265
2322 -270.265
2323 -270.265
2324 -270.264
2325 -270.263
2326 -270.262
2327 -270.262
2328 -270.262
2329 -270.263
2330 -270.262
2331 -270.262
2332 -270.261
2333 -270.263
2334 -270.264
2335 -270.265
2336 -270.265
2337 -270.266
2338 -270.265
2339 -270.266
2340 -270.267
2341 -270.267
2342 -270.267
2343 -270.267
2344 -270.266
2345 -270.266
2346 -270.266
2347 -270.266
2348 -270.266
2349 -270.266
2350 -270.265
2351 -270.266
2352 -270.265
2353 -270.262
2354 -270.262
2355 -270.262
2356 -270.262
2357 -270.264
2358 -270.264
2359 -270.264
2360 -270.264
2361 -270.263
2362 -270.263
2363 -270.265
2364 -270.265
2365 -270.266
2366 -270.267
2367 -270.268
2368 -270.267
2369 -270.266
2370 -270.266
2371 -270.266
2372 -270.264
2373 -270.265
2374 -270.265
2375 -270.266
2376 -270.265
2377 -270.266
2378 -270.266
2379 -270.267
2380 -270.267
2381 -270.266
2382 -270.266
2383 -270.267
2384 -270.267
2385 -270.266
2386 -270.266
2387 -270.265
2388 -270.266
2389 -270.265
2390 -270.265
2391 -270.264
2392 -270.264
2393 -270.263
2394 -270.264
2395 -270.264
2396 -270.264
2397 -270.265
2398 -270.265
2399 -270.265
2400 -270.264
2401 -270.263
2402 -270.264
2403 -270.265
2404 -270.266
2405 -270.267
2406 -270.267
2407 -270.266
2408 -270.266
2409 -270.267
2410 -270.267
2411 -270.266
2412 -270.266
2413 -270.266
2414 -270.266
2415 -270.263
2416 -270.262
2417 -270.262
2418 -270.263
2419 -270.262
2420 -270.263
2421 -270.263
2422 -270.264
2423 -270.264
2424 -270.264
2425 -270.265
2426 -270.265
2427 -270.265
2428 -270.265
2429 -270.265
2430 -270.265
2431 -270.265
2432 -270.265
2433 -270.266
2434 -270.265
2435 -270.265
2436 -270.265
2437 -270.266
2438 -270.266
2439 -270.265
2440 -270.265
2441 -270.265
2442 -270.268
2443 -270.268
2444 -270.269
2445 -270.269
2446 -270.267
2447 -270.267
2448 -270.267
2449 -270.267
2450 -270.267
2451 -270.267
2452 -270.267
2453 -270.268
2454 -270.268
2455 -270.268
2456 -270.268
2457 -270.268
2458 -270.268
2459 -270.266
2460 -270.266
2461 -270.266
2462 -270.266
2463 -270.268
2464 -270.269
2465 -270.269
2466 -270.268
2467 -270.267
2468 -270.266
2469 -270.266
2470 -270.265
2471 -270.264
2472 -270.266
2473 -270.266
2474 -270.266
2475 -270.266
2476 -270.267
2477 -270.266
2478 -270.266
2479 -270.266
2480 -270.267
2481 -270.267
2482 -270.265
2483 -270.266
2484 -270.267
2485 -270.267
2486 -270.266
2487 -270.267
2488 -270.265
2489 -270.265
2490 -270.266
2491 -270.265
2492 -270.265
2493 -270.267
2494 -270.266
2495 -270.266
2496 -270.266
2497 -270.265
2498 -270.264
2499 -270.265
2500 -270.265
2501 -270.264
2502 -270.262
2503 -270.263
2504 -270.264
2505 -270.264
2506 -270.265
2507 -270.265
2508 -270.263
2509 -270.263
2510 -270.264
2511 -270.264
2512 -270.265
2513 -270.265
2514 -270.266
2515 -270.266
2516 -270.265
2517 -270.265
2518 -270.263
2519 -270.263
2520 -270.264
2521 -270.265
2522 -270.265
2523 -270.264
2524 -270.264
2525 -270.264
2526 -270.264
2527 -270.264
2528 -270.265
2529 -270.266
2530 -270.266
2531 -270.266
2532 -270.267
2533 -270.266
2534 -270.267
2535 -270.267
2536 -270.268
2537 -270.268
2538 -270.268
2539 -270.266
2540 -270.267
2541 -270.267
2542 -270.268
2543 -270.267
2544 -270.266
2545 -270.266
2546 -270.266
2547 -270.266
2548 -270.265
2549 -270.266
2550 -270.267
2551 -270.267
2552 -270.267
2553 -270.267
2554 -270.267
2555 -270.267
2556 -270.267
2557 -270.268
2558 -270.266
2559 -270.267
2560 -270.267
2561 -270.267
2562 -270.268
2563 -270.268
2564 -270.268
2565 -270.268
2566 -270.267
2567 -270.266
2568 -270.266
2569 -270.266
2570 -270.266
2571 -270.266
2572 -270.266
2573 -270.266
2574 -270.266
2575 -270.265
2576 -270.264
2577 -270.265
2578 -270.265
2579 -270.264
2580 -270.263
2581 -270.266
2582 -270.266
2583 -270.265
2584 -270.265
2585 -270.266
2586 -270.268
2587 -270.268
2588 -270.268
2589 -270.268
2590 -270.268
2591 -270.267
2592 -270.267
2593 -270.268
2594 -270.267
2595 -270.268
2596 -270.267
2597 -270.267
2598 -270.267
2599 -270.266
2600 -270.267
2601 -270.267
2602 -270.267
2603 -270.266
2604 -270.266
2605 -270.264
2606 -270.266
2607 -270.266
2608 -270.265
2609 -270.265
2610 -270.267
2611 -270.266
2612 -270.267
2613 -270.268
2614 -270.267
2615 -270.267
2616 -270.267
2617 -270.266
2618 -270.267
2619 -270.266
2620 -270.267
2621 -270.268
2622 -270.268
2623 -270.268
2624 -270.267
2625 -270.267
2626 -270.268
2627 -270.268
2628 -270.268
2629 -270.268
2630 -270.268
2631 -270.268
2632 -270.268
2633 -270.27
2634 -270.271
2635 -270.27
2636 -270.269
2637 -270.269
2638 -270.268
2639 -270.268
2640 -270.268
2641 -270.268
2642 -270.269
2643 -270.269
2644 -270.269
2645 -270.268
2646 -270.268
2647 -270.268
2648 -270.267
2649 -270.267
2650 -270.267
2651 -270.266
2652 -270.266
2653 -270.267
2654 -270.266
2655 -270.265
2656 -270.266
2657 -270.266
2658 -270.265
2659 -270.267
2660 -270.266
2661 -270.266
2662 -270.266
2663 -270.267
2664 -270.266
2665 -270.268
2666 -270.268
2667 -270.268
2668 -270.268
2669 -270.268
2670 -270.268
2671 -270.268
2672 -270.268
2673 -270.268
2674 -270.268
2675 -270.268
2676 -270.267
2677 -270.266
2678 -270.263
2679 -270.264
2680 -270.263
2681 -270.256
2682 -270.256
2683 -270.256
2684 -270.256
2685 -270.256
2686 -270.256
2687 -270.259
2688 -270.261
2689 -270.261
2690 -270.262
2691 -270.263
2692 -270.264
2693 -270.263
2694 -270.263
2695 -270.263
2696 -270.261
2697 -270.264
2698 -270.263
2699 -270.262
2700 -270.263
2701 -270.264
2702 -270.263
2703 -270.264
2704 -270.265
2705 -270.265
2706 -270.264
2707 -270.265
2708 -270.265
2709 -270.266
2710 -270.267
2711 -270.267
2712 -270.267
2713 -270.267
2714 -270.266
2715 -270.265
2716 -270.264
2717 -270.266
2718 -270.265
2719 -270.266
2720 -270.265
2721 -270.265
2722 -270.265
2723 -270.265
2724 -270.265
2725 -270.263
2726 -270.264
2727 -270.265
2728 -270.265
2729 -270.264
2730 -270.264
2731 -270.264
2732 -270.264
2733 -270.263
2734 -270.264
2735 -270.264
2736 -270.263
2737 -270.263
2738 -270.264
2739 -270.265
2740 -270.265
2741 -270.266
2742 -270.266
2743 -270.266
2744 -270.265
2745 -270.265
2746 -270.265
2747 -270.265
2748 -270.265
2749 -270.267
2750 -270.268
2751 -270.267
2752 -270.266
2753 -270.267
2754 -270.266
2755 -270.266
2756 -270.266
2757 -270.266
2758 -270.266
2759 -270.264
2760 -270.264
2761 -270.264
2762 -270.265
2763 -270.265
2764 -270.266
2765 -270.267
2766 -270.267
2767 -270.268
2768 -270.268
2769 -270.269
2770 -270.267
2771 -270.266
2772 -270.265
2773 -270.265
2774 -270.265
2775 -270.265
2776 -270.266
2777 -270.266
2778 -270.265
2779 -270.267
2780 -270.268
2781 -270.267
2782 -270.267
2783 -270.268
2784 -270.267
2785 -270.267
2786 -270.267
2787 -270.267
2788 -270.266
2789 -270.267
2790 -270.267
2791 -270.267
2792 -270.267
2793 -270.267
2794 -270.268
2795 -270.268
2796 -270.268
2797 -270.269
2798 -270.268
2799 -270.267
2800 -270.267
2801 -270.267
2802 -270.267
2803 -270.267
2804 -270.267
2805 -270.267
2806 -270.268
2807 -270.266
2808 -270.266
2809 -270.265
2810 -270.265
2811 -270.265
2812 -270.265
2813 -270.262
2814 -270.263
2815 -270.264
2816 -270.264
2817 -270.265
2818 -270.264
2819 -270.264
2820 -270.265
2821 -270.265
2822 -270.265
2823 -270.264
2824 -270.264
2825 -270.265
2826 -270.265
2827 -270.265
2828 -270.266
2829 -270.266
2830 -270.267
2831 -270.267
2832 -270.267
2833 -270.268
2834 -270.268
2835 -270.268
2836 -270.268
2837 -270.267
2838 -270.268
2839 -270.267
2840 -270.267
2841 -270.267
2842 -270.266
2843 -270.267
2844 -270.267
2845 -270.266
2846 -270.266
2847 -270.267
2848 -270.264
2849 -270.265
2850 -270.266
2851 -270.266
2852 -270.267
2853 -270.266
2854 -270.266
2855 -270.266
2856 -270.266
2857 -270.266
2858 -270.265
2859 -270.267
2860 -270.267
2861 -270.267
2862 -270.268
2863 -270.267
2864 -270.267
2865 -270.268
2866 -270.267
2867 -270.268
2868 -270.267
2869 -270.268
2870 -270.267
2871 -270.267
2872 -270.269
2873 -270.269
2874 -270.268
2875 -270.269
2876 -270.269
2877 -270.268
2878 -270.269
2879 -270.269
2880 -270.27
2881 -270.27
2882 -270.268
2883 -270.269
2884 -270.269
2885 -270.27
2886 -270.269
2887 -270.269
2888 -270.269
2889 -270.27
2890 -270.269
2891 -270.269
2892 -270.27
2893 -270.27
2894 -270.27
2895 -270.269
2896 -270.269
2897 -270.269
2898 -270.268
2899 -270.269
2900 -270.269
2901 -270.269
2902 -270.269
2903 -270.269
2904 -270.269
2905 -270.269
2906 -270.27
2907 -270.27
2908 -270.27
2909 -270.269
2910 -270.27
2911 -270.269
2912 -270.268
2913 -270.268
2914 -270.267
2915 -270.267
2916 -270.266
2917 -270.267
2918 -270.267
2919 -270.266
2920 -270.268
2921 -270.268
2922 -270.268
2923 -270.267
2924 -270.268
2925 -270.268
2926 -270.266
2927 -270.265
2928 -270.266
2929 -270.266
2930 -270.266
2931 -270.265
2932 -270.266
2933 -270.267
2934 -270.267
2935 -270.267
2936 -270.267
2937 -270.266
2938 -270.267
2939 -270.267
2940 -270.267
2941 -270.269
2942 -270.269
2943 -270.269
2944 -270.269
2945 -270.269
2946 -270.269
2947 -270.269
2948 -270.267
2949 -270.268
2950 -270.267
2951 -270.268
2952 -270.267
2953 -270.267
2954 -270.267
2955 -270.267
2956 -270.268
2957 -270.269
2958 -270.269
2959 -270.269
2960 -270.269
2961 -270.267
2962 -270.269
2963 -270.27
2964 -270.27
2965 -270.27
2966 -270.269
2967 -270.27
2968 -270.27
2969 -270.269
2970 -270.269
2971 -270.268
2972 -270.269
2973 -270.269
2974 -270.27
2975 -270.27
2976 -270.27
2977 -270.269
2978 -270.269
2979 -270.27
2980 -270.27
2981 -270.27
2982 -270.269
2983 -270.267
2984 -270.268
2985 -270.268
2986 -270.27
2987 -270.269
2988 -270.269
2989 -270.269
2990 -270.268
2991 -270.268
2992 -270.269
2993 -270.268
2994 -270.269
2995 -270.269
2996 -270.27
2997 -270.27
2998 -270.27
2999 -270.268
3000 -270.268
