1 -269.484
2 -269.565
3 -269.615
4 -269.663
5 -269.687
6 -269.717
7 -269.74
8 -269.785
9 -269.806
10 -269.834
11 -269.847
12 -269.871
13 -269.88
14 -269.897
15 -269.916
16 -269.937
17 -269.958
18 -269.975
19 -269.975
20 -269.978
21 -269.984
22 -269.998
23 -270
24 -270.009
25 -270.012
26 -270.019
27 -270.019
28 -270.008
29 -270.018
30 -270.037
31 -270.054
32 -270.066
33 -270.069
34 -270.068
35 -270.065
36 -270.077
37 -270.079
38 -270.079
39 -270.078
40 -270.072
41 -270.078
42 -270.076
43 -270.084
44 -270.083
45 -270.089
46 -270.084
47 -270.078
48 -270.083
49 -270.08
50 -270.072
51 -270.077
52 -270.075
53 -270.077
54 -270.074
55 -270.076
56 -270.078
57 -270.077
58 -270.074
59 -270.077
60 -270.077
61 -270.081
62 -270.08
63 -270.081
64 -270.082
65 -270.089
66 -270.092
67 -270.094
68 -270.098
69 -270.108
70 -270.109
71 -270.109
72 -270.116
73 -270.12
74 -270.123
75 -270.125
76 -270.133
77 -270.135
78 -270.14
79 -270.138
80 -270.136
81 -270.134
82 -270.132
83 -270.131
84 -270.132
85 -270.133
86 -270.135
87 -270.14
88 -270.14
89 -270.143
90 -270.138
91 -270.137
92 -270.138
93 -270.13
94 -270.131
95 -270.137
96 -270.146
97 -270.141
98 -270.137
99 -270.135
100 -270.14
101 -270.142
102 -270.142
103 -270.138
104 -270.138
105 -270.137
106 -270.143
107 -270.15
108 -270.153
109 -270.166
110 -270.164
111 -270.165
112 -270.161
113 -270.167
114 -270.173
115 -270.168
116 -270.164
117 -270.161
118 -270.166
119 -270.159
120 -270.157
121 -270.147
122 -270.154
123 -270.162
124 -270.165
125 -270.168
126 -270.175
127 -270.176
128 -270.175
129 -270.166
130 -270.171
131 -270.173
132 -270.173
133 -270.168
134 -270.167
135 -270.181
136 -270.182
137 -270.188
138 -270.189
139 -270.189
140 -270.181
141 -270.187
142 -270.185
143 -270.18
144 -270.188
145 -270.19
146 -270.191
147 -270.189
148 -270.189
149 -270.18
150 -270.18
151 -270.186
152 -270.189
153 -270.189
154 -270.191
155 -270.194
156 -270.19
157 -270.192
158 -270.191
159 -270.19
160 -270.184
161 -270.183
162 -270.181
163 -270.182
164 -270.18
165 -270.185
166 -270.192
167 -270.196
168 -270.196
169 -270.193
170 -270.188
171 -270.183
172 -270.179
173 -270.176
174 -270.175
175 -270.178
176 -270.176
177 -270.182
178 -270.182
179 -270.18
180 -270.18
181 -270.179
182 -270.183
183 -270.184
184 -270.179
185 -270.183
186 -270.185
187 -270.18
188 -270.18
189 -270.181
190 -270.176
191 -270.18
192 -270.179
193 -270.175
194 -270.178
195 -270.177
196 -270.178
197 -270.179
198 -270.184
199 -270.189
200 -270.191
201 -270.189
202 -270.194
203 -270.194
204 -270.193
205 -270.194
206 -270.198
207 -270.193
208 -270.197
209 -270.198
210 -270.197
211 -270.192
212 -270.192
213 -270.19
214 -270.185
215 -270.18
216 -270.183
217 -270.179
218 -270.181
219 -270.177
220 -270.186
221 -270.195
222 -270.201
223 -270.194
224 -270.194
225 -270.194
226 -270.196
227 -270.188
228 -270.187
229 -270.194
230 -270.188
231 -270.191
232 -270.192
233 -270.189
234 -270.186
235 -270.184
236 -270.183
237 -270.178
238 -270.175
239 -270.176
240 -270.176
241 -270.176
242 -270.172
243 -270.177
244 -270.18
245 -270.183
246 -270.178
247 -270.173
248 -270.175
249 -270.177
250 -270.175
251 -270.173
252 -270.171
253 -270.173
254 -270.182
255 -270.183
256 -270.18
257 -270.183
258 -270.187
259 -270.179
260 -270.17
261 -270.175
262 -270.171
263 -270.169
264 -270.169
265 -270.17
266 -270.169
267 -270.171
268 -270.171
269 -270.164
270 -270.159
271 -270.16
272 -270.161
273 -270.16
274 -270.163
275 -270.16
276 -270.158
277 -270.156
278 -270.166
279 -270.168
280 -270.172
281 -270.17
282 -270.173
283 -270.174
284 -270.177
285 -270.185
286 -270.185
287 -270.185
288 -270.184
289 -270.186
290 -270.188
291 -270.187
292 -270.19
293 -270.191
294 -270.194
295 -270.191
296 -270.183
297 -270.177
298 -270.18
299 -270.179
300 -270.179
301 -270.181
302 -270.184
303 -270.186
304 -270.188
305 -270.192
306 -270.193
307 -270.192
308 -270.187
309 -270.193
310 -270.191
311 -270.19
312 -270.19
313 -270.196
314 -270.192
315 -270.196
316 -270.198
317 -270.199
318 -270.195
319 -270.193
320 -270.196
321 -270.198
322 -270.202
323 -270.202
324 -270.195
325 -270.198
326 -270.198
327 -270.195
328 -270.182
329 -270.178
330 -270.184
331 -270.186
332 -270.188
333 -270.183
334 -270.186
335 -270.187
336 -270.184
337 -270.179
338 -270.173
339 -270.175
340 -270.178
341 -270.179
342 -270.183
343 -270.181
344 -270.182
345 -270.18
346 -270.175
347 -270.174
348 -270.173
349 -270.172
350 -270.17
351 -270.17
352 -270.172
353 -270.17
354 -270.171
355 -270.171
356 -270.175
357 -270.172
358 -270.17
359 -270.175
360 -270.173
361 -270.173
362 -270.17
363 -270.173
364 -270.176
365 -270.175
366 -270.175
367 -270.177
368 -270.176
369 -270.175
370 -270.173
371 -270.164
372 -270.166
373 -270.164
374 -270.157
375 -270.162
376 -270.166
377 -270.168
378 -270.169
379 -270.169
380 -270.169
381 -270.167
382 -270.171
383 -270.174
384 -270.175
385 -270.174
386 -270.171
387 -270.168
388 -270.157
389 -270.162
390 -270.166
391 -270.168
392 -270.163
393 -270.169
394 -270.167
395 -270.168
396 -270.165
397 -270.168
398 -270.165
399 -270.166
400 -270.164
401 -270.165
402 -270.164
403 -270.164
404 -270.167
405 -270.166
406 -270.167
407 -270.161
408 -270.163
409 -270.166
410 -270.167
411 -270.169
412 -270.164
413 -270.165
414 -270.17
415 -270.176
416 -270.173
417 -270.178
418 -270.179
419 -270.179
420 -270.18
421 -270.18
422 -270.181
423 -270.18
424 -270.181
425 -270.175
426 -270.172
427 -270.176
428 -270.188
429 -270.188
430 -270.193
431 -270.195
432 -270.192
433 -270.185
434 -270.183
435 -270.181
436 -270.179
437 -270.181
438 -270.178
439 -270.182
440 -270.178
441 -270.167
442 -270.17
443 -270.17
444 -270.176
445 -270.179
446 -270.179
447 -270.181
448 -270.184
449 -270.183
450 -270.182
451 -270.176
452 -270.182
453 -270.184
454 -270.186
455 -270.187
456 -270.193
457 -270.187
458 -270.192
459 -270.191
460 -270.189
461 -270.195
462 -270.193
463 -270.196
464 -270.185
465 -270.188
466 -270.192
467 -270.191
468 -270.192
469 -270.191
470 -270.187
471 -270.184
472 -270.179
473 -270.177
474 -270.178
475 -270.178
476 -270.174
477 -270.162
478 -270.166
479 -270.166
480 -270.172
481 -270.164
482 -270.157
483 -270.16
484 -270.164
485 -270.165
486 -270.165
487 -270.167
488 -270.169
489 -270.177
490 -270.176
491 -270.176
492 -270.173
493 -270.164
494 -270.167
495 -270.171
496 -270.169
497 -270.175
498 -270.166
499 -270.17
500 -270.171
501 -270.171
502 -270.171
503 -270.171
504 -270.166
505 -270.163
506 -270.162
507 -270.169
508 -270.169
509 -270.174
510 -270.18
511 -270.185
512 -270.183
513 -270.183
514 -270.181
515 -270.185
516 -270.18
517 -270.174
518 -270.175
519 -270.175
520 -270.178
521 -270.178
522 -270.181
523 -270.181
524 -270.184
525 -270.181
526 -270.18
527 -270.19
528 -270.187
529 -270.188
530 -270.187
531 -270.185
532 -270.188
533 -270.184
534 -270.187
535 -270.179
536 -270.178
537 -270.186
538 -270.186
539 -270.185
540 -270.186
541 -270.186
542 -270.188
543 -270.185
544 -270.187
545 -270.194
546 -270.194
547 -270.2
548 -270.204
549 -270.201
550 -270.202
551 -270.198
552 -270.196
553 -270.191
554 -270.191
555 -270.189
556 -270.186
557 -270.19
558 -270.189
559 -270.184
560 -270.183
561 -270.191
562 -270.192
563 -270.185
564 -270.185
565 -270.183
566 -270.186
567 -270.188
568 -270.19
569 -270.18
570 -270.185
571 -270.191
572 -270.189
573 -270.19
574 -270.187
575 -270.186
576 -270.187
577 -270.188
578 -270.182
579 -270.176
580 -270.175
581 -270.172
582 -270.165
583 -270.167
584 -270.165
585 -270.167
586 -270.164
587 -270.171
588 -270.177
589 -270.17
590 -270.167
591 -270.163
592 -270.167
593 -270.174
594 -270.177
595 -270.165
596 -270.162
597 -270.158
598 -270.172
599 -270.175
600 -270.181
601 -270.181
602 -270.18
603 -270.18
604 -270.182
605 -270.182
606 -270.187
607 -270.184
608 -270.182
609 -270.186
610 -270.183
611 -270.175
612 -270.171
613 -270.167
614 -270.159
615 -270.159
616 -270.156
617 -270.156
618 -270.166
619 -270.178
620 -270.182
621 -270.145
622 -270.144
623 -270.149
624 -270.156
625 -270.161
626 -270.159
627 -270.167
628 -270.17
629 -270.168
630 -270.166
631 -270.172
632 -270.168
633 -270.166
634 -270.161
635 -270.162
636 -270.161
637 -270.162
638 -270.163
639 -270.167
640 -270.17
641 -270.178
642 -270.173
643 -270.168
644 -270.171
645 -270.167
646 -270.168
647 -270.166
648 -270.168
649 -270.172
650 -270.175
651 -270.169
652 -270.168
653 -270.169
654 -270.178
655 -270.177
656 -270.176
657 -270.175
658 -270.179
659 -270.184
660 -270.181
661 -270.181
662 -270.187
663 -270.184
664 -270.183
665 -270.187
666 -270.187
667 -270.186
668 -270.189
669 -270.183
670 -270.184
671 -270.181
672 -270.18
673 -270.174
674 -270.178
675 -270.18
676 -270.18
677 -270.178
678 -270.185
679 -270.183
680 -270.189
681 -270.189
682 -270.198
683 -270.196
684 -270.191
685 -270.194
686 -270.193
687 -270.195
688 -270.192
689 -270.194
690 -270.189
691 -270.19
692 -270.191
693 -270.194
694 -270.196
695 -270.199
696 -270.193
697 -270.191
698 -270.186
699 -270.189
700 -270.187
701 -270.188
702 -270.191
703 -270.187
704 -270.187
705 -270.19
706 -270.188
707 -270.19
708 -270.187
709 -270.181
710 -270.18
711 -270.178
712 -270.179
713 -270.185
714 -270.187
715 -270.184
716 -270.184
717 -270.183
718 -270.176
719 -270.183
720 -270.183
721 -270.188
722 -270.184
723 -270.181
724 -270.17
725 -270.171
726 -270.175
727 -270.177
728 -270.171
729 -270.173
730 -270.167
731 -270.174
732 -270.176
733 -270.177
734 -270.175
735 -270.177
736 -270.184
737 -270.184
738 -270.186
739 -270.183
740 -270.188
741 -270.182
742 -270.176
743 -270.169
744 -270.172
745 -270.168
746 -270.165
747 -270.164
748 -270.165
749 -270.167
750 -270.168
751 -270.161
752 -270.165
753 -270.172
754 -270.175
755 -270.18
756 -270.179
757 -270.182
758 -270.185
759 -270.18
760 -270.18
761 -270.177
762 -270.182
763 -270.181
764 -270.182
765 -270.178
766 -270.174
767 -270.179
768 -270.173
769 -270.172
770 -270.172
771 -270.177
772 -270.177
773 -270.179
774 -270.183
775 -270.181
776 -270.181
777 -270.177
778 -270.175
779 -270.178
780 -270.188
781 -270.189
782 -270.193
783 -270.197
784 -270.193
785 -270.191
786 -270.187
787 -270.186
788 -270.186
789 -270.186
790 -270.191
791 -270.187
792 -270.182
793 -270.183
794 -270.185
795 -270.189
796 -270.19
797 -270.188
798 -270.182
799 -270.177
800 -270.183
801 -270.185
802 -270.192
803 -270.194
804 -270.189
805 -270.19
806 -270.186
807 -270.185
808 -270.186
809 -270.188
810 -270.186
811 -270.182
812 -270.18
813 -270.182
814 -270.185
815 -270.184
816 -270.194
817 -270.188
818 -270.192
819 -270.192
820 -270.182
821 -270.18
822 -270.184
823 -270.184
824 -270.185
825 -270.187
826 -270.191
827 -270.187
828 -270.187
829 -270.19
830 -270.188
831 -270.183
832 -270.179
833 -270.176
834 -270.179
835 -270.177
836 -270.176
837 -270.174
838 -270.177
839 -270.181
840 -270.18
841 -270.179
842 -270.182
843 -270.183
844 -270.175
845 -270.179
846 -270.18
847 -270.177
848 -270.184
849 -270.186
850 -270.182
851 -270.18
852 -270.176
853 -270.174
854 -270.18
855 -270.179
856 -270.179
857 -270.173
858 -270.171
859 -270.17
860 -270.169
861 -270.173
862 -270.169
863 -270.167
864 -270.169
865 -270.171
866 -270.171
867 -270.17
868 -270.176
869 -270.176
870 -270.178
871 -270.179
872 -270.177
873 -270.186
874 -270.185
875 -270.183
876 -270.185
877 -270.175
878 -270.174
879 -270.172
880 -270.172
881 -270.161
882 -270.166
883 -270.163
884 -270.168
885 -270.173
886 -270.176
887 -270.176
888 -270.175
889 -270.167
890 -270.17
891 -270.172
892 -270.17
893 -270.176
894 -270.175
895 -270.177
896 -270.174
897 -270.173
898 -270.18
899 -270.184
900 -270.187
901 -270.192
902 -270.197
903 -270.196
904 -270.2
905 -270.204
906 -270.198
907 -270.197
908 -270.2
909 -270.2
910 -270.199
911 -270.201
912 -270.2
913 -270.195
914 -270.201
915 -270.208
916 -270.205
917 -270.202
918 -270.199
919 -270.199
920 -270.2
921 -270.198
922 -270.197
923 -270.189
924 -270.194
925 -270.197
926 -270.2
927 -270.204
928 -270.204
929 -270.198
930 -270.204
931 -270.208
932 -270.198
933 -270.191
934 -270.188
935 -270.186
936 -270.189
937 -270.191
938 -270.199
939 -270.205
940 -270.2
941 -270.201
942 -270.194
943 -270.196
944 -270.192
945 -270.192
946 -270.193
947 -270.199
948 -270.191
949 -270.193
950 -270.194
951 -270.193
952 -270.192
953 -270.191
954 -270.188
955 -270.189
956 -270.181
957 -270.182
958 -270.168
959 -270.16
960 -270.172
961 -270.162
962 -270.165
963 -270.169
964 -270.175
965 -270.174
966 -270.174
967 -270.179
968 -270.178
969 -270.176
970 -270.171
971 -270.171
972 -270.171
973 -270.17
974 -270.166
975 -270.164
976 -270.165
977 -270.168
978 -270.174
979 -270.189
980 -270.178
981 -270.172
982 -270.177
983 -270.177
984 -270.176
985 -270.179
986 -270.175
987 -270.173
988 -270.175
989 -270.171
990 -270.17
991 -270.165
992 -270.166
993 -270.168
994 -270.165
995 -270.169
996 -270.166
997 -270.165
998 -270.164
999 -270.164
1000 -270.164
1001 -270.152
1002 -270.154
1003 -270.16
1004 -270.154
1005 -270.152
1006 -270.151
1007 -270.153
1008 -270.163
1009 -270.161
1010 -270.168
1011 -270.158
1012 -270.159
1013 -270.157
1014 -270.159
1015 -270.157
1016 -270.161
1017 -270.164
1018 -270.16
1019 -270.162
1020 -270.158
1021 -270.16
1022 -270.166
1023 -270.159
1024 -270.164
1025 -270.159
1026 -270.159
1027 -270.154
1028 -270.152
1029 -270.154
1030 -270.157
1031 -270.159
1032 -270.159
1033 -270.156
1034 -270.154
1035 -270.159
1036 -270.159
1037 -270.17
1038 -270.168
1039 -270.17
1040 -270.182
1041 -270.179
1042 -270.176
1043 -270.175
1044 -270.182
1045 -270.183
1046 -270.187
1047 -270.188
1048 -270.188
1049 -270.189
1050 -270.188
1051 -270.189
1052 -270.187
1053 -270.188
1054 -270.191
1055 -270.193
1056 -270.19
1057 -270.195
1058 -270.191
1059 -270.189
1060 -270.192
1061 -270.192
1062 -270.188
1063 -270.187
1064 -270.187
1065 -270.19
1066 -270.194
1067 -270.191
1068 -270.188
1069 -270.188
1070 -270.19
1071 -270.192
1072 -270.192
1073 -270.184
1074 -270.19
1075 -270.188
1076 -270.193
1077 -270.194
1078 -270.194
1079 -270.198
1080 -270.202
1081 -270.199
1082 -270.197
1083 -270.197
1084 -270.199
1085 -270.199
1086 -270.195
1087 -270.194
1088 -270.194
1089 -270.192
1090 -270.19
1091 -270.19
1092 -270.189
1093 -270.189
1094 -270.187
1095 -270.186
1096 -270.185
1097 -270.186
1098 -270.156
1099 -270.157
1100 -270.163
1101 -270.168
1102 -270.169
1103 -270.165
1104 -270.157
1105 -270.158
1106 -270.154
1107 -270.151
1108 -270.168
1109 -270.167
1110 -270.164
1111 -270.176
1112 -270.179
1113 -270.177
1114 -270.175
1115 -270.185
1116 -270.191
1117 -270.193
1118 -270.195
1119 -270.194
1120 -270.19
1121 -270.193
1122 -270.191
1123 -270.186
1124 -270.187
1125 -270.186
1126 -270.18
1127 -270.174
1128 -270.17
1129 -270.174
1130 -270.175
1131 -270.169
1132 -270.17
1133 -270.17
1134 -270.167
1135 -270.164
1136 -270.166
1137 -270.17
1138 -270.178
1139 -270.18
1140 -270.181
1141 -270.18
1142 -270.18
1143 -270.176
1144 -270.179
1145 -270.175
1146 -270.173
1147 -270.163
1148 -270.158
1149 -270.159
1150 -270.157
1151 -270.156
1152 -270.148
1153 -270.144
1154 -270.154
1155 -270.158
1156 -270.16
1157 -270.162
1158 -270.161
1159 -270.167
1160 -270.166
1161 -270.167
1162 -270.175
1163 -270.178
1164 -270.175
1165 -270.177
1166 -270.177
1167 -270.188
1168 -270.193
1169 -270.198
1170 -270.198
1171 -270.195
1172 -270.193
1173 -270.191
1174 -270.192
1175 -270.189
1176 -270.187
1177 -270.183
1178 -270.183
1179 -270.181
1180 -270.184
1181 -270.185
1182 -270.186
1183 -270.188
1184 -270.191
1185 -270.186
1186 -270.185
1187 -270.185
1188 -270.192
1189 -270.189
1190 -270.188
1191 -270.189
1192 -270.188
1193 -270.194
1194 -270.114
1195 -270.18
1196 -270.177
1197 -270.179
1198 -270.178
1199 -270.181
1200 -270.187
1201 -270.19
1202 -270.187
1203 -270.181
1204 -270.176
1205 -270.174
1206 -270.171
1207 -270.166
1208 -270.167
1209 -270.173
1210 -270.173
1211 -270.181
1212 -270.182
1213 -270.181
1214 -270.181
1215 -270.183
1216 -270.184
1217 -270.185
1218 -270.191
1219 -270.187
1220 -270.183
1221 -270.188
1222 -270.187
1223 -270.188
1224 -270.187
1225 -270.19
1226 -270.192
1227 -270.195
1228 -270.194
1229 -270.195
1230 -270.198
1231 -270.199
1232 -270.197
1233 -270.197
1234 -270.198
1235 -270.197
1236 -270.197
1237 -270.199
1238 -270.194
1239 -270.187
1240 -270.184
1241 -270.19
1242 -270.189
1243 -270.189
1244 -270.191
1245 -270.186
1246 -270.187
1247 -270.185
1248 -270.182
1249 -270.172
1250 -270.172
1251 -270.174
1252 -270.177
1253 -270.177
1254 -270.176
1255 -270.17
1256 -270.167
1257 -270.168
1258 -270.167
1259 -270.167
1260 -270.169
1261 -270.167
1262 -270.169
1263 -270.17
1264 -270.17
1265 -270.169
1266 -270.17
1267 -270.18
1268 -270.179
1269 -270.177
1270 -270.176
1271 -270.172
1272 -270.175
1273 -270.174
1274 -270.176
1275 -270.182
1276 -270.178
1277 -270.182
1278 -270.181
1279 -270.179
1280 -270.174
1281 -270.174
1282 -270.182
1283 -270.181
1284 -270.185
1285 -270.189
1286 -270.184
1287 -270.18
1288 -270.181
1289 -270.18
1290 -270.181
1291 -270.183
1292 -270.189
1293 -270.185
1294 -270.183
1295 -270.181
1296 -270.178
1297 -270.178
1298 -270.179
1299 -270.178
1300 -270.175
1301 -270.178
1302 -270.179
1303 -270.182
1304 -270.181
1305 -270.18
1306 -270.18
1307 -270.185
1308 -270.186
1309 -270.184
1310 -270.18
1311 -270.176
1312 -270.171
1313 -270.173
1314 -270.169
1315 -270.174
1316 -270.177
1317 -270.176
1318 -270.175
1319 -270.174
1320 -270.173
1321 -270.175
1322 -270.181
1323 -270.189
1324 -270.191
1325 -270.193
1326 -270.196
1327 -270.193
1328 -270.189
1329 -270.186
1330 -270.187
1331 -270.185
1332 -270.179
1333 -270.179
1334 -270.179
1335 -270.193
1336 -270.179
1337 -270.179
1338 -270.18
1339 -270.18
1340 -270.178
1341 -270.178
1342 -270.185
1343 -270.186
1344 -270.189
1345 -270.186
1346 -270.188
1347 -270.191
1348 -270.187
1349 -270.192
1350 -270.194
1351 -270.194
1352 -270.188
1353 -270.186
1354 -270.182
1355 -270.183
1356 -270.183
1357 -270.187
1358 -270.186
1359 -270.186
1360 -270.186
1361 -270.183
1362 -270.182
1363 -270.179
1364 -270.182
1365 -270.179
1366 -270.173
1367 -270.176
1368 -270.182
1369 -270.178
1370 -270.171
1371 -270.174
1372 -270.175
1373 -270.176
1374 -270.179
1375 -270.181
1376 -270.187
1377 -270.189
1378 -270.19
1379 -270.185
1380 -270.185
1381 -270.182
1382 -270.177
1383 -270.18
1384 -270.184
1385 -270.183
1386 -270.18
1387 -270.183
1388 -270.184
1389 -270.188
1390 -270.188
1391 -270.188
1392 -270.186
1393 -270.183
1394 -270.184
1395 -270.185
1396 -270.183
1397 -270.189
1398 -270.189
1399 -270.188
1400 -270.183
1401 -270.178
1402 -270.177
1403 -270.176
1404 -270.17
1405 -270.171
1406 -270.177
1407 -270.17
1408 -270.176
1409 -270.178
1410 -270.175
1411 -270.174
1412 -270.172
1413 -270.169
1414 -270.169
1415 -270.165
1416 -270.169
1417 -270.176
1418 -270.179
1419 -270.178
1420 -270.175
1421 -270.178
1422 -270.18
1423 -270.177
1424 -270.175
1425 -270.177
1426 -270.174
1427 -270.174
1428 -270.179
1429 -270.18
1430 -270.184
1431 -270.19
1432 -270.19
1433 -270.19
1434 -270.192
1435 -270.185
1436 -270.183
1437 -270.179
1438 -270.18
1439 -270.177
1440 -270.169
1441 -270.169
1442 -270.166
1443 -270.168
1444 -270.17
1445 -270.169
1446 -270.173
1447 -270.18
1448 -270.177
1449 -270.176
1450 -270.173
1451 -270.169
1452 -270.174
1453 -270.172
1454 -270.169
1455 -270.169
1456 -270.182
1457 -270.187
1458 -270.186
1459 -270.177
1460 -270.168
1461 -270.168
1462 -270.165
1463 -270.161
1464 -270.156
1465 -270.163
1466 -270.17
1467 -270.172
1468 -270.178
1469 -270.177
1470 -270.173
1471 -270.174
1472 -270.169
1473 -270.167
1474 -270.168
1475 -270.163
1476 -270.164
1477 -270.157
1478 -270.158
1479 -270.16
1480 -270.162
1481 -270.164
1482 -270.167
1483 -270.161
1484 -270.16
1485 -270.163
1486 -270.161
1487 -270.164
1488 -270.17
1489 -270.166
1490 -270.169
1491 -270.165
1492 -270.161
1493 -270.164
1494 -270.164
1495 -270.174
1496 -270.17
1497 -270.179
1498 -270.174
1499 -270.183
1500 -270.182
1501 -270.181
1502 -270.183
1503 -270.175
1504 -270.171
1505 -270.174
1506 -270.18
1507 -270.172
1508 -270.174
1509 -270.174
1510 -270.173
1511 -270.171
1512 -270.174
1513 -270.173
1514 -270.175
1515 -270.176
1516 -270.181
1517 -270.179
1518 -270.183
1519 -270.179
1520 -270.177
1521 -270.179
1522 -270.178
1523 -270.181
1524 -270.18
1525 -270.177
1526 -270.179
1527 -270.179
1528 -270.178
1529 -270.176
1530 -270.175
1531 -270.175
1532 -270.179
1533 -270.179
1534 -270.176
1535 -270.17
1536 -270.168
1537 -270.169
1538 -270.171
1539 -270.171
1540 -270.172
1541 -270.17
1542 -270.168
1543 -270.169
1544 -270.175
1545 -270.177
1546 -270.174
1547 -270.169
1548 -270.168
1549 -270.166
1550 -270.171
1551 -270.174
1552 -270.172
1553 -270.162
1554 -270.163
1555 -270.169
1556 -270.165
1557 -270.165
1558 -270.168
1559 -270.161
1560 -270.162
1561 -270.159
1562 -270.159
1563 -270.151
1564 -270.151
1565 -270.152
1566 -270.155
1567 -270.154
1568 -270.158
1569 -270.156
1570 -270.157
1571 -270.163
1572 -270.165
1573 -270.169
1574 -270.171
1575 -270.167
1576 -270.166
1577 -270.161
1578 -270.163
1579 -270.161
1580 -270.156
1581 -270.161
1582 -270.158
1583 -270.164
1584 -270.16
1585 -270.159
1586 -270.158
1587 -270.153
1588 -270.159
1589 -270.167
1590 -270.171
1591 -270.184
1592 -270.181
1593 -270.182
1594 -270.182
1595 -270.186
1596 -270.183
1597 -270.179
1598 -270.182
1599 -270.185
1600 -270.187
1601 -270.185
1602 -270.187
1603 -270.192
1604 -270.185
1605 -270.183
1606 -270.182
1607 -270.175
1608 -270.175
1609 -270.174
1610 -270.178
1611 -270.185
1612 -270.186
1613 -270.177
1614 -270.175
1615 -270.183
1616 -270.18
1617 -270.18
1618 -270.179
1619 -270.181
1620 -270.176
1621 -270.17
1622 -270.173
1623 -270.177
1624 -270.179
1625 -270.181
1626 -270.185
1627 -270.189
1628 -270.192
1629 -270.193
1630 -270.192
1631 -270.187
1632 -270.194
1633 -270.19
1634 -270.188
1635 -270.191
1636 -270.192
1637 -270.191
1638 -270.192
1639 -270.19
1640 -270.19
1641 -270.188
1642 -270.195
1643 -270.193
1644 -270.194
1645 -270.193
1646 -270.188
1647 -270.185
1648 -270.185
1649 -270.187
1650 -270.183
1651 -270.183
1652 -270.182
1653 -270.184
1654 -270.177
1655 -270.171
1656 -270.174
1657 -270.169
1658 -270.163
1659 -270.162
1660 -270.168
1661 -270.177
1662 -270.174
1663 -270.171
1664 -270.167
1665 -270.167
1666 -270.162
1667 -270.165
1668 -270.167
1669 -270.168
1670 -270.177
1671 -270.185
1672 -270.182
1673 -270.182
1674 -270.184
1675 -270.174
1676 -270.172
1677 -270.171
1678 -270.172
1679 -270.163
1680 -270.168
1681 -270.171
1682 -270.17
1683 -270.171
1684 -270.167
1685 -270.167
1686 -270.171
1687 -270.168
1688 -270.165
1689 -270.166
1690 -270.17
1691 -270.172
1692 -270.168
1693 -270.161
1694 -270.157
1695 -270.153
1696 -270.155
1697 -270.159
1698 -270.161
1699 -270.164
1700 -270.165
1701 -270.164
1702 -270.167
1703 -270.169
1704 -270.164
1705 -270.163
1706 -270.16
1707 -270.167
1708 -270.156
1709 -270.163
1710 -270.157
1711 -270.156
1712 -270.155
1713 -270.154
1714 -270.157
1715 -270.161
1716 -270.157
1717 -270.154
1718 -270.148
1719 -270.147
1720 -270.146
1721 -270.143
1722 -270.144
1723 -270.129
1724 -270.134
1725 -270.133
1726 -270.134
1727 -270.149
1728 -270.146
1729 -270.149
1730 -270.145
1731 -270.151
1732 -270.154
1733 -270.158
1734 -270.153
1735 -270.155
1736 -270.156
1737 -270.155
1738 -270.161
1739 -270.163
1740 -270.159
1741 -270.158
1742 -270.156
1743 -270.158
1744 -270.159
1745 -270.161
1746 -270.16
1747 -270.169
1748 -270.178
1749 -270.183
1750 -270.183
1751 -270.178
1752 -270.175
1753 -270.18
1754 -270.176
1755 -270.174
1756 -270.18
1757 -270.18
1758 -270.176
1759 -270.178
1760 -270.18
1761 -270.176
1762 -270.178
1763 -270.181
1764 -270.181
1765 -270.177
1766 -270.18
1767 -270.177
1768 -270.172
1769 -270.175
1770 -270.178
1771 -270.18
1772 -270.181
1773 -270.183
1774 -270.181
1775 -270.183
1776 -270.179
1777 -270.173
1778 -270.171
1779 -270.171
1780 -270.171
1781 -270.177
1782 -270.182
1783 -270.179
1784 -270.177
1785 -270.177
1786 -270.179
1787 -270.175
1788 -270.173
1789 -270.174
1790 -270.176
1791 -270.174
1792 -270.177
1793 -270.179
1794 -270.178
1795 -270.174
1796 -270.184
1797 -270.187
1798 -270.19
1799 -270.191
1800 -270.195
1801 -270.194
1802 -270.193
1803 -270.187
1804 -270.189
1805 -270.191
1806 -270.18
1807 -270.177
1808 -270.176
1809 -270.174
1810 -270.175
1811 -270.176
1812 -270.176
1813 -270.178
1814 -270.184
1815 -270.182
1816 -270.18
1817 -270.177
1818 -270.186
1819 -270.18
1820 -270.174
1821 -270.17
1822 -270.166
1823 -270.165
1824 -270.167
1825 -270.172
1826 -270.168
1827 -270.172
1828 -270.164
1829 -270.167
1830 -270.168
1831 -270.165
1832 -270.172
1833 -270.169
1834 -270.171
1835 -270.176
1836 -270.176
1837 -270.168
1838 -270.168
1839 -270.168
1840 -270.163
1841 -270.162
1842 -270.162
1843 -270.157
1844 -270.164
1845 -270.158
1846 -270.156
1847 -270.153
1848 -270.156
1849 -270.15
1850 -270.142
1851 -270.144
1852 -270.141
1853 -270.142
1854 -270.14
1855 -270.144
1856 -270.152
1857 -270.162
1858 -270.16
1859 -270.157
1860 -270.153
1861 -270.148
1862 -270.151
1863 -270.154
1864 -270.161
1865 -270.17
1866 -270.17
1867 -270.169
1868 -270.168
1869 -270.167
1870 -270.164
1871 -270.173
1872 -270.169
1873 -270.176
1874 -270.178
1875 -270.174
1876 -270.167
1877 -270.17
1878 -270.17
1879 -270.176
1880 -270.176
1881 -270.173
1882 -270.172
1883 -270.169
1884 -270.158
1885 -270.159
1886 -270.172
1887 -270.175
1888 -270.178
1889 -270.18
1890 -270.179
1891 -270.18
1892 -270.177
1893 -270.172
1894 -270.172
1895 -270.17
1896 -270.174
1897 -270.17
1898 -270.165
1899 -270.17
1900 -270.169
1901 -270.17
1902 -270.172
1903 -270.172
1904 -270.173
1905 -270.176
1906 -270.172
1907 -270.17
1908 -270.166
1909 -270.169
1910 -270.178
1911 -270.179
1912 -270.181
1913 -270.177
1914 -270.18
1915 -270.179
1916 -270.188
1917 -270.189
1918 -270.187
1919 -270.182
1920 -270.177
1921 -270.182
1922 -270.18
1923 -270.183
1924 -270.184
1925 -270.182
1926 -270.182
1927 -270.181
1928 -270.182
1929 -270.19
1930 -270.194
1931 -270.191
1932 -270.188
1933 -270.185
1934 -270.186
1935 -270.189
1936 -270.183
1937 -270.184
1938 -270.182
1939 -270.184
1940 -270.183
1941 -270.174
1942 -270.181
1943 -270.178
1944 -270.178
1945 -270.173
1946 -270.171
1947 -270.17
1948 -270.172
1949 -270.174
1950 -270.181
1951 -270.177
1952 -270.175
1953 -270.174
1954 -270.171
1955 -270.169
1956 -270.168
1957 -270.176
1958 -270.175
1959 -270.183
1960 -270.185
1961 -270.183
1962 -270.183
1963 -270.186
1964 -270.183
1965 -270.186
1966 -270.183
1967 -270.183
1968 -270.18
1969 -270.177
1970 -270.183
1971 -270.186
1972 -270.187
1973 -270.18
1974 -270.176
1975 -270.176
1976 -270.171
1977 -270.167
1978 -270.161
1979 -270.156
1980 -270.153
1981 -270.155
1982 -270.157
1983 -270.153
1984 -270.155
1985 -270.161
1986 -270.149
1987 -270.153
1988 -270.152
1989 -270.15
1990 -270.154
1991 -270.159
1992 -270.152
1993 -270.157
1994 -270.154
1995 -270.159
1996 -270.16
1997 -270.158
1998 -270.167
1999 -270.174
2000 -270.176
2001 -270.176
2002 -270.178
2003 -270.181
2004 -270.177
2005 -270.178
2006 -270.172
2007 -270.17
2008 -270.178
2009 -270.177
2010 -270.17
2011 -270.171
2012 -270.173
2013 -270.172
2014 -270.17
2015 -270.165
2016 -270.168
2017 -270.163
2018 -270.165
2019 -270.165
2020 -270.171
2021 -270.169
2022 -270.17
2023 -270.174
2024 -270.174
2025 -270.177
2026 -270.173
2027 -270.177
2028 -270.164
2029 -270.166
2030 -270.165
2031 -270.163
2032 -270.163
2033 -270.167
2034 -270.166
2035 -270.159
2036 -270.162
2037 -270.169
2038 -270.166
2039 -270.168
2040 -270.169
2041 -270.166
2042 -270.164
2043 -270.163
2044 -270.162
2045 -270.17
2046 -270.168
2047 -270.164
2048 -270.167
2049 -270.162
2050 -270.156
2051 -270.143
2052 -270.147
2053 -270.149
2054 -270.159
2055 -270.148
2056 -270.154
2057 -270.156
2058 -270.166
2059 -270.17
2060 -270.172
2061 -270.164
2062 -270.167
2063 -270.17
2064 -270.166
2065 -270.166
2066 -270.159
2067 -270.164
2068 -270.166
2069 -270.167
2070 -270.17
2071 -270.176
2072 -270.178
2073 -270.174
2074 -270.167
2075 -270.161
2076 -270.163
2077 -270.159
2078 -270.158
2079 -270.157
2080 -270.158
2081 -270.156
2082 -270.15
2083 -270.154
2084 -270.157
2085 -270.163
2086 -270.163
2087 -270.159
2088 -270.153
2089 -270.154
2090 -270.155
2091 -270.158
2092 -270.16
2093 -270.156
2094 -270.16
2095 -270.165
2096 -270.164
2097 -270.168
2098 -270.171
2099 -270.168
2100 -270.154
2101 -270.149
2102 -270.153
2103 -270.155
2104 -270.15
2105 -270.151
2106 -270.153
2107 -270.157
2108 -270.158
2109 -270.151
2110 -270.153
2111 -270.157
2112 -270.162
2113 -270.165
2114 -270.164
2115 -270.165
2116 -270.167
2117 -270.165
2118 -270.162
2119 -270.162
2120 -270.167
2121 -270.164
2122 -270.162
2123 -270.164
2124 -270.159
2125 -270.158
2126 -270.157
2127 -270.159
2128 -270.159
2129 -270.155
2130 -270.154
2131 -270.157
2132 -270.158
2133 -270.164
2134 -270.167
2135 -270.169
2136 -270.176
2137 -270.168
2138 -270.166
2139 -270.162
2140 -270.166
2141 -270.163
2142 -270.171
2143 -270.176
2144 -270.174
2145 -270.172
2146 -270.177
2147 -270.176
2148 -270.171
2149 -270.172
2150 -270.173
2151 -270.175
2152 -270.173
2153 -270.166
2154 -270.161
2155 -270.164
2156 -270.168
2157 -270.17
2158 -270.167
2159 -270.161
2160 -270.152
2161 -270.154
2162 -270.153
2163 -270.153
2164 -270.161
2165 -270.167
2166 -270.167
2167 -270.173
2168 -270.174
2169 -270.175
2170 -270.178
2171 -270.179
2172 -270.181
2173 -270.185
2174 -270.187
2175 -270.189
2176 -270.189
2177 -270.19
2178 -270.188
2179 -270.186
2180 -270.183
2181 -270.184
2182 -270.184
2183 -270.174
2184 -270.178
2185 -270.177
2186 -270.173
2187 -270.167
2188 -270.167
2189 -270.173
2190 -270.175
2191 -270.179
2192 -270.178
2193 -270.18
2194 -270.178
2195 -270.174
2196 -270.175
2197 -270.178
2198 -270.178
2199 -270.174
2200 -270.177
2201 -270.178
2202 -270.179
2203 -270.173
2204 -270.171
2205 -270.167
2206 -270.169
2207 -270.17
2208 -270.175
2209 -270.176
2210 -270.168
2211 -270.166
2212 -270.172
2213 -270.171
2214 -270.171
2215 -270.173
2216 -270.171
2217 -270.172
2218 -270.171
2219 -270.172
2220 -270.174
2221 -270.175
2222 -270.176
2223 -270.169
2224 -270.166
2225 -270.163
2226 -270.164
2227 -270.165
2228 -270.165
2229 -270.164
2230 -270.167
2231 -270.165
2232 -270.17
2233 -270.166
2234 -270.159
2235 -270.162
2236 -270.157
2237 -270.154
2238 -270.152
2239 -270.146
2240 -270.146
2241 -270.144
2242 -270.145
2243 -270.148
2244 -270.149
2245 -270.15
2246 -270.16
2247 -270.161
2248 -270.158
2249 -270.159
2250 -270.166
2251 -270.167
2252 -270.162
2253 -270.156
2254 -270.157
2255 -270.169
2256 -270.17
2257 -270.174
2258 -270.173
2259 -270.175
2260 -270.169
2261 -270.177
2262 -270.176
2263 -270.176
2264 -270.175
2265 -270.178
2266 -270.175
2267 -270.18
2268 -270.182
2269 -270.19
2270 -270.19
2271 -270.2
2272 -270.199
2273 -270.199
2274 -270.195
2275 -270.188
2276 -270.19
2277 -270.192
2278 -270.189
2279 -270.189
2280 -270.193
2281 -270.191
2282 -270.185
2283 -270.178
2284 -270.179
2285 -270.183
2286 -270.185
2287 -270.181
2288 -270.186
2289 -270.192
2290 -270.192
2291 -270.196
2292 -270.192
2293 -270.184
2294 -270.184
2295 -270.182
2296 -270.185
2297 -270.187
2298 -270.183
2299 -270.191
2300 -270.189
2301 -270.19
2302 -270.189
2303 -270.194
2304 -270.191
2305 -270.193
2306 -270.194
2307 -270.197
2308 -270.196
2309 -270.187
2310 -270.183
2311 -270.18
2312 -270.182
2313 -270.174
2314 -270.17
2315 -270.164
2316 -270.164
2317 -270.162
2318 -270.161
2319 -270.172
2320 -270.174
2321 -270.172
2322 -270.173
2323 -270.177
2324 -270.179
2325 -270.179
2326 -270.183
2327 -270.181
2328 -270.187
2329 -270.18
2330 -270.173
2331 -270.178
2332 -270.175
2333 -270.171
2334 -270.17
2335 -270.171
2336 -270.166
2337 -270.163
2338 -270.164
2339 -270.169
2340 -270.163
2341 -270.16
2342 -270.161
2343 -270.162
2344 -270.16
2345 -270.161
2346 -270.163
2347 -270.167
2348 -270.169
2349 -270.16
2350 -270.159
2351 -270.158
2352 -270.15
2353 -270.156
2354 -270.152
2355 -270.155
2356 -270.151
2357 -270.155
2358 -270.159
2359 -270.164
2360 -270.166
2361 -270.171
2362 -270.172
2363 -270.175
2364 -270.174
2365 -270.178
2366 -270.176
2367 -270.173
2368 -270.176
2369 -270.174
2370 -270.166
2371 -270.172
2372 -270.167
2373 -270.161
2374 -270.161
2375 -270.167
2376 -270.169
2377 -270.168
2378 -270.169
2379 -270.171
2380 -270.165
2381 -270.167
2382 -270.169
2383 -270.169
2384 -270.173
2385 -270.16
2386 -270.157
2387 -270.156
2388 -270.151
2389 -270.164
2390 -270.162
2391 -270.158
2392 -270.152
2393 -270.156
2394 -270.16
2395 -270.158
2396 -270.163
2397 -270.17
2398 -270.172
2399 -270.174
2400 -270.17
2401 -270.175
2402 -270.177
2403 -270.172
2404 -270.175
2405 -270.178
2406 -270.176
2407 -270.175
2408 -270.171
2409 -270.177
2410 -270.174
2411 -270.175
2412 -270.173
2413 -270.175
2414 -270.169
2415 -270.168
2416 -270.169
2417 -270.177
2418 -270.177
2419 -270.176
2420 -270.173
2421 -270.171
2422 -270.174
2423 -270.177
2424 -270.178
2425 -270.185
2426 -270.189
2427 -270.186
2428 -270.185
2429 -270.19
2430 -270.193
2431 -270.193
2432 -270.193
2433 -270.194
2434 -270.192
2435 -270.192
2436 -270.192
2437 -270.196
2438 -270.198
2439 -270.198
2440 -270.193
2441 -270.19
2442 -270.188
2443 -270.185
2444 -270.186
2445 -270.19
2446 -270.194
2447 -270.194
2448 -270.189
2449 -270.186
2450 -270.188
2451 -270.191
2452 -270.189
2453 -270.187
2454 -270.187
2455 -270.189
2456 -270.186
2457 -270.179
2458 -270.18
2459 -270.179
2460 -270.176
2461 -270.177
2462 -270.181
2463 -270.17
2464 -270.171
2465 -270.169
2466 -270.172
2467 -270.178
2468 -270.181
2469 -270.173
2470 -270.172
2471 -270.18
2472 -270.183
2473 -270.189
2474 -270.188
2475 -270.188
2476 -270.187
2477 -270.187
2478 -270.186
2479 -270.188
2480 -270.191
2481 -270.194
2482 -270.19
2483 -270.192
2484 -270.184
2485 -270.183
2486 -270.182
2487 -270.184
2488 -270.18
2489 -270.186
2490 -270.185
2491 -270.182
2492 -270.178
2493 -270.181
2494 -270.18
2495 -270.171
2496 -270.172
2497 -270.177
2498 -270.178
2499 -270.181
2500 -270.179
2501 -270.177
2502 -270.17
2503 -270.175
2504 -270.175
2505 -270.172
2506 -270.178
2507 -270.173
2508 -270.18
2509 -270.182
2510 -270.18
2511 -270.179
2512 -270.186
2513 -270.189
2514 -270.189
2515 -270.187
2516 -270.186
2517 -270.189
2518 -270.188
2519 -270.189
2520 -270.189
2521 -270.191
2522 -270.189
2523 -270.187
2524 -270.184
2525 -270.187
2526 -270.182
2527 -270.176
2528 -270.176
2529 -270.177
2530 -270.18
2531 -270.176
2532 -270.186
2533 -270.182
2534 -270.183
2535 -270.181
2536 -270.183
2537 -270.184
2538 -270.183
2539 -270.183
2540 -270.185
2541 -270.189
2542 -270.188
2543 -270.19
2544 -270.19
2545 -270.182
2546 -270.183
2547 -270.178
2548 -270.192
2549 -270.194
2550 -270.179
2551 -270.178
2552 -270.18
2553 -270.181
2554 -270.188
2555 -270.192
2556 -270.19
2557 -270.194
2558 -270.191
2559 -270.189
2560 -270.196
2561 -270.196
2562 -270.201
2563 -270.2
2564 -270.201
2565 -270.2
2566 -270.197
2567 -270.196
2568 -270.196
2569 -270.196
2570 -270.194
2571 -270.192
2572 -270.185
2573 -270.186
2574 -270.193
2575 -270.194
2576 -270.196
2577 -270.195
2578 -270.195
2579 -270.191
2580 -270.196
2581 -270.185
2582 -270.188
2583 -270.132
2584 -270.134
2585 -270.136
2586 -270.135
2587 -270.134
2588 -270.137
2589 -270.132
2590 -270.134
2591 -270.134
2592 -270.145
2593 -270.145
2594 -270.149
2595 -270.152
2596 -270.156
2597 -270.154
2598 -270.149
2599 -270.152
2600 -270.152
2601 -270.155
2602 -270.159
2603 -270.162
2604 -270.159
2605 -270.157
2606 -270.167
2607 -270.169
2608 -270.173
2609 -270.175
2610 -270.171
2611 -270.169
2612 -270.173
2613 -270.172
2614 -270.176
2615 -270.177
2616 -270.171
2617 -270.181
2618 -270.178
2619 -270.179
2620 -270.173
2621 -270.174
2622 -270.172
2623 -270.175
2624 -270.175
2625 -270.175
2626 -270.177
2627 -270.171
2628 -270.17
2629 -270.173
2630 -270.175
2631 -270.172
2632 -270.178
2633 -270.177
2634 -270.175
2635 -270.172
2636 -270.169
2637 -270.168
2638 -270.168
2639 -270.167
2640 -270.176
2641 -270.179
2642 -270.18
2643 -270.185
2644 -270.186
2645 -270.187
2646 -270.183
2647 -270.183
2648 -270.182
2649 -270.183
2650 -270.179
2651 -270.181
2652 -270.183
2653 -270.183
2654 -270.186
2655 -270.183
2656 -270.184
2657 -270.183
2658 -270.182
2659 -270.182
2660 -270.178
2661 -270.177
2662 -270.175
2663 -270.181
2664 -270.179
2665 -270.186
2666 -270.181
2667 -270.182
2668 -270.181
2669 -270.176
2670 -270.177
2671 -270.172
2672 -270.176
2673 -270.179
2674 -270.177
2675 -270.179
2676 -270.179
2677 -270.18
2678 -270.181
2679 -270.185
2680 -270.183
2681 -270.179
2682 -270.179
2683 -270.179
2684 -270.178
2685 -270.171
2686 -270.173
2687 -270.17
2688 -270.171
2689 -270.17
2690 -270.162
2691 -270.163
2692 -270.163
2693 -270.16
2694 -270.165
2695 -270.161
2696 -270.156
2697 -270.156
2698 -270.157
2699 -270.147
2700 -270.153
2701 -270.162
2702 -270.159
2703 -270.158
2704 -270.166
2705 -270.171
2706 -270.163
2707 -270.172
2708 -270.166
2709 -270.164
2710 -270.157
2711 -270.174
2712 -270.179
2713 -270.178
2714 -270.177
2715 -270.182
2716 -270.182
2717 -270.177
2718 -270.179
2719 -270.176
2720 -270.174
2721 -270.174
2722 -270.173
2723 -270.176
2724 -270.179
2725 -270.177
2726 -270.171
2727 -270.168
2728 -270.166
2729 -270.17
2730 -270.166
2731 -270.166
2732 -270.168
2733 -270.169
2734 -270.173
2735 -270.18
2736 -270.184
2737 -270.192
2738 -270.193
2739 -270.187
2740 -270.181
2741 -270.179
2742 -270.185
2743 -270.186
2744 -270.184
2745 -270.18
2746 -270.174
2747 -270.174
2748 -270.175
2749 -270.179
2750 -270.178
2751 -270.186
2752 -270.18
2753 -270.179
2754 -270.184
2755 -270.185
2756 -270.18
2757 -270.178
2758 -270.181
2759 -270.18
2760 -270.184
2761 -270.177
2762 -270.176
2763 -270.178
2764 -270.18
2765 -270.185
2766 -270.171
2767 -270.169
2768 -270.175
2769 -270.182
2770 -270.182
2771 -270.178
2772 -270.177
2773 -270.184
2774 -270.187
2775 -270.184
2776 -270.183
2777 -270.183
2778 -270.182
2779 -270.181
2780 -270.183
2781 -270.183
2782 -270.181
2783 -270.181
2784 -270.183
2785 -270.178
2786 -270.18
2787 -270.174
2788 -270.172
2789 -270.176
2790 -270.174
2791 -270.175
2792 -270.175
2793 -270.175
2794 -270.178
2795 -270.174
2796 -270.169
2797 -270.176
2798 -270.176
2799 -270.171
2800 -270.172
2801 -270.173
2802 -270.175
2803 -270.17
2804 -270.174
2805 -270.173
2806 -270.177
2807 -270.186
2808 -270.186
2809 -270.19
2810 -270.195
2811 -270.198
2812 -270.202
2813 -270.203
2814 -270.204
2815 -270.203
2816 -270.195
2817 -270.198
2818 -270.198
2819 -270.189
2820 -270.185
2821 -270.184
2822 -270.183
2823 -270.181
2824 -270.188
2825 -270.188
2826 -270.189
2827 -270.191
2828 -270.189
2829 -270.189
2830 -270.186
2831 -270.18
2832 -270.177
2833 -270.178
2834 -270.184
2835 -270.184
2836 -270.182
2837 -270.182
2838 -270.177
2839 -270.178
2840 -270.175
2841 -270.181
2842 -270.187
2843 -270.19
2844 -270.197
2845 -270.204
2846 -270.201
2847 -270.202
2848 -270.201
2849 -270.197
2850 -270.192
2851 -270.193
2852 -270.195
2853 -270.196
2854 -270.197
2855 -270.199
2856 -270.199
2857 -270.2
2858 -270.19
2859 -270.187
2860 -270.187
2861 -270.189
2862 -270.188
2863 -270.178
2864 -270.175
2865 -270.175
2866 -270.173
2867 -270.177
2868 -270.071
2869 -270.075
2870 -270.075
2871 -270.168
2872 -270.167
2873 -270.165
2874 -270.164
2875 -270.169
2876 -270.173
2877 -270.174
2878 -270.178
2879 -270.183
2880 -270.187
2881 -270.183
2882 -270.189
2883 -270.18
2884 -270.187
2885 -270.19
2886 -270.187
2887 -270.186
2888 -270.19
2889 -270.188
2890 -270.187
2891 -270.191
2892 -270.189
2893 -270.184
2894 -270.19
2895 -270.187
2896 -270.189
2897 -270.19
2898 -270.185
2899 -270.185
2900 -270.18
2901 -270.183
2902 -270.186
2903 -270.185
2904 -270.186
2905 -270.188
2906 -270.188
2907 -270.193
2908 -270.187
2909 -270.182
2910 -270.175
2911 -270.184
2912 -270.185
2913 -270.189
2914 -270.187
2915 -270.189
2916 -270.187
2917 -270.187
2918 -270.181
2919 -270.177
2920 -270.177
2921 -270.177
2922 -270.19
2923 -270.189
2924 -270.188
2925 -270.198
2926 -270.197
2927 -270.198
2928 -270.199
2929 -270.203
2930 -270.194
2931 -270.193
2932 -270.199
2933 -270.196
2934 -270.195
2935 -270.198
2936 -270.198
2937 -270.192
2938 -270.193
2939 -270.192
2940 -270.191
2941 -270.183
2942 -270.176
2943 -270.171
2944 -270.164
2945 -270.165
2946 -270.159
2947 -270.162
2948 -270.168
2949 -270.171
2950 -270.169
2951 -270.173
2952 -270.164
2953 -270.163
2954 -270.165
2955 -270.166
2956 -270.089
2957 -270.091
2958 -270.093
2959 -270.097
2960 -270.091
2961 -270.095
2962 -270.099
2963 -270.099
2964 -270.102
2965 -270.11
2966 -270.111
2967 -270.16
2968 -270.178
2969 -270.185
2970 -270.186
2971 -270.194
2972 -270.19
2973 -270.189
2974 -270.189
2975 -270.193
2976 -270.185
2977 -270.184
2978 -270.19
2979 -270.183
2980 -270.187
2981 -270.186
2982 -270.187
2983 -270.189
2984 -270.189
2985 -270.189
2986 -270.188
2987 -270.196
2988 -270.195
2989 -270.189
2990 -270.189
2991 -270.182
2992 -270.183
2993 -270.187
2994 -270.186
2995 -270.187
2996 -270.182
2997 -270.187
2998 -270.182
2999 -270.18
3000 -270.187
