1 0.15
2 0.14
3 0.176667
4 0.185
5 0.196
6 0.186667
7 0.184286
8 0.1825
9 0.174444
10 0.174
11 0.172727
12 0.1725
13 0.176154
14 0.181429
15 0.18
16 0.179375
17 0.181765
18 0.181111
19 0.183684
20 0.185
21 0.184762
22 0.189091
23 0.187826
24 0.187083
25 0.188
26 0.187308
27 0.187407
28 0.190714
29 0.19069
30 0.191667
31 0.19
32 0.19
33 0.191212
34 0.192059
35 0.192
36 0.194444
37 0.194865
38 0.195263
39 0.194615
40 0.1945
41 0.196341
42 0.19619
43 0.196512
44 0.196818
45 0.196667
46 0.197391
47 0.199362
48 0.201042
49 0.202449
50 0.203
51 0.203333
52 0.202692
53 0.202642
54 0.201481
55 0.200545
56 0.200357
57 0.201404
58 0.201724
59 0.202712
60 0.203
61 0.202951
62 0.204032
63 0.203492
64 0.204844
65 0.205231
66 0.204545
67 0.204179
68 0.204559
69 0.204928
70 0.204571
71 0.204366
72 0.205417
73 0.205616
74 0.206486
75 0.207067
76 0.206711
77 0.207532
78 0.207949
79 0.207848
80 0.208
81 0.209259
82 0.209756
83 0.210241
84 0.210238
85 0.209647
86 0.209186
87 0.208391
88 0.209432
89 0.21
90 0.211
91 0.210989
92 0.211304
93 0.212043
94 0.212234
95 0.211789
96 0.211979
97 0.212165
98 0.211327
99 0.211414
100 0.2113
101 0.211089
102 0.210588
103 0.21165
104 0.211923
105 0.212381
106 0.212453
107 0.213364
108 0.213426
109 0.213578
110 0.213455
111 0.213514
112 0.213304
113 0.213274
114 0.212807
115 0.21287
116 0.212672
117 0.212735
118 0.212458
119 0.212605
120 0.212417
121 0.212562
122 0.212213
123 0.212195
124 0.212903
125 0.2132
126 0.212857
127 0.212913
128 0.213594
129 0.213721
130 0.213231
131 0.213511
132 0.213712
133 0.213609
134 0.213731
135 0.213926
136 0.213971
137 0.21365
138 0.21413
139 0.214101
140 0.214143
141 0.214326
142 0.214507
143 0.214476
144 0.214514
145 0.214759
146 0.215068
147 0.215442
148 0.215743
149 0.21604
150 0.216533
151 0.21702
152 0.217105
153 0.216863
154 0.217532
155 0.217871
156 0.218269
157 0.218408
158 0.218734
159 0.218868
160 0.219188
161 0.219441
162 0.21963
163 0.219448
164 0.219634
165 0.219939
166 0.220723
167 0.220838
168 0.221429
169 0.22213
170 0.222471
171 0.222573
172 0.222267
173 0.223006
174 0.223851
175 0.224343
176 0.224375
177 0.22435
178 0.224719
179 0.225587
180 0.2255
181 0.225746
182 0.226264
183 0.226721
184 0.227228
185 0.22773
186 0.228118
187 0.228984
188 0.229521
189 0.230212
190 0.230737
191 0.231414
192 0.231563
193 0.232021
194 0.232371
195 0.232769
196 0.233112
197 0.233452
198 0.234242
199 0.234573
200 0.23475
201 0.234975
202 0.235693
203 0.236108
204 0.236667
205 0.237415
206 0.237621
207 0.238261
208 0.238846
209 0.239426
210 0.239905
211 0.240095
212 0.240519
213 0.240892
214 0.241402
215 0.241628
216 0.242222
217 0.242765
218 0.243257
219 0.243516
220 0.244136
221 0.244163
222 0.24473
223 0.245202
224 0.245536
225 0.245911
226 0.246106
227 0.246256
228 0.246798
229 0.2469
230 0.247652
231 0.248009
232 0.248362
233 0.24867
234 0.249188
235 0.249617
236 0.249915
237 0.250717
238 0.251134
239 0.251339
240 0.251542
241 0.252158
242 0.252438
243 0.253169
244 0.253525
245 0.253714
246 0.253984
247 0.254413
248 0.254798
249 0.255221
250 0.25568
251 0.255896
252 0.25627
253 0.256324
254 0.256614
255 0.256549
256 0.256719
257 0.25716
258 0.257442
259 0.257761
260 0.257846
261 0.258276
262 0.25874
263 0.258897
264 0.259318
265 0.25966
266 0.259737
267 0.259888
268 0.259851
269 0.260037
270 0.260519
271 0.260923
272 0.261213
273 0.261209
274 0.261606
275 0.261491
276 0.261377
277 0.261769
278 0.261978
279 0.262294
280 0.262393
281 0.262527
282 0.262872
283 0.26311
284 0.263451
285 0.263719
286 0.263986
287 0.263868
288 0.264167
289 0.264256
290 0.264448
291 0.264708
292 0.264966
293 0.265222
294 0.265374
295 0.265119
296 0.265439
297 0.265623
298 0.265973
299 0.266154
300 0.2665
301 0.266744
302 0.266854
303 0.266931
304 0.266711
305 0.266754
306 0.266601
307 0.266515
308 0.266623
309 0.266408
310 0.266355
311 0.266174
312 0.265994
313 0.26607
314 0.265987
315 0.266032
316 0.266044
317 0.266025
318 0.265881
319 0.265862
320 0.266
321 0.266355
322 0.266491
323 0.266687
324 0.266728
325 0.266862
326 0.266748
327 0.266758
328 0.267195
329 0.267416
330 0.267455
331 0.267674
332 0.267801
333 0.267748
334 0.267874
335 0.26791
336 0.268036
337 0.267982
338 0.268195
339 0.268348
340 0.268618
341 0.26868
342 0.268655
343 0.268571
344 0.268779
345 0.268812
346 0.268699
347 0.269049
348 0.269253
349 0.269341
350 0.269343
351 0.269316
352 0.269403
353 0.269603
354 0.269746
355 0.269859
356 0.26986
357 0.270084
358 0.270112
359 0.270167
360 0.270389
361 0.27036
362 0.270525
363 0.270689
364 0.270907
365 0.271014
366 0.271202
367 0.271417
368 0.271603
369 0.271572
370 0.27173
371 0.271887
372 0.271747
373 0.271662
374 0.271738
375 0.27192
376 0.272128
377 0.272255
378 0.272222
379 0.272348
380 0.272421
381 0.272493
382 0.272644
383 0.272507
384 0.2725
385 0.272312
386 0.27215
387 0.272171
388 0.272062
389 0.272185
390 0.272179
391 0.272353
392 0.272474
393 0.272443
394 0.272538
395 0.272532
396 0.272652
397 0.272771
398 0.272864
399 0.272932
400 0.272975
401 0.273142
402 0.273209
403 0.273325
404 0.273416
405 0.273481
406 0.273522
407 0.273686
408 0.273676
409 0.273888
410 0.273805
411 0.273869
412 0.273811
413 0.273874
414 0.273841
415 0.273783
416 0.273678
417 0.273885
418 0.273971
419 0.27401
420 0.274214
421 0.274371
422 0.274289
423 0.274255
424 0.274269
425 0.274306
426 0.274343
427 0.274333
428 0.274509
429 0.274336
430 0.274442
431 0.274362
432 0.274375
433 0.27448
434 0.2747
435 0.27492
436 0.274839
437 0.274828
438 0.274932
439 0.274966
440 0.275
441 0.274943
442 0.274955
443 0.274944
444 0.275023
445 0.275191
446 0.275157
447 0.27519
448 0.275134
449 0.275033
450 0.275044
451 0.275055
452 0.275155
453 0.275276
454 0.275441
455 0.275341
456 0.275417
457 0.275492
458 0.275393
459 0.275381
460 0.275413
461 0.275531
462 0.275476
463 0.275443
464 0.275323
465 0.275398
466 0.275279
467 0.275203
468 0.27515
469 0.275139
470 0.275277
471 0.275265
472 0.275233
473 0.275307
474 0.275316
475 0.275368
476 0.275336
477 0.275304
478 0.275335
479 0.275365
480 0.275417
481 0.275551
482 0.275498
483 0.275466
484 0.275496
485 0.275443
486 0.275494
487 0.275606
488 0.275553
489 0.275399
490 0.275592
491 0.27558
492 0.275528
493 0.27568
494 0.27585
495 0.275697
496 0.275706
497 0.275915
498 0.275823
499 0.275872
500 0.27574
501 0.275868
502 0.275916
503 0.275944
504 0.275873
505 0.275901
506 0.276008
507 0.275937
508 0.275965
509 0.276051
510 0.276039
511 0.27589
512 0.275879
513 0.275809
514 0.275875
515 0.275942
516 0.27593
517 0.275919
518 0.275946
519 0.275857
520 0.275923
521 0.275912
522 0.275881
523 0.275946
524 0.276011
525 0.275829
526 0.275837
527 0.27611
528 0.276155
529 0.276106
530 0.276019
531 0.275913
532 0.275883
533 0.276079
534 0.27603
535 0.276206
536 0.276101
537 0.276182
538 0.276022
539 0.27603
540 0.275981
541 0.276007
542 0.276015
543 0.275985
544 0.275956
545 0.275908
546 0.275897
547 0.275777
548 0.275712
549 0.275829
550 0.275873
551 0.275898
552 0.275815
553 0.275859
554 0.275758
555 0.27573
556 0.275701
557 0.275799
558 0.275753
559 0.275778
560 0.275768
561 0.275882
562 0.275961
563 0.275897
564 0.275904
565 0.275912
566 0.275813
567 0.275944
568 0.275986
569 0.27594
570 0.276158
571 0.276305
572 0.276329
573 0.276335
574 0.276481
575 0.276452
576 0.276424
577 0.276412
578 0.276436
579 0.276546
580 0.2765
581 0.276558
582 0.276564
583 0.276484
584 0.276644
585 0.276564
586 0.276485
587 0.276371
588 0.276293
589 0.276265
590 0.276203
591 0.276311
592 0.276166
593 0.276054
594 0.276145
595 0.276017
596 0.27594
597 0.275829
598 0.275886
599 0.275826
600 0.275667
601 0.275707
602 0.275781
603 0.275738
604 0.275679
605 0.275554
606 0.275462
607 0.275437
608 0.275576
609 0.275583
610 0.27559
611 0.275565
612 0.275686
613 0.275677
614 0.275668
615 0.275561
616 0.275519
617 0.275543
618 0.275647
619 0.27567
620 0.275629
621 0.275797
622 0.275723
623 0.275746
624 0.275753
625 0.275712
626 0.275655
627 0.275694
628 0.275653
629 0.27566
630 0.275508
631 0.275404
632 0.275538
633 0.275577
634 0.275631
635 0.275654
636 0.275645
637 0.275526
638 0.275486
639 0.275509
640 0.275594
641 0.275538
642 0.275389
643 0.275334
644 0.275248
645 0.27524
646 0.275201
647 0.275147
648 0.275015
649 0.274931
650 0.274938
651 0.274885
652 0.274893
653 0.275023
654 0.275076
655 0.275069
656 0.275122
657 0.275099
658 0.275152
659 0.275068
660 0.275
661 0.275008
662 0.274985
663 0.275008
664 0.275
665 0.275038
666 0.27512
667 0.275112
668 0.27503
669 0.275067
670 0.27509
671 0.275142
672 0.27506
673 0.275052
674 0.275089
675 0.275067
676 0.275044
677 0.274934
678 0.274912
679 0.274757
680 0.274765
681 0.274787
682 0.274795
683 0.274846
684 0.274898
685 0.274788
686 0.274679
687 0.274687
688 0.27468
689 0.27463
690 0.27471
691 0.274761
692 0.274812
693 0.274935
694 0.274971
695 0.275022
696 0.275043
697 0.27505
698 0.275
699 0.275079
700 0.2752
701 0.275292
702 0.275285
703 0.275306
704 0.275412
705 0.275433
706 0.275524
707 0.27553
708 0.275579
709 0.275599
710 0.275718
711 0.275724
712 0.275716
713 0.275694
714 0.27563
715 0.275664
716 0.275559
717 0.275495
718 0.275501
719 0.275466
720 0.275417
721 0.275409
722 0.275374
723 0.27538
724 0.275373
725 0.275503
726 0.275482
727 0.275502
728 0.275549
729 0.275556
730 0.275493
731 0.275431
732 0.275505
733 0.275566
734 0.275572
735 0.275537
736 0.27553
737 0.275536
738 0.275569
739 0.275589
740 0.275649
741 0.275641
742 0.27558
743 0.275572
744 0.275591
745 0.275557
746 0.275563
747 0.275542
748 0.275602
749 0.275527
750 0.27544
751 0.275486
752 0.275572
753 0.275551
754 0.275504
755 0.275457
756 0.27541
757 0.275403
758 0.27533
759 0.27531
760 0.275342
761 0.27544
762 0.275459
763 0.275426
764 0.275537
765 0.275451
766 0.275496
767 0.275554
768 0.275521
769 0.275527
770 0.275558
771 0.275629
772 0.275803
773 0.275796
774 0.275904
775 0.275961
776 0.276031
777 0.276049
778 0.276118
779 0.276123
780 0.27609
781 0.276069
782 0.27601
783 0.276079
784 0.276046
785 0.276076
786 0.276056
787 0.27615
788 0.276155
789 0.276122
790 0.276038
791 0.276094
792 0.276035
793 0.276053
794 0.276121
795 0.276113
796 0.276068
797 0.276048
798 0.27609
799 0.276058
800 0.276137
801 0.276105
802 0.276085
803 0.27604
804 0.276119
805 0.276261
806 0.276303
807 0.276295
808 0.276262
809 0.276292
810 0.27637
811 0.276375
812 0.27633
813 0.276347
814 0.276351
815 0.276405
816 0.276434
817 0.276487
818 0.276406
819 0.276422
820 0.276463
821 0.276443
822 0.27646
823 0.276452
824 0.276456
825 0.276485
826 0.276513
827 0.276457
828 0.276389
829 0.276309
830 0.276361
831 0.276354
832 0.276358
833 0.276363
834 0.276451
835 0.276515
836 0.276579
837 0.276583
838 0.276575
839 0.276603
840 0.276595
841 0.276611
842 0.276746
843 0.276726
844 0.276765
845 0.276757
846 0.276761
847 0.276824
848 0.276816
849 0.276879
850 0.276824
851 0.276757
852 0.276749
853 0.276788
854 0.276827
855 0.276901
856 0.276893
857 0.276931
858 0.276923
859 0.276938
860 0.277
861 0.277096
862 0.277077
863 0.277045
864 0.277049
865 0.277098
866 0.277102
867 0.277013
868 0.277028
869 0.277054
870 0.277046
871 0.277038
872 0.276995
873 0.27701
874 0.277082
875 0.277166
876 0.277215
877 0.277252
878 0.277267
879 0.277315
880 0.277307
881 0.277378
882 0.277404
883 0.277463
884 0.277387
885 0.277379
886 0.277427
887 0.277463
888 0.277399
889 0.277435
890 0.277416
891 0.277464
892 0.277522
893 0.27757
894 0.277539
895 0.277575
896 0.277489
897 0.277425
898 0.277439
899 0.27743
900 0.277489
901 0.277603
902 0.277661
903 0.277674
904 0.277644
905 0.277646
906 0.277671
907 0.277729
908 0.277665
909 0.277547
910 0.277516
911 0.277585
912 0.27761
913 0.277645
914 0.277571
915 0.277607
916 0.27762
917 0.277677
918 0.277712
919 0.277682
920 0.277685
921 0.277709
922 0.277711
923 0.27779
924 0.277727
925 0.27773
926 0.277711
927 0.277767
928 0.27778
929 0.277729
930 0.27772
931 0.277712
932 0.277736
933 0.277685
934 0.277677
935 0.277679
936 0.277671
937 0.277663
938 0.277644
939 0.277625
940 0.277606
941 0.277566
942 0.277654
943 0.277699
944 0.277712
945 0.277778
946 0.277875
947 0.277867
948 0.277932
949 0.277966
950 0.278042
951 0.278086
952 0.278057
953 0.278069
954 0.278155
955 0.278115
956 0.278138
957 0.278192
958 0.278142
959 0.278186
960 0.278219
961 0.278262
962 0.278243
963 0.278245
964 0.278247
965 0.278301
966 0.278313
967 0.278273
968 0.278233
969 0.278287
970 0.278216
971 0.278187
972 0.27822
973 0.278212
974 0.278203
975 0.278226
976 0.278268
977 0.27826
978 0.278292
979 0.278264
980 0.278255
981 0.278318
982 0.278299
983 0.278301
984 0.278242
985 0.278365
986 0.278377
987 0.278359
988 0.27837
989 0.278392
990 0.278354
991 0.278396
992 0.278337
993 0.278409
994 0.27836
995 0.278452
996 0.278444
997 0.278485
998 0.278487
999 0.278539
1000 0.27858
1001 0.278561
1002 0.278553
1003 0.278584
1004 0.278586
1005 0.278667
1006 0.278638
1007 0.278649
1008 0.278641
1009 0.278662
1010 0.278683
1011 0.278704
1012 0.278666
1013 0.278687
1014 0.278619
1015 0.27865
1016 0.278681
1017 0.278682
1018 0.278684
1019 0.278646
1020 0.278676
1021 0.278707
1022 0.278738
1023 0.278778
1024 0.278877
1025 0.278888
1026 0.278899
1027 0.278929
1028 0.279008
1029 0.279038
1030 0.279117
1031 0.279108
1032 0.279147
1033 0.27909
1034 0.279159
1035 0.27913
1036 0.279266
1037 0.279286
1038 0.279306
1039 0.279384
1040 0.279462
1041 0.279433
1042 0.279463
1043 0.279434
1044 0.279464
1045 0.279445
1046 0.279417
1047 0.279417
1048 0.279427
1049 0.279504
1050 0.279476
1051 0.279448
1052 0.279487
1053 0.27943
1054 0.279431
1055 0.279507
1056 0.27947
1057 0.279489
1058 0.27948
1059 0.279509
1060 0.279491
1061 0.279434
1062 0.279426
1063 0.279417
1064 0.279352
1065 0.279418
1066 0.279409
1067 0.2794
1068 0.279391
1069 0.279486
1070 0.279439
1071 0.279421
1072 0.279478
1073 0.279366
1074 0.279358
1075 0.279358
1076 0.279322
1077 0.279266
1078 0.279239
1079 0.279194
1080 0.279148
1081 0.279047
1082 0.279113
1083 0.279095
1084 0.279077
1085 0.279115
1086 0.279134
1087 0.279181
1088 0.279191
1089 0.279192
1090 0.279138
1091 0.279166
1092 0.279121
1093 0.279158
1094 0.279177
1095 0.279215
1096 0.279224
1097 0.279234
1098 0.27929
1099 0.279336
1100 0.279291
1101 0.27931
1102 0.279319
1103 0.279356
1104 0.279348
1105 0.27933
1106 0.279259
1107 0.279205
1108 0.279152
1109 0.279134
1110 0.279108
1111 0.279136
1112 0.279119
1113 0.279093
1114 0.279147
1115 0.279274
1116 0.27931
1117 0.279346
1118 0.279329
1119 0.279303
1120 0.279286
1121 0.279322
1122 0.279296
1123 0.279297
1124 0.279333
1125 0.279351
1126 0.279423
1127 0.279459
1128 0.279512
1129 0.279575
1130 0.279611
1131 0.279602
1132 0.27962
1133 0.27962
1134 0.279665
1135 0.2797
1136 0.27971
1137 0.279683
1138 0.279622
1139 0.279701
1140 0.279675
1141 0.27972
1142 0.279807
1143 0.279781
1144 0.279808
1145 0.279782
1146 0.279878
1147 0.279887
1148 0.279895
1149 0.279896
1150 0.279965
1151 0.279948
1152 0.279939
1153 0.279887
1154 0.27987
1155 0.279939
1156 0.279965
1157 0.279965
1158 0.279931
1159 0.279974
1160 0.280043
1161 0.280043
1162 0.28
1163 0.279983
1164 0.280017
1165 0.280026
1166 0.280043
1167 0.280034
1168 0.28006
1169 0.280086
1170 0.280111
1171 0.280094
1172 0.280009
1173 0.280077
1174 0.28006
1175 0.280119
1176 0.28017
1177 0.280178
1178 0.280068
1179 0.280025
1180 0.28
1181 0.280008
1182 0.28
1183 0.28
1184 0.279983
1185 0.279924
1186 0.279899
1187 0.279848
1188 0.279857
1189 0.279941
1190 0.279958
1191 0.280008
1192 0.28005
1193 0.280075
1194 0.280101
1195 0.280109
1196 0.280159
1197 0.280192
1198 0.280159
1199 0.280142
1200 0.280133
1201 0.280175
1202 0.280216
1203 0.280224
1204 0.280199
1205 0.280232
1206 0.280174
1207 0.280199
1208 0.280174
1209 0.280223
1210 0.280223
1211 0.28019
1212 0.28019
1213 0.280206
1214 0.280181
1215 0.280165
1216 0.280148
1217 0.280148
1218 0.280181
1219 0.280164
1220 0.280148
1221 0.280229
1222 0.280262
1223 0.280319
1224 0.280294
1225 0.280253
1226 0.280261
1227 0.280253
1228 0.280261
1229 0.280285
1230 0.280268
1231 0.280276
1232 0.280203
1233 0.2803
1234 0.280316
1235 0.280324
1236 0.280307
1237 0.28038
1238 0.280299
1239 0.280299
1240 0.280282
1241 0.280266
1242 0.280217
1243 0.280241
1244 0.280249
1245 0.280353
1246 0.280313
1247 0.280305
1248 0.280321
1249 0.280352
1250 0.280352
1251 0.280392
1252 0.280367
1253 0.280359
1254 0.280383
1255 0.280382
1256 0.280422
1257 0.280453
1258 0.280461
1259 0.280492
1260 0.280556
1261 0.280595
1262 0.280634
1263 0.28061
1264 0.280585
1265 0.28064
1266 0.280727
1267 0.280766
1268 0.280797
1269 0.280827
1270 0.280827
1271 0.280818
1272 0.280857
1273 0.28088
1274 0.280942
1275 0.280973
1276 0.28094
1277 0.28094
1278 0.280931
1279 0.28093
1280 0.280969
1281 0.281023
1282 0.281014
1283 0.281029
1284 0.281075
1285 0.281089
1286 0.281081
1287 0.281072
1288 0.281064
1289 0.281086
1290 0.281101
1291 0.281139
1292 0.281176
1293 0.281137
1294 0.281151
1295 0.281143
1296 0.281119
1297 0.281118
1298 0.281079
1299 0.281039
1300 0.280992
1301 0.280968
1302 0.281014
1303 0.281051
1304 0.281143
1305 0.281226
1306 0.281286
1307 0.281316
1308 0.281307
1309 0.281322
1310 0.281351
1311 0.281335
1312 0.281326
1313 0.281295
1314 0.281294
1315 0.28127
1316 0.281337
1317 0.28139
1318 0.281419
1319 0.28144
1320 0.281394
1321 0.281431
1322 0.281384
1323 0.281413
1324 0.281412
1325 0.281487
1326 0.281538
1327 0.28156
1328 0.281559
1329 0.28158
1330 0.281594
1331 0.2816
1332 0.281614
1333 0.281613
1334 0.281642
1335 0.281693
1336 0.281714
1337 0.281728
1338 0.281764
1339 0.28171
1340 0.281709
1341 0.281715
1342 0.281654
1343 0.281683
1344 0.281682
1345 0.28168
1346 0.281664
1347 0.281715
1348 0.281677
1349 0.281653
1350 0.281689
1351 0.281739
1352 0.281753
1353 0.281752
1354 0.28175
1355 0.281815
1356 0.281792
1357 0.281805
1358 0.281856
1359 0.281891
1360 0.281875
1361 0.28183
1362 0.281814
1363 0.281849
1364 0.28187
1365 0.281912
1366 0.281947
1367 0.281917
1368 0.281996
1369 0.281972
1370 0.281993
1371 0.282028
1372 0.282063
1373 0.282083
1374 0.282147
1375 0.282138
1376 0.282202
1377 0.282237
1378 0.282242
1379 0.282255
1380 0.282312
1381 0.282324
1382 0.282359
1383 0.282415
1384 0.282449
1385 0.282426
1386 0.282453
1387 0.282422
1388 0.282385
1389 0.282412
1390 0.282424
1391 0.282401
1392 0.282407
1393 0.282434
1394 0.282439
1395 0.282387
1396 0.282371
1397 0.282369
1398 0.282375
1399 0.282409
1400 0.282393
1401 0.282434
1402 0.282496
1403 0.282495
1404 0.282493
1405 0.282569
1406 0.282617
1407 0.28258
1408 0.282578
1409 0.282605
1410 0.282617
1411 0.28258
1412 0.282578
1413 0.282597
1414 0.282581
1415 0.282608
1416 0.282521
1417 0.282491
1418 0.282496
1419 0.282509
1420 0.282542
1421 0.282583
1422 0.282609
1423 0.28267
1424 0.28276
1425 0.282849
1426 0.282826
1427 0.282887
1428 0.282892
1429 0.282918
1430 0.28293
1431 0.282949
1432 0.283024
1433 0.283064
1434 0.283075
1435 0.283059
1436 0.28305
1437 0.28309
1438 0.283122
1439 0.283141
1440 0.283167
1441 0.283144
1442 0.283107
1443 0.283119
1444 0.283165
1445 0.283218
1446 0.283195
1447 0.2832
1448 0.28317
1449 0.283209
1450 0.283221
1451 0.283274
1452 0.283244
1453 0.283262
1454 0.283322
1455 0.283292
1456 0.283338
1457 0.283329
1458 0.283333
1459 0.283358
1460 0.283411
1461 0.28345
1462 0.283454
1463 0.283493
1464 0.28347
1465 0.283447
1466 0.283513
1467 0.283613
1468 0.283685
1469 0.283737
1470 0.283762
1471 0.283807
1472 0.283832
1473 0.283897
1474 0.283948
1475 0.28398
1476 0.283997
1477 0.284001
1478 0.284019
1479 0.28405
1480 0.284095
1481 0.284092
1482 0.28413
1483 0.284113
1484 0.284104
1485 0.284108
1486 0.284071
1487 0.284095
1488 0.28418
1489 0.284184
1490 0.284215
1491 0.284212
1492 0.284256
1493 0.284233
1494 0.284217
1495 0.284247
1496 0.284245
1497 0.284302
1498 0.284312
1499 0.284323
1500 0.284313
1501 0.28433
1502 0.284348
1503 0.284345
1504 0.284368
1505 0.284365
1506 0.284396
1507 0.284393
1508 0.284383
1509 0.284387
1510 0.284437
1511 0.284454
1512 0.284451
1513 0.284435
1514 0.284439
1515 0.284475
1516 0.284472
1517 0.284469
1518 0.284499
1519 0.284503
1520 0.28452
1521 0.284536
1522 0.284547
1523 0.284563
1524 0.284534
1525 0.284485
1526 0.284561
1527 0.284558
1528 0.284555
1529 0.284585
1530 0.284627
1531 0.284624
1532 0.284667
1533 0.284631
1534 0.284694
1535 0.284664
1536 0.28472
1537 0.284697
1538 0.284733
1539 0.284724
1540 0.284714
1541 0.284763
1542 0.284773
1543 0.284828
1544 0.284883
1545 0.284945
1546 0.284961
1547 0.285036
1548 0.285026
1549 0.285061
1550 0.285097
1551 0.285093
1552 0.285129
1553 0.285138
1554 0.285116
1555 0.285183
1556 0.28518
1557 0.285254
1558 0.285257
1559 0.28526
1560 0.285224
1561 0.285266
1562 0.285339
1563 0.285336
1564 0.285358
1565 0.285431
1566 0.285428
1567 0.285418
1568 0.285485
1569 0.285475
1570 0.285484
1571 0.285474
1572 0.285483
1573 0.285499
1574 0.285515
1575 0.285543
1576 0.285565
1577 0.285593
1578 0.285596
1579 0.285592
1580 0.285608
1581 0.285655
1582 0.285638
1583 0.28561
1584 0.285625
1585 0.28564
1586 0.285624
1587 0.285652
1588 0.285623
1589 0.285695
1590 0.285717
1591 0.285682
1592 0.285653
1593 0.285706
1594 0.285778
1595 0.285868
1596 0.285915
1597 0.285955
1598 0.285901
1599 0.285904
1600 0.2859
1601 0.285909
1602 0.285911
1603 0.285901
1604 0.285941
1605 0.28595
1606 0.285953
1607 0.285955
1608 0.285989
1609 0.286066
1610 0.286062
1611 0.28612
1612 0.286117
1613 0.286088
1614 0.286121
1615 0.286111
1616 0.286139
1617 0.286178
1618 0.286199
1619 0.286232
1620 0.286235
1621 0.286255
1622 0.286258
1623 0.286278
1624 0.286293
1625 0.286283
1626 0.286279
1627 0.286343
1628 0.286407
1629 0.286354
1630 0.28635
1631 0.286352
1632 0.286391
1633 0.286454
1634 0.28642
1635 0.286489
1636 0.286473
1637 0.2865
1638 0.286545
1639 0.286559
1640 0.286561
1641 0.2866
1642 0.286644
1643 0.286701
1644 0.286697
1645 0.286687
1646 0.286652
1647 0.286679
1648 0.286614
1649 0.286677
1650 0.286661
1651 0.286705
1652 0.286737
1653 0.286739
1654 0.286735
1655 0.286767
1656 0.286763
1657 0.286795
1658 0.286791
1659 0.286823
1660 0.286867
1661 0.286899
1662 0.286877
1663 0.286867
1664 0.286887
1665 0.286919
1666 0.286891
1667 0.286899
1668 0.286984
1669 0.286974
1670 0.28697
1671 0.287038
1672 0.287039
1673 0.287059
1674 0.287055
1675 0.287069
1676 0.28707
1677 0.287078
1678 0.28708
1679 0.287088
1680 0.287125
1681 0.287139
1682 0.287182
1683 0.287207
1684 0.287251
1685 0.287258
1686 0.287248
1687 0.287267
1688 0.287316
1689 0.287306
1690 0.287325
1691 0.287315
1692 0.287311
1693 0.287366
1694 0.287349
1695 0.287322
1696 0.287311
1697 0.287325
1698 0.287303
1699 0.287351
1700 0.287341
1701 0.28736
1702 0.287403
1703 0.287416
1704 0.287371
1705 0.287343
1706 0.287345
1707 0.28737
1708 0.287342
1709 0.287308
1710 0.287363
1711 0.287387
1712 0.287366
1713 0.287373
1714 0.28738
1715 0.287388
1716 0.287389
1717 0.287408
1718 0.287352
1719 0.287365
1720 0.287384
1721 0.287391
1722 0.287433
1723 0.287429
1724 0.287378
1725 0.287403
1726 0.287416
1727 0.287412
1728 0.287425
1729 0.287444
1730 0.287439
1731 0.287423
1732 0.287413
1733 0.287415
1734 0.287393
1735 0.287401
1736 0.287362
1737 0.287352
1738 0.287382
1739 0.287395
1740 0.287379
1741 0.28741
1742 0.28744
1743 0.287476
1744 0.287466
1745 0.287461
1746 0.287446
1747 0.287447
1748 0.287454
1749 0.287456
1750 0.287446
1751 0.287459
1752 0.287494
1753 0.287507
1754 0.28752
1755 0.287521
1756 0.287483
1757 0.287462
1758 0.287537
1759 0.287516
1760 0.28754
1761 0.287553
1762 0.287543
1763 0.28755
1764 0.287557
1765 0.287581
1766 0.287588
1767 0.287595
1768 0.28759
1769 0.287592
1770 0.287605
1771 0.287583
1772 0.287579
1773 0.287547
1774 0.287548
1775 0.287549
1776 0.287556
1777 0.287558
1778 0.287604
1779 0.287577
1780 0.287545
1781 0.287552
1782 0.287525
1783 0.287487
1784 0.287478
1785 0.287479
1786 0.287452
1787 0.287459
1788 0.287455
1789 0.28744
1790 0.287458
1791 0.28751
1792 0.287567
1793 0.28754
1794 0.287553
1795 0.287554
1796 0.287578
1797 0.28759
1798 0.287636
1799 0.287688
1800 0.287644
1801 0.287646
1802 0.287647
1803 0.287659
1804 0.287672
1805 0.28769
1806 0.287691
1807 0.287703
1808 0.287699
1809 0.287678
1810 0.287674
1811 0.287703
1812 0.287688
1813 0.287678
1814 0.287668
1815 0.287647
1816 0.28766
1817 0.287644
1818 0.287646
1819 0.287625
1820 0.28761
1821 0.287584
1822 0.287591
1823 0.287564
1824 0.287577
1825 0.287595
1826 0.287579
1827 0.287548
1828 0.287566
1829 0.28754
1830 0.28753
1831 0.287542
1832 0.287566
1833 0.287621
1834 0.287644
1835 0.287668
1836 0.287658
1837 0.287627
1838 0.287601
1839 0.287548
1840 0.28756
1841 0.287588
1842 0.287649
1843 0.287623
1844 0.287668
1845 0.287745
1846 0.287725
1847 0.287742
1848 0.287765
1849 0.287739
1850 0.287768
1851 0.287763
1852 0.28777
1853 0.287804
1854 0.287816
1855 0.287817
1856 0.287796
1857 0.287781
1858 0.287788
1859 0.287811
1860 0.287828
1861 0.287851
1862 0.287863
1863 0.28788
1864 0.287876
1865 0.287861
1866 0.287878
1867 0.287874
1868 0.287837
1869 0.287849
1870 0.28785
1871 0.287873
1872 0.287874
1873 0.287875
1874 0.287908
1875 0.287931
1876 0.287948
1877 0.287981
1878 0.287971
1879 0.287972
1880 0.288021
1881 0.288075
1882 0.288108
1883 0.288099
1884 0.288105
1885 0.28808
1886 0.288097
1887 0.288087
1888 0.288099
1889 0.288062
1890 0.288079
1891 0.288139
1892 0.288145
1893 0.288135
1894 0.288141
1895 0.288148
1896 0.288191
1897 0.288197
1898 0.288188
1899 0.288167
1900 0.288137
1901 0.288154
1902 0.288155
1903 0.288166
1904 0.288209
1905 0.288189
1906 0.288195
1907 0.288207
1908 0.288202
1909 0.288193
1910 0.28822
1911 0.288231
1912 0.288222
1913 0.288244
1914 0.28825
1915 0.288292
1916 0.288325
1917 0.288341
1918 0.288316
1919 0.288327
1920 0.288344
1921 0.288355
1922 0.288335
1923 0.288352
1924 0.288342
1925 0.288343
1926 0.288328
1927 0.288298
1928 0.288304
1929 0.288274
1930 0.288254
1931 0.288286
1932 0.288251
1933 0.288231
1934 0.288268
1935 0.288315
1936 0.288316
1937 0.288338
1938 0.288318
1939 0.288329
1940 0.288356
1941 0.288336
1942 0.288311
1943 0.288312
1944 0.288333
1945 0.288329
1946 0.288366
1947 0.288351
1948 0.288362
1949 0.28842
1950 0.288415
1951 0.288426
1952 0.288478
1953 0.288474
1954 0.288495
1955 0.288532
1956 0.288497
1957 0.288503
1958 0.288529
1959 0.288504
1960 0.28851
1961 0.288526
1962 0.288522
1963 0.288553
1964 0.288585
1965 0.288631
1966 0.288667
1967 0.288688
1968 0.28873
1969 0.288746
1970 0.288761
1971 0.288777
1972 0.288793
1973 0.288789
1974 0.288769
1975 0.288785
1976 0.288801
1977 0.288801
1978 0.288807
1979 0.288823
1980 0.288838
1981 0.288854
1982 0.288829
1983 0.288825
1984 0.288856
1985 0.288846
1986 0.288862
1987 0.288883
1988 0.288883
1989 0.288864
1990 0.288844
1991 0.288825
1992 0.288845
1993 0.288846
1994 0.288837
1995 0.288802
1996 0.288833
1997 0.288848
1998 0.288889
1999 0.288859
2000 0.28885
2001 0.288831
2002 0.288831
2003 0.288832
2004 0.288857
2005 0.288848
2006 0.288863
2007 0.288804
2008 0.28877
2009 0.28878
2010 0.288816
2011 0.288797
2012 0.288787
2013 0.288748
2014 0.288724
2015 0.28871
2016 0.288745
2017 0.288726
2018 0.288731
2019 0.288707
2020 0.288728
2021 0.288753
2022 0.288754
2023 0.288789
2024 0.288735
2025 0.288706
2026 0.288736
2027 0.288732
2028 0.288762
2029 0.288802
2030 0.288788
2031 0.288784
2032 0.28878
2033 0.288815
2034 0.288815
2035 0.28883
2036 0.288865
2037 0.288866
2038 0.288871
2039 0.288921
2040 0.288956
2041 0.288942
2042 0.288942
2043 0.288923
2044 0.288943
2045 0.288944
2046 0.288964
2047 0.288989
2048 0.289004
2049 0.28899
2050 0.28899
2051 0.288976
2052 0.289001
2053 0.289011
2054 0.289007
2055 0.289017
2056 0.289022
2057 0.289042
2058 0.289018
2059 0.289034
2060 0.289078
2061 0.289112
2062 0.289122
2063 0.289152
2064 0.289118
2065 0.289177
2066 0.289177
2067 0.289182
2068 0.289183
2069 0.289154
2070 0.289126
2071 0.289126
2072 0.28917
2073 0.28917
2074 0.289166
2075 0.289166
2076 0.289133
2077 0.289114
2078 0.289153
2079 0.289144
2080 0.289154
2081 0.289202
2082 0.289217
2083 0.289213
2084 0.289232
2085 0.289242
2086 0.289223
2087 0.289233
2088 0.289253
2089 0.289292
2090 0.289297
2091 0.289297
2092 0.289297
2093 0.289307
2094 0.289365
2095 0.289327
2096 0.289356
2097 0.289332
2098 0.28928
2099 0.289319
2100 0.289314
2101 0.289334
2102 0.28932
2103 0.28933
2104 0.289339
2105 0.28933
2106 0.28933
2107 0.289345
2108 0.28936
2109 0.289327
2110 0.289351
2111 0.289394
2112 0.289389
2113 0.289371
2114 0.289376
2115 0.289371
2116 0.289324
2117 0.289291
2118 0.28932
2119 0.28933
2120 0.28933
2121 0.289293
2122 0.289307
2123 0.289317
2124 0.289298
2125 0.289299
2126 0.289309
2127 0.289323
2128 0.289342
2129 0.289352
2130 0.289408
2131 0.289451
2132 0.289442
2133 0.289466
2134 0.28947
2135 0.289475
2136 0.28949
2137 0.289504
2138 0.289518
2139 0.289537
2140 0.289607
2141 0.289622
2142 0.289594
2143 0.289617
2144 0.289646
2145 0.28965
2146 0.289627
2147 0.289637
2148 0.289618
2149 0.289618
2150 0.289647
2151 0.289702
2152 0.289712
2153 0.289731
2154 0.289735
2155 0.289745
2156 0.289754
2157 0.28975
2158 0.289791
2159 0.289759
2160 0.289778
2161 0.289769
2162 0.289755
2163 0.289746
2164 0.289741
2165 0.289751
2166 0.28976
2167 0.289802
2168 0.289866
2169 0.289894
2170 0.289917
2171 0.289899
2172 0.289908
2173 0.289926
2174 0.289926
2175 0.289945
2176 0.289954
2177 0.289968
2178 0.289968
2179 0.290005
2180 0.290028
2181 0.289977
2182 0.289973
2183 0.289991
2184 0.290023
2185 0.290005
2186 0.290009
2187 0.29
2188 0.289995
2189 0.290055
2190 0.29005
2191 0.290046
2192 0.290087
2193 0.290091
2194 0.290068
2195 0.290055
2196 0.290046
2197 0.290055
2198 0.290105
2199 0.290127
2200 0.290114
2201 0.290159
2202 0.290186
2203 0.290213
2204 0.29024
2205 0.290299
2206 0.290267
2207 0.29024
2208 0.290254
2209 0.290299
2210 0.29029
2211 0.290262
2212 0.290231
2213 0.290235
2214 0.290239
2215 0.290226
2216 0.290235
2217 0.290239
2218 0.290221
2219 0.290248
2220 0.290275
2221 0.290293
2222 0.290306
2223 0.290283
2224 0.290306
2225 0.29031
2226 0.290328
2227 0.290337
2228 0.290364
2229 0.29035
2230 0.290354
2231 0.290327
2232 0.290336
2233 0.290331
2234 0.290322
2235 0.290376
2236 0.290385
2237 0.290389
2238 0.290389
2239 0.29042
2240 0.290433
2241 0.290455
2242 0.290468
2243 0.290455
2244 0.290432
2245 0.290459
2246 0.290436
2247 0.290418
2248 0.290427
2249 0.2904
2250 0.290422
2251 0.290404
2252 0.290417
2253 0.290422
2254 0.290426
2255 0.290439
2256 0.290417
2257 0.290434
2258 0.290421
2259 0.290416
2260 0.290434
2261 0.290407
2262 0.290451
2263 0.290455
2264 0.290468
2265 0.290428
2266 0.290424
2267 0.290446
2268 0.290419
2269 0.290414
2270 0.290401
2271 0.290414
2272 0.290365
2273 0.290387
2274 0.2904
2275 0.290378
2276 0.290391
2277 0.290417
2278 0.290421
2279 0.290443
2280 0.290425
2281 0.290408
2282 0.290429
2283 0.290438
2284 0.290429
2285 0.290455
2286 0.290486
2287 0.29049
2288 0.290529
2289 0.290537
2290 0.290541
2291 0.290554
2292 0.290558
2293 0.290554
2294 0.290584
2295 0.290601
2296 0.290614
2297 0.290649
2298 0.290683
2299 0.290683
2300 0.290726
2301 0.290713
2302 0.290708
2303 0.290682
2304 0.290673
2305 0.290685
2306 0.290698
2307 0.290694
2308 0.29068
2309 0.290667
2310 0.290714
2311 0.290714
2312 0.290727
2313 0.290726
2314 0.2907
2315 0.2907
2316 0.290687
2317 0.29066
2318 0.290638
2319 0.290638
2320 0.290659
2321 0.290659
2322 0.290676
2323 0.290736
2324 0.290762
2325 0.290753
2326 0.290765
2327 0.290752
2328 0.290773
2329 0.290781
2330 0.29079
2331 0.290781
2332 0.29081
2333 0.290844
2334 0.290835
2335 0.290839
2336 0.290835
2337 0.290856
2338 0.290868
2339 0.290876
2340 0.290885
2341 0.290901
2342 0.290918
2343 0.290918
2344 0.290922
2345 0.2909
2346 0.290887
2347 0.290848
2348 0.290894
2349 0.290903
2350 0.290906
2351 0.290915
2352 0.290952
2353 0.290969
2354 0.290943
2355 0.290947
2356 0.290947
2357 0.290946
2358 0.29095
2359 0.290924
2360 0.290903
2361 0.290915
2362 0.290902
2363 0.29091
2364 0.290905
2365 0.29093
2366 0.290955
2367 0.290993
2368 0.291005
2369 0.291009
2370 0.29103
2371 0.291021
2372 0.291033
2373 0.291066
2374 0.291078
2375 0.291086
2376 0.291132
2377 0.29114
2378 0.29114
2379 0.291152
2380 0.291172
2381 0.291142
2382 0.291138
2383 0.291158
2384 0.291183
2385 0.291212
2386 0.291245
2387 0.291244
2388 0.291256
2389 0.291256
2390 0.291255
2391 0.291259
2392 0.291254
2393 0.291216
2394 0.291249
2395 0.29124
2396 0.291252
2397 0.291256
2398 0.291255
2399 0.291271
2400 0.291275
2401 0.29127
2402 0.291299
2403 0.291307
2404 0.291256
2405 0.291256
2406 0.291251
2407 0.291259
2408 0.291246
2409 0.291254
2410 0.291261
2411 0.291286
2412 0.291314
2413 0.291326
2414 0.291338
2415 0.291346
2416 0.291349
2417 0.291336
2418 0.291323
2419 0.291319
2420 0.291368
2421 0.291351
2422 0.291342
2423 0.29135
2424 0.291341
2425 0.291311
2426 0.291323
2427 0.29136
2428 0.291367
2429 0.291367
2430 0.291387
2431 0.291427
2432 0.29146
2433 0.291471
2434 0.291504
2435 0.291515
2436 0.291494
2437 0.291494
2438 0.291509
2439 0.291533
2440 0.291549
2441 0.291549
2442 0.291527
2443 0.291551
2444 0.291592
2445 0.291607
2446 0.291619
2447 0.291643
2448 0.291679
2449 0.291662
2450 0.291669
2451 0.291673
2452 0.291688
2453 0.29172
2454 0.291699
2455 0.291711
2456 0.291718
2457 0.291734
2458 0.291749
2459 0.291769
2460 0.291801
2461 0.291776
2462 0.291779
2463 0.29179
2464 0.291761
2465 0.291761
2466 0.29176
2467 0.291739
2468 0.291767
2469 0.291758
2470 0.291798
2471 0.291813
2472 0.291824
2473 0.291812
2474 0.291799
2475 0.291818
2476 0.291826
2477 0.291825
2478 0.291816
2479 0.291848
2480 0.291867
2481 0.291878
2482 0.291906
2483 0.291941
2484 0.291989
2485 0.292004
2486 0.292027
2487 0.29201
2488 0.291998
2489 0.292025
2490 0.292
2491 0.291983
2492 0.291966
2493 0.291982
2494 0.291985
2495 0.292004
2496 0.292023
2497 0.29203
2498 0.29203
2499 0.292013
2500 0.292008
2501 0.292019
2502 0.292042
2503 0.292058
2504 0.292105
2505 0.292112
2506 0.292135
2507 0.292138
2508 0.292125
2509 0.292144
2510 0.292143
2511 0.292162
2512 0.292209
2513 0.29222
2514 0.292216
2515 0.292231
2516 0.292242
2517 0.292284
2518 0.292315
2519 0.292326
2520 0.292337
2521 0.292332
2522 0.292339
2523 0.292331
2524 0.292365
2525 0.292396
2526 0.292387
2527 0.29241
2528 0.292401
2529 0.292384
2530 0.292407
2531 0.292418
2532 0.292441
2533 0.292463
2534 0.292451
2535 0.292485
2536 0.29248
2537 0.292515
2538 0.292514
2539 0.292525
2540 0.292531
2541 0.29253
2542 0.292518
2543 0.292521
2544 0.29252
2545 0.292519
2546 0.292502
2547 0.292505
2548 0.292512
2549 0.292515
2550 0.292545
2551 0.292536
2552 0.292535
2553 0.292538
2554 0.292561
2555 0.292595
2556 0.292637
2557 0.292644
2558 0.292635
2559 0.292642
2560 0.292648
2561 0.292667
2562 0.292678
2563 0.292649
2564 0.29266
2565 0.292655
2566 0.292677
2567 0.292672
2568 0.292652
2569 0.292659
2570 0.292689
2571 0.292692
2572 0.292679
2573 0.292697
2574 0.292704
2575 0.292695
2576 0.292702
2577 0.292697
2578 0.292735
2579 0.292737
2580 0.292736
2581 0.292731
2582 0.292738
2583 0.292764
2584 0.292779
2585 0.292801
2586 0.2928
2587 0.292814
2588 0.292813
2589 0.292831
2590 0.292849
2591 0.292895
2592 0.292909
2593 0.292927
2594 0.292941
2595 0.292952
2596 0.292974
2597 0.29298
2598 0.293002
2599 0.292997
2600 0.293015
2601 0.293022
2602 0.293009
2603 0.293004
2604 0.292992
2605 0.292998
2606 0.29297
2607 0.292996
2608 0.293025
2609 0.293062
2610 0.293077
2611 0.293102
2612 0.293105
2613 0.2931
2614 0.293099
2615 0.293117
2616 0.293108
2617 0.293126
2618 0.293125
2619 0.293135
2620 0.293141
2621 0.293182
2622 0.293169
2623 0.29318
2624 0.293186
2625 0.29315
2626 0.293161
2627 0.293171
2628 0.293177
2629 0.293191
2630 0.293198
2631 0.293227
2632 0.293256
2633 0.293236
2634 0.293254
2635 0.293283
2636 0.293289
2637 0.293314
2638 0.293324
2639 0.293342
2640 0.293341
2641 0.293343
2642 0.293335
2643 0.293333
2644 0.293332
2645 0.293342
2646 0.29336
2647 0.293355
2648 0.293376
2649 0.293379
2650 0.293408
2651 0.293414
2652 0.29342
2653 0.293411
2654 0.293406
2655 0.293394
2656 0.293407
2657 0.293391
2658 0.293394
2659 0.293404
2660 0.293421
2661 0.293435
2662 0.293471
2663 0.293477
2664 0.293438
2665 0.293441
2666 0.293443
2667 0.293435
2668 0.29346
2669 0.293469
2670 0.293506
2671 0.293501
2672 0.29351
2673 0.293505
2674 0.293512
2675 0.293484
2676 0.293498
2677 0.293523
2678 0.29354
2679 0.293531
2680 0.29353
2681 0.293529
2682 0.293531
2683 0.293522
2684 0.293539
2685 0.293549
2686 0.293541
2687 0.293524
2688 0.293549
2689 0.293552
2690 0.293561
2691 0.293571
2692 0.293592
2693 0.293595
2694 0.293575
2695 0.293596
2696 0.293576
2697 0.293552
2698 0.293562
2699 0.293561
2700 0.293552
2701 0.293532
2702 0.29352
2703 0.293489
2704 0.29351
2705 0.293527
2706 0.293525
2707 0.293517
2708 0.293508
2709 0.293525
2710 0.293506
2711 0.293519
2712 0.293507
2713 0.29352
2714 0.293545
2715 0.293554
2716 0.293575
2717 0.293563
2718 0.293572
2719 0.293612
2720 0.293603
2721 0.293627
2722 0.293615
2723 0.293628
2724 0.293623
2725 0.293662
2726 0.293632
2727 0.293619
2728 0.293614
2729 0.293609
2730 0.293634
2731 0.293643
2732 0.293657
2733 0.293644
2734 0.293672
2735 0.293697
2736 0.293677
2737 0.29369
2738 0.293696
2739 0.293684
2740 0.293708
2741 0.293703
2742 0.293691
2743 0.293675
2744 0.293681
2745 0.293679
2746 0.293696
2747 0.29368
2748 0.29365
2749 0.293681
2750 0.293687
2751 0.293668
2752 0.293677
2753 0.293669
2754 0.293711
2755 0.293721
2756 0.293723
2757 0.293711
2758 0.293702
2759 0.293708
2760 0.293728
2761 0.293705
2762 0.293697
2763 0.293724
2764 0.293726
2765 0.293722
2766 0.293709
2767 0.293704
2768 0.293707
2769 0.293723
2770 0.293758
2771 0.293746
2772 0.293737
2773 0.29374
2774 0.293735
2775 0.293748
2776 0.293728
2777 0.293723
2778 0.293711
2779 0.293721
2780 0.293723
2781 0.293736
2782 0.293749
2783 0.293741
2784 0.293736
2785 0.293738
2786 0.293747
2787 0.293739
2788 0.293745
2789 0.293747
2790 0.293749
2791 0.293744
2792 0.293771
2793 0.293788
2794 0.293769
2795 0.293753
2796 0.293752
2797 0.293779
2798 0.293756
2799 0.293766
2800 0.293779
2801 0.293777
2802 0.293794
2803 0.293764
2804 0.293791
2805 0.293836
2806 0.293824
2807 0.293848
2808 0.29386
2809 0.293838
2810 0.293836
2811 0.293824
2812 0.293837
2813 0.293846
2814 0.293859
2815 0.293876
2816 0.293867
2817 0.293876
2818 0.293864
2819 0.293888
2820 0.293879
2821 0.293899
2822 0.293909
2823 0.293928
2824 0.293959
2825 0.293954
2826 0.293935
2827 0.293933
2828 0.293911
2829 0.293906
2830 0.293943
2831 0.29397
2832 0.29399
2833 0.293999
2834 0.293984
2835 0.294007
2836 0.294016
2837 0.294025
2838 0.294027
2839 0.294044
2840 0.294039
2841 0.294044
2842 0.294053
2843 0.294091
2844 0.2941
2845 0.294105
2846 0.294083
2847 0.294099
2848 0.294112
2849 0.294117
2850 0.29413
2851 0.294142
2852 0.294148
2853 0.294164
2854 0.294205
2855 0.294217
2856 0.294198
2857 0.294162
2858 0.294171
2859 0.294173
2860 0.294199
2861 0.294219
2862 0.294217
2863 0.294219
2864 0.294218
2865 0.294216
2866 0.294232
2867 0.294248
2868 0.294229
2869 0.294238
2870 0.294226
2871 0.294246
2872 0.294255
2873 0.294285
2874 0.294262
2875 0.294268
2876 0.294287
2877 0.294282
2878 0.294291
2879 0.294293
2880 0.294306
2881 0.294294
2882 0.294323
2883 0.294329
2884 0.294331
2885 0.294312
2886 0.294338
2887 0.294337
2888 0.294349
2889 0.294358
2890 0.294349
2891 0.294345
2892 0.294336
2893 0.294317
2894 0.29433
2895 0.294321
2896 0.294347
2897 0.294387
2898 0.294403
2899 0.294415
2900 0.294452
2901 0.294447
2902 0.294469
2903 0.294502
2904 0.294501
2905 0.294499
2906 0.294504
2907 0.294503
2908 0.294532
2909 0.294548
2910 0.294553
2911 0.294559
2912 0.294557
2913 0.294528
2914 0.29452
2915 0.294494
2916 0.294506
2917 0.294511
2918 0.294541
2919 0.29455
2920 0.294558
2921 0.294574
2922 0.294593
2923 0.294595
2924 0.29461
2925 0.294622
2926 0.294679
2927 0.294715
2928 0.294717
2929 0.294725
2930 0.294727
2931 0.294715
2932 0.294707
2933 0.294708
2934 0.294693
2935 0.294702
2936 0.294697
2937 0.294709
2938 0.294752
2939 0.294781
2940 0.294793
2941 0.294777
2942 0.294789
2943 0.294784
2944 0.2948
2945 0.294788
2946 0.294779
2947 0.294808
2948 0.29481
2949 0.294832
2950 0.294827
2951 0.294849
2952 0.294851
2953 0.294839
2954 0.294841
2955 0.294829
2956 0.294841
2957 0.294843
2958 0.294858
2959 0.29486
2960 0.294878
2961 0.29488
2962 0.294882
2963 0.294894
2964 0.294909
2965 0.294911
2966 0.294922
2967 0.294938
2968 0.294936
2969 0.294958
2970 0.294949
2971 0.294961
2972 0.29499
2973 0.294988
2974 0.29499
2975 0.294995
2976 0.295
2977 0.295002
2978 0.295024
2979 0.295045
2980 0.295054
2981 0.295062
2982 0.29506
2983 0.295106
2984 0.295097
2985 0.295146
2986 0.295141
2987 0.295169
2988 0.295164
2989 0.295172
2990 0.295184
2991 0.295145
2992 0.29513
2993 0.295152
2994 0.295154
2995 0.295165
2996 0.295177
2997 0.295205
2998 0.295207
2999 0.295222
3000 0.295217
