1 -270.295
2 -270.295
3 -270.295
4 -270.295
5 -270.295
6 -270.295
7 -270.295
8 -270.295
9 -270.295
10 -270.295
11 -270.295
12 -270.296
13 -270.296
14 -270.296
15 -270.296
16 -270.295
17 -270.296
18 -270.296
19 -270.296
20 -270.296
21 -270.296
22 -270.296
23 -270.296
24 -270.296
25 -270.296
26 -270.296
27 -270.296
28 -270.296
29 -270.296
30 -270.296
31 -270.296
32 -270.296
33 -270.296
34 -270.296
35 -270.296
36 -270.296
37 -270.296
38 -270.296
39 -270.296
40 -270.296
41 -270.296
42 -270.296
43 -270.296
44 -270.296
45 -270.296
46 -270.296
47 -270.296
48 -270.296
49 -270.296
50 -270.296
51 -270.296
52 -270.296
53 -270.296
54 -270.296
55 -270.296
56 -270.296
57 -270.296
58 -270.296
59 -270.296
60 -270.296
61 -270.296
62 -270.296
63 -270.296
64 -270.296
65 -270.296
66 -270.296
67 -270.296
68 -270.296
69 -270.296
70 -270.296
71 -270.296
72 -270.296
73 -270.296
74 -270.296
75 -270.296
76 -270.296
77 -270.296
78 -270.296
79 -270.296
80 -270.296
81 -270.296
82 -270.296
83 -270.296
84 -270.296
85 -270.296
86 -270.296
87 -270.296
88 -270.296
89 -270.296
90 -270.296
91 -270.296
92 -270.296
93 -270.296
94 -270.296
95 -270.296
96 -270.296
97 -270.296
98 -270.296
99 -270.296
100 -270.296
101 -270.296
102 -270.296
103 -270.296
104 -270.296
105 -270.296
106 -270.296
107 -270.296
108 -270.296
109 -270.296
110 -270.296
111 -270.296
112 -270.296
113 -270.296
114 -270.296
115 -270.296
116 -270.296
117 -270.296
118 -270.296
119 -270.297
120 -270.296
121 -270.297
122 -270.297
123 -270.297
124 -270.297
125 -270.297
126 -270.297
127 -270.297
128 -270.297
129 -270.297
130 -270.297
131 -270.297
132 -270.297
133 -270.297
134 -270.297
135 -270.297
136 -270.297
137 -270.297
138 -270.297
139 -270.297
140 -270.297
141 -270.297
142 -270.297
143 -270.297
144 -270.297
145 -270.297
146 -270.297
147 -270.297
148 -270.297
149 -270.297
150 -270.297
151 -270.297
152 -270.297
153 -270.297
154 -270.297
155 -270.297
156 -270.297
157 -270.297
158 -270.297
159 -270.297
160 -270.297
161 -270.297
162 -270.297
163 -270.297
164 -270.297
165 -270.297
166 -270.297
167 -270.297
168 -270.297
169 -270.297
170 -270.297
171 -270.297
172 -270.297
173 -270.297
174 -270.297
175 -270.297
176 -270.297
177 -270.297
178 -270.297
179 -270.297
180 -270.297
181 -270.297
182 -270.297
183 -270.297
184 -270.297
185 -270.297
186 -270.297
187 -270.297
188 -270.297
189 -270.297
190 -270.297
191 -270.297
192 -270.297
193 -270.297
194 -270.297
195 -270.297
196 -270.297
197 -270.297
198 -270.297
199 -270.297
200 -270.297
201 -270.297
202 -270.297
203 -270.297
204 -270.297
205 -270.297
206 -270.297
207 -270.297
208 -270.297
209 -270.297
210 -270.297
211 -270.297
212 -270.297
213 -270.297
214 -270.297
215 -270.297
216 -270.297
217 -270.297
218 -270.297
219 -270.297
220 -270.297
221 -270.297
222 -270.297
223 -270.297
224 -270.297
225 -270.297
226 -270.297
227 -270.297
228 -270.297
229 -270.297
230 -270.297
231 -270.297
232 -270.297
233 -270.297
234 -270.297
235 -270.297
236 -270.297
237 -270.297
238 -270.297
239 -270.297
240 -270.297
241 -270.297
242 -270.297
243 -270.297
244 -270.297
245 -270.297
246 -270.297
247 -270.297
248 -270.297
249 -270.297
250 -270.297
251 -270.297
252 -270.297
253 -270.297
254 -270.297
255 -270.297
256 -270.297
257 -270.297
258 -270.297
259 -270.297
260 -270.297
261 -270.297
262 -270.297
263 -270.297
264 -270.297
265 -270.297
266 -270.297
267 -270.297
268 -270.297
269 -270.297
270 -270.297
271 -270.297
272 -270.297
273 -270.297
274 -270.297
275 -270.297
276 -270.297
277 -270.297
278 -270.297
279 -270.297
280 -270.297
281 -270.297
282 -270.297
283 -270.297
284 -270.297
285 -270.297
286 -270.297
287 -270.297
288 -270.297
289 -270.297
290 -270.297
291 -270.297
292 -270.297
293 -270.297
294 -270.297
295 -270.297
296 -270.297
297 -270.297
298 -270.297
299 -270.297
300 -270.297
301 -270.297
302 -270.297
303 -270.297
304 -270.297
305 -270.297
306 -270.297
307 -270.297
308 -270.297
309 -270.297
310 -270.297
311 -270.297
312 -270.297
313 -270.297
314 -270.297
315 -270.297
316 -270.297
317 -270.297
318 -270.297
319 -270.297
320 -270.297
321 -270.297
322 -270.297
323 -270.297
324 -270.297
325 -270.297
326 -270.297
327 -270.297
328 -270.297
329 -270.297
330 -270.297
331 -270.297
332 -270.297
333 -270.297
334 -270.297
335 -270.297
336 -270.297
337 -270.297
338 -270.297
339 -270.297
340 -270.297
341 -270.297
342 -270.297
343 -270.297
344 -270.297
345 -270.297
346 -270.297
347 -270.297
348 -270.297
349 -270.297
350 -270.297
351 -270.297
352 -270.297
353 -270.297
354 -270.297
355 -270.297
356 -270.297
357 -270.297
358 -270.297
359 -270.297
360 -270.297
361 -270.297
362 -270.297
363 -270.297
364 -270.297
365 -270.297
366 -270.297
367 -270.297
368 -270.297
369 -270.297
370 -270.297
371 -270.297
372 -270.297
373 -270.297
374 -270.297
375 -270.297
376 -270.297
377 -270.297
378 -270.297
379 -270.297
380 -270.297
381 -270.297
382 -270.297
383 -270.297
384 -270.297
385 -270.297
386 -270.297
387 -270.297
388 -270.297
389 -270.297
390 -270.297
391 -270.297
392 -270.297
393 -270.297
394 -270.297
395 -270.297
396 -270.297
397 -270.297
398 -270.297
399 -270.297
400 -270.297
401 -270.297
402 -270.297
403 -270.297
404 -270.297
405 -270.297
406 -270.297
407 -270.297
408 -270.297
409 -270.297
410 -270.297
411 -270.297
412 -270.297
413 -270.297
414 -270.297
415 -270.297
416 -270.297
417 -270.297
418 -270.297
419 -270.297
420 -270.297
421 -270.297
422 -270.297
423 -270.297
424 -270.297
425 -270.297
426 -270.297
427 -270.297
428 -270.297
429 -270.297
430 -270.297
431 -270.297
432 -270.297
433 -270.297
434 -270.297
435 -270.297
436 -270.297
437 -270.297
438 -270.297
439 -270.297
440 -270.297
441 -270.297
442 -270.297
443 -270.297
444 -270.297
445 -270.297
446 -270.297
447 -270.297
448 -270.297
449 -270.297
450 -270.297
451 -270.297
452 -270.297
453 -270.297
454 -270.297
455 -270.297
456 -270.297
457 -270.297
458 -270.297
459 -270.297
460 -270.297
461 -270.297
462 -270.297
463 -270.297
464 -270.297
465 -270.297
466 -270.297
467 -270.297
468 -270.297
469 -270.297
470 -270.297
471 -270.297
472 -270.297
473 -270.297
474 -270.297
475 -270.297
476 -270.297
477 -270.297
478 -270.297
479 -270.297
480 -270.297
481 -270.297
482 -270.297
483 -270.297
484 -270.297
485 -270.297
486 -270.297
487 -270.297
488 -270.297
489 -270.297
490 -270.297
491 -270.297
492 -270.297
493 -270.297
494 -270.297
495 -270.297
496 -270.297
497 -270.297
498 -270.297
499 -270.297
500 -270.297
501 -270.297
502 -270.297
503 -270.297
504 -270.297
505 -270.297
506 -270.297
507 -270.297
508 -270.297
509 -270.297
510 -270.297
511 -270.297
512 -270.297
513 -270.297
514 -270.297
515 -270.297
516 -270.297
517 -270.297
518 -270.297
519 -270.297
520 -270.297
521 -270.297
522 -270.297
523 -270.297
524 -270.297
525 -270.297
526 -270.297
527 -270.297
528 -270.297
529 -270.297
530 -270.297
531 -270.297
532 -270.297
533 -270.297
534 -270.297
535 -270.297
536 -270.297
537 -270.297
538 -270.297
539 -270.297
540 -270.297
541 -270.297
542 -270.297
543 -270.297
544 -270.297
545 -270.297
546 -270.297
547 -270.297
548 -270.297
549 -270.297
550 -270.297
551 -270.297
552 -270.297
553 -270.297
554 -270.297
555 -270.297
556 -270.297
557 -270.297
558 -270.297
559 -270.297
560 -270.297
561 -270.297
562 -270.297
563 -270.297
564 -270.297
565 -270.297
566 -270.297
567 -270.297
568 -270.297
569 -270.297
570 -270.297
571 -270.297
572 -270.297
573 -270.297
574 -270.297
575 -270.297
576 -270.297
577 -270.297
578 -270.297
579 -270.297
580 -270.297
581 -270.297
582 -270.297
583 -270.297
584 -270.292
585 -270.292
586 -270.292
587 -270.292
588 -270.292
589 -270.292
590 -270.292
591 -270.292
592 -270.292
593 -270.292
594 -270.292
595 -270.292
596 -270.292
597 -270.292
598 -270.292
599 -270.292
600 -270.292
601 -270.292
602 -270.292
603 -270.292
604 -270.292
605 -270.292
606 -270.292
607 -270.292
608 -270.292
609 -270.292
610 -270.292
611 -270.292
612 -270.292
613 -270.292
614 -270.292
615 -270.292
616 -270.292
617 -270.292
618 -270.292
619 -270.292
620 -270.292
621 -270.292
622 -270.292
623 -270.293
624 -270.293
625 -270.293
626 -270.293
627 -270.294
628 -270.295
629 -270.295
630 -270.295
631 -270.295
632 -270.295
633 -270.295
634 -270.295
635 -270.295
636 -270.295
637 -270.295
638 -270.295
639 -270.295
640 -270.295
641 -270.295
642 -270.295
643 -270.295
644 -270.295
645 -270.295
646 -270.295
647 -270.295
648 -270.295
649 -270.295
650 -270.295
651 -270.295
652 -270.295
653 -270.295
654 -270.295
655 -270.295
656 -270.295
657 -270.295
658 -270.295
659 -270.296
660 -270.296
661 -270.295
662 -270.295
663 -270.295
664 -270.295
665 -270.295
666 -270.295
667 -270.295
668 -270.295
669 -270.295
670 -270.296
671 -270.296
672 -270.296
673 -270.296
674 -270.296
675 -270.296
676 -270.296
677 -270.296
678 -270.296
679 -270.296
680 -270.295
681 -270.296
682 -270.296
683 -270.296
684 -270.296
685 -270.296
686 -270.296
687 -270.296
688 -270.296
689 -270.296
690 -270.296
691 -270.296
692 -270.296
693 -270.296
694 -270.296
695 -270.296
696 -270.296
697 -270.296
698 -270.296
699 -270.296
700 -270.296
701 -270.297
702 -270.297
703 -270.297
704 -270.297
705 -270.297
706 -270.296
707 -270.296
708 -270.296
709 -270.296
710 -270.296
711 -270.296
712 -270.296
713 -270.296
714 -270.296
715 -270.296
716 -270.296
717 -270.296
718 -270.296
719 -270.296
720 -270.296
721 -270.296
722 -270.296
723 -270.296
724 -270.296
725 -270.296
726 -270.296
727 -270.296
728 -270.297
729 -270.297
730 -270.297
731 -270.297
732 -270.297
733 -270.297
734 -270.297
735 -270.297
736 -270.297
737 -270.297
738 -270.297
739 -270.296
740 -270.296
741 -270.296
742 -270.297
743 -270.297
744 -270.297
745 -270.297
746 -270.297
747 -270.297
748 -270.297
749 -270.297
750 -270.297
751 -270.297
752 -270.297
753 -270.297
754 -270.297
755 -270.297
756 -270.297
757 -270.297
758 -270.297
759 -270.297
760 -270.297
761 -270.297
762 -270.297
763 -270.297
764 -270.297
765 -270.297
766 -270.297
767 -270.297
768 -270.297
769 -270.297
770 -270.297
771 -270.297
772 -270.297
773 -270.297
774 -270.297
775 -270.297
776 -270.297
777 -270.297
778 -270.297
779 -270.297
780 -270.297
781 -270.297
782 -270.297
783 -270.297
784 -270.297
785 -270.297
786 -270.297
787 -270.297
788 -270.297
789 -270.297
790 -270.297
791 -270.297
792 -270.297
793 -270.297
794 -270.297
795 -270.297
796 -270.297
797 -270.297
798 -270.297
799 -270.297
800 -270.297
801 -270.297
802 -270.297
803 -270.297
804 -270.297
805 -270.297
806 -270.297
807 -270.297
808 -270.297
809 -270.297
810 -270.297
811 -270.297
812 -270.297
813 -270.297
814 -270.297
815 -270.297
816 -270.297
817 -270.297
818 -270.297
819 -270.297
820 -270.297
821 -270.297
822 -270.297
823 -270.297
824 -270.297
825 -270.297
826 -270.297
827 -270.297
828 -270.297
829 -270.297
830 -270.297
831 -270.297
832 -270.297
833 -270.297
834 -270.297
835 -270.297
836 -270.297
837 -270.297
838 -270.297
839 -270.297
840 -270.297
841 -270.297
842 -270.297
843 -270.297
844 -270.297
845 -270.297
846 -270.297
847 -270.297
848 -270.297
849 -270.297
850 -270.297
851 -270.297
852 -270.297
853 -270.297
854 -270.297
855 -270.297
856 -270.297
857 -270.297
858 -270.297
859 -270.297
860 -270.297
861 -270.297
862 -270.297
863 -270.297
864 -270.297
865 -270.297
866 -270.297
867 -270.297
868 -270.297
869 -270.297
870 -270.297
871 -270.297
872 -270.297
873 -270.297
874 -270.297
875 -270.297
876 -270.297
877 -270.297
878 -270.297
879 -270.297
880 -270.297
881 -270.297
882 -270.297
883 -270.297
884 -270.297
885 -270.297
886 -270.297
887 -270.297
888 -270.297
889 -270.297
890 -270.297
891 -270.297
892 -270.297
893 -270.297
894 -270.297
895 -270.297
896 -270.297
897 -270.297
898 -270.297
899 -270.297
900 -270.297
901 -270.297
902 -270.297
903 -270.297
904 -270.297
905 -270.297
906 -270.297
907 -270.297
908 -270.297
909 -270.297
910 -270.297
911 -270.297
912 -270.297
913 -270.297
914 -270.297
915 -270.297
916 -270.297
917 -270.297
918 -270.297
919 -270.297
920 -270.297
921 -270.297
922 -270.297
923 -270.297
924 -270.297
925 -270.297
926 -270.297
927 -270.297
928 -270.297
929 -270.297
930 -270.297
931 -270.297
932 -270.297
933 -270.297
934 -270.297
935 -270.297
936 -270.297
937 -270.297
938 -270.297
939 -270.297
940 -270.297
941 -270.297
942 -270.297
943 -270.297
944 -270.297
945 -270.297
946 -270.297
947 -270.297
948 -270.297
949 -270.297
950 -270.297
951 -270.297
952 -270.297
953 -270.297
954 -270.297
955 -270.297
956 -270.297
957 -270.297
958 -270.297
959 -270.297
960 -270.297
961 -270.297
962 -270.297
963 -270.297
964 -270.297
965 -270.297
966 -270.297
967 -270.297
968 -270.297
969 -270.297
970 -270.297
971 -270.297
972 -270.297
973 -270.297
974 -270.297
975 -270.297
976 -270.297
977 -270.289
978 -270.293
979 -270.293
980 -270.293
981 -270.293
982 -270.293
983 -270.293
984 -270.293
985 -270.293
986 -270.293
987 -270.293
988 -270.294
989 -270.294
990 -270.295
991 -270.295
992 -270.295
993 -270.295
994 -270.295
995 -270.295
996 -270.295
997 -270.295
998 -270.295
999 -270.295
1000 -270.295
1001 -270.295
1002 -270.295
1003 -270.295
1004 -270.295
1005 -270.295
1006 -270.295
1007 -270.295
1008 -270.295
1009 -270.295
1010 -270.295
1011 -270.295
1012 -270.296
1013 -270.296
1014 -270.296
1015 -270.296
1016 -270.296
1017 -270.296
1018 -270.296
1019 -270.296
1020 -270.296
1021 -270.296
1022 -270.296
1023 -270.296
1024 -270.296
1025 -270.296
1026 -270.296
1027 -270.296
1028 -270.296
1029 -270.296
1030 -270.296
1031 -270.296
1032 -270.296
1033 -270.296
1034 -270.296
1035 -270.296
1036 -270.296
1037 -270.296
1038 -270.296
1039 -270.296
1040 -270.296
1041 -270.296
1042 -270.296
1043 -270.296
1044 -270.296
1045 -270.296
1046 -270.296
1047 -270.296
1048 -270.296
1049 -270.296
1050 -270.296
1051 -270.296
1052 -270.296
1053 -270.297
1054 -270.297
1055 -270.297
1056 -270.297
1057 -270.297
1058 -270.297
1059 -270.297
1060 -270.297
1061 -270.297
1062 -270.297
1063 -270.297
1064 -270.297
1065 -270.297
1066 -270.297
1067 -270.297
1068 -270.297
1069 -270.297
1070 -270.297
1071 -270.297
1072 -270.297
1073 -270.297
1074 -270.297
1075 -270.297
1076 -270.297
1077 -270.297
1078 -270.297
1079 -270.297
1080 -270.297
1081 -270.297
1082 -270.297
1083 -270.297
1084 -270.297
1085 -270.297
1086 -270.297
1087 -270.297
1088 -270.297
1089 -270.297
1090 -270.297
1091 -270.297
1092 -270.297
1093 -270.297
1094 -270.297
1095 -270.297
1096 -270.297
1097 -270.297
1098 -270.297
1099 -270.297
1100 -270.297
1101 -270.297
1102 -270.297
1103 -270.297
1104 -270.297
1105 -270.297
1106 -270.297
1107 -270.297
1108 -270.297
1109 -270.297
1110 -270.297
1111 -270.297
1112 -270.297
1113 -270.297
1114 -270.297
1115 -270.297
1116 -270.297
1117 -270.297
1118 -270.297
1119 -270.297
1120 -270.297
1121 -270.297
1122 -270.297
1123 -270.297
1124 -270.297
1125 -270.297
1126 -270.297
1127 -270.297
1128 -270.297
1129 -270.297
1130 -270.297
1131 -270.297
1132 -270.297
1133 -270.297
1134 -270.297
1135 -270.297
1136 -270.297
1137 -270.297
1138 -270.297
1139 -270.297
1140 -270.297
1141 -270.297
1142 -270.297
1143 -270.297
1144 -270.297
1145 -270.297
1146 -270.297
1147 -270.297
1148 -270.297
1149 -270.297
1150 -270.297
1151 -270.297
1152 -270.297
1153 -270.297
1154 -270.297
1155 -270.297
1156 -270.297
1157 -270.297
1158 -270.297
1159 -270.297
1160 -270.297
1161 -270.297
1162 -270.297
1163 -270.297
1164 -270.297
1165 -270.297
1166 -270.297
1167 -270.297
1168 -270.297
1169 -270.297
1170 -270.297
1171 -270.297
1172 -270.297
1173 -270.297
1174 -270.297
1175 -270.297
1176 -270.297
1177 -270.297
1178 -270.297
1179 -270.297
1180 -270.297
1181 -270.297
1182 -270.297
1183 -270.297
1184 -270.297
1185 -270.297
1186 -270.297
1187 -270.297
1188 -270.297
1189 -270.297
1190 -270.297
1191 -270.297
1192 -270.297
1193 -270.297
1194 -270.297
1195 -270.297
1196 -270.297
1197 -270.297
1198 -270.297
1199 -270.297
1200 -270.297
1201 -270.297
1202 -270.297
1203 -270.297
1204 -270.297
1205 -270.297
1206 -270.297
1207 -270.297
1208 -270.297
1209 -270.297
1210 -270.297
1211 -270.297
1212 -270.297
1213 -270.297
1214 -270.297
1215 -270.297
1216 -270.297
1217 -270.297
1218 -270.297
1219 -270.297
1220 -270.297
1221 -270.297
1222 -270.297
1223 -270.297
1224 -270.297
1225 -270.297
1226 -270.297
1227 -270.297
1228 -270.297
1229 -270.297
1230 -270.297
1231 -270.297
1232 -270.297
1233 -270.297
1234 -270.297
1235 -270.297
1236 -270.297
1237 -270.297
1238 -270.297
1239 -270.297
1240 -270.297
1241 -270.297
1242 -270.297
1243 -270.297
1244 -270.297
1245 -270.297
1246 -270.297
1247 -270.297
1248 -270.297
1249 -270.297
1250 -270.297
1251 -270.297
1252 -270.297
1253 -270.297
1254 -270.297
1255 -270.297
1256 -270.297
1257 -270.297
1258 -270.297
1259 -270.297
1260 -270.297
1261 -270.297
1262 -270.297
1263 -270.297
1264 -270.297
1265 -270.297
1266 -270.297
1267 -270.297
1268 -270.297
1269 -270.297
1270 -270.297
1271 -270.297
1272 -270.297
1273 -270.297
1274 -270.297
1275 -270.297
1276 -270.297
1277 -270.297
1278 -270.297
1279 -270.297
1280 -270.297
1281 -270.297
1282 -270.297
1283 -270.297
1284 -270.297
1285 -270.297
1286 -270.297
1287 -270.297
1288 -270.297
1289 -270.297
1290 -270.297
1291 -270.297
1292 -270.297
1293 -270.297
1294 -270.297
1295 -270.297
1296 -270.297
1297 -270.297
1298 -270.297
1299 -270.297
1300 -270.297
1301 -270.297
1302 -270.297
1303 -270.297
1304 -270.297
1305 -270.297
1306 -270.297
1307 -270.297
1308 -270.297
1309 -270.297
1310 -270.297
1311 -270.297
1312 -270.297
1313 -270.297
1314 -270.297
1315 -270.297
1316 -270.297
1317 -270.297
1318 -270.297
1319 -270.297
1320 -270.297
1321 -270.297
1322 -270.297
1323 -270.297
1324 -270.297
1325 -270.297
1326 -270.297
1327 -270.297
1328 -270.297
1329 -270.297
1330 -270.297
1331 -270.297
1332 -270.297
1333 -270.297
1334 -270.297
1335 -270.297
1336 -270.297
1337 -270.297
1338 -270.297
1339 -270.297
1340 -270.297
1341 -270.297
1342 -270.297
1343 -270.297
1344 -270.297
1345 -270.297
1346 -270.297
1347 -270.297
1348 -270.297
1349 -270.297
1350 -270.297
1351 -270.297
1352 -270.297
1353 -270.297
1354 -270.297
1355 -270.297
1356 -270.297
1357 -270.297
1358 -270.297
1359 -270.297
1360 -270.297
1361 -270.297
1362 -270.297
1363 -270.297
1364 -270.297
1365 -270.297
1366 -270.297
1367 -270.297
1368 -270.297
1369 -270.297
1370 -270.297
1371 -270.297
1372 -270.297
1373 -270.297
1374 -270.297
1375 -270.297
1376 -270.297
1377 -270.297
1378 -270.297
1379 -270.297
1380 -270.297
1381 -270.297
1382 -270.297
1383 -270.297
1384 -270.297
1385 -270.297
1386 -270.297
1387 -270.297
1388 -270.297
1389 -270.297
1390 -270.297
1391 -270.297
1392 -270.297
1393 -270.297
1394 -270.297
1395 -270.297
1396 -270.297
1397 -270.297
1398 -270.297
1399 -270.297
1400 -270.297
1401 -270.297
1402 -270.297
1403 -270.297
1404 -270.297
1405 -270.297
1406 -270.297
1407 -270.297
1408 -270.297
1409 -270.297
1410 -270.297
1411 -270.297
1412 -270.297
1413 -270.297
1414 -270.297
1415 -270.297
1416 -270.297
1417 -270.297
1418 -270.297
1419 -270.297
1420 -270.297
1421 -270.297
1422 -270.297
1423 -270.297
1424 -270.297
1425 -270.297
1426 -270.297
1427 -270.297
1428 -270.297
1429 -270.297
1430 -270.297
1431 -270.297
1432 -270.297
1433 -270.297
1434 -270.297
1435 -270.297
1436 -270.297
1437 -270.297
1438 -270.297
1439 -270.297
1440 -270.297
1441 -270.298
1442 -270.297
1443 -270.297
1444 -270.297
1445 -270.297
1446 -270.297
1447 -270.297
1448 -270.297
1449 -270.297
1450 -270.297
1451 -270.297
1452 -270.297
1453 -270.297
1454 -270.297
1455 -270.298
1456 -270.298
1457 -270.298
1458 -270.298
1459 -270.297
1460 -270.297
1461 -270.297
1462 -270.297
1463 -270.297
1464 -270.297
1465 -270.297
1466 -270.298
1467 -270.298
1468 -270.298
1469 -270.298
1470 -270.298
1471 -270.298
1472 -270.298
1473 -270.298
1474 -270.298
1475 -270.298
1476 -270.298
1477 -270.297
1478 -270.297
1479 -270.298
1480 -270.298
1481 -270.298
1482 -270.298
1483 -270.298
1484 -270.298
1485 -270.298
1486 -270.298
1487 -270.298
1488 -270.298
1489 -270.298
1490 -270.298
1491 -270.298
1492 -270.298
1493 -270.298
1494 -270.298
1495 -270.298
1496 -270.298
1497 -270.298
1498 -270.298
1499 -270.298
1500 -270.298
1501 -270.298
1502 -270.298
1503 -270.298
1504 -270.298
1505 -270.298
1506 -270.298
1507 -270.298
1508 -270.298
1509 -270.298
1510 -270.298
1511 -270.298
1512 -270.298
1513 -270.298
1514 -270.298
1515 -270.298
1516 -270.297
1517 -270.297
1518 -270.297
1519 -270.297
1520 -270.297
1521 -270.297
1522 -270.297
1523 -270.297
1524 -270.297
1525 -270.297
1526 -270.297
1527 -270.297
1528 -270.297
1529 -270.297
1530 -270.297
1531 -270.297
1532 -270.297
1533 -270.297
1534 -270.297
1535 -270.297
1536 -270.297
1537 -270.297
1538 -270.297
1539 -270.297
1540 -270.297
1541 -270.297
1542 -270.297
1543 -270.298
1544 -270.298
1545 -270.297
1546 -270.297
1547 -270.297
1548 -270.297
1549 -270.297
1550 -270.297
1551 -270.297
1552 -270.297
1553 -270.297
1554 -270.297
1555 -270.297
1556 -270.297
1557 -270.297
1558 -270.297
1559 -270.297
1560 -270.297
1561 -270.297
1562 -270.297
1563 -270.297
1564 -270.297
1565 -270.297
1566 -270.297
1567 -270.297
1568 -270.297
1569 -270.297
1570 -270.297
1571 -270.298
1572 -270.298
1573 -270.298
1574 -270.298
1575 -270.298
1576 -270.297
1577 -270.298
1578 -270.298
1579 -270.298
1580 -270.298
1581 -270.298
1582 -270.298
1583 -270.298
1584 -270.298
1585 -270.298
1586 -270.298
1587 -270.298
1588 -270.298
1589 -270.298
1590 -270.298
1591 -270.298
1592 -270.298
1593 -270.298
1594 -270.298
1595 -270.298
1596 -270.298
1597 -270.298
1598 -270.298
1599 -270.298
1600 -270.298
1601 -270.298
1602 -270.298
1603 -270.298
1604 -270.298
1605 -270.298
1606 -270.298
1607 -270.298
1608 -270.298
1609 -270.298
1610 -270.298
1611 -270.298
1612 -270.298
1613 -270.298
1614 -270.298
1615 -270.298
1616 -270.298
1617 -270.298
1618 -270.298
1619 -270.298
1620 -270.298
1621 -270.298
1622 -270.298
1623 -270.298
1624 -270.298
1625 -270.298
1626 -270.298
1627 -270.298
1628 -270.298
1629 -270.298
1630 -270.298
1631 -270.298
1632 -270.298
1633 -270.298
1634 -270.298
1635 -270.298
1636 -270.298
1637 -270.298
1638 -270.298
1639 -270.298
1640 -270.298
1641 -270.298
1642 -270.298
1643 -270.298
1644 -270.298
1645 -270.298
1646 -270.298
1647 -270.298
1648 -270.298
1649 -270.298
1650 -270.298
1651 -270.298
1652 -270.298
1653 -270.298
1654 -270.298
1655 -270.298
1656 -270.298
1657 -270.298
1658 -270.298
1659 -270.298
1660 -270.298
1661 -270.298
1662 -270.298
1663 -270.298
1664 -270.298
1665 -270.298
1666 -270.298
1667 -270.298
1668 -270.298
1669 -270.298
1670 -270.298
1671 -270.298
1672 -270.298
1673 -270.298
1674 -270.298
1675 -270.298
1676 -270.298
1677 -270.298
1678 -270.298
1679 -270.298
1680 -270.298
1681 -270.298
1682 -270.298
1683 -270.298
1684 -270.298
1685 -270.298
1686 -270.298
1687 -270.298
1688 -270.298
1689 -270.298
1690 -270.298
1691 -270.298
1692 -270.298
1693 -270.298
1694 -270.298
1695 -270.298
1696 -270.298
1697 -270.298
1698 -270.298
1699 -270.298
1700 -270.298
1701 -270.298
1702 -270.298
1703 -270.298
1704 -270.298
1705 -270.298
1706 -270.298
1707 -270.298
1708 -270.298
1709 -270.298
1710 -270.298
1711 -270.298
1712 -270.298
1713 -270.298
1714 -270.298
1715 -270.298
1716 -270.298
1717 -270.298
1718 -270.298
1719 -270.298
1720 -270.298
1721 -270.298
1722 -270.298
1723 -270.298
1724 -270.298
1725 -270.298
1726 -270.298
1727 -270.298
1728 -270.298
1729 -270.298
1730 -270.298
1731 -270.298
1732 -270.298
1733 -270.298
1734 -270.298
1735 -270.298
1736 -270.298
1737 -270.298
1738 -270.298
1739 -270.298
1740 -270.298
1741 -270.298
1742 -270.298
1743 -270.298
1744 -270.298
1745 -270.298
1746 -270.298
1747 -270.298
1748 -270.298
1749 -270.298
1750 -270.298
1751 -270.298
1752 -270.298
1753 -270.298
1754 -270.298
1755 -270.298
1756 -270.298
1757 -270.298
1758 -270.298
1759 -270.298
1760 -270.298
1761 -270.298
1762 -270.298
1763 -270.298
1764 -270.298
1765 -270.298
1766 -270.298
1767 -270.298
1768 -270.298
1769 -270.298
1770 -270.298
1771 -270.298
1772 -270.298
1773 -270.298
1774 -270.298
1775 -270.298
1776 -270.298
1777 -270.298
1778 -270.298
1779 -270.298
1780 -270.298
1781 -270.298
1782 -270.298
1783 -270.298
1784 -270.298
1785 -270.298
1786 -270.298
1787 -270.298
1788 -270.298
1789 -270.298
1790 -270.298
1791 -270.298
1792 -270.298
1793 -270.298
1794 -270.298
1795 -270.298
1796 -270.298
1797 -270.298
1798 -270.298
1799 -270.298
1800 -270.298
1801 -270.298
1802 -270.298
1803 -270.298
1804 -270.298
1805 -270.298
1806 -270.298
1807 -270.298
1808 -270.298
1809 -270.298
1810 -270.298
1811 -270.298
1812 -270.298
1813 -270.298
1814 -270.298
1815 -270.298
1816 -270.298
1817 -270.298
1818 -270.298
1819 -270.298
1820 -270.298
1821 -270.298
1822 -270.298
1823 -270.298
1824 -270.298
1825 -270.298
1826 -270.298
1827 -270.298
1828 -270.298
1829 -270.298
1830 -270.298
1831 -270.298
1832 -270.298
1833 -270.298
1834 -270.298
1835 -270.298
1836 -270.298
1837 -270.298
1838 -270.298
1839 -270.298
1840 -270.298
1841 -270.298
1842 -270.298
1843 -270.298
1844 -270.298
1845 -270.298
1846 -270.298
1847 -270.298
1848 -270.298
1849 -270.298
1850 -270.298
1851 -270.298
1852 -270.297
1853 -270.297
1854 -270.297
1855 -270.298
1856 -270.298
1857 -270.298
1858 -270.298
1859 -270.298
1860 -270.298
1861 -270.298
1862 -270.298
1863 -270.298
1864 -270.298
1865 -270.298
1866 -270.298
1867 -270.298
1868 -270.298
1869 -270.298
1870 -270.298
1871 -270.298
1872 -270.298
1873 -270.298
1874 -270.298
1875 -270.298
1876 -270.298
1877 -270.298
1878 -270.298
1879 -270.298
1880 -270.298
1881 -270.298
1882 -270.298
1883 -270.298
1884 -270.298
1885 -270.298
1886 -270.298
1887 -270.298
1888 -270.298
1889 -270.298
1890 -270.298
1891 -270.298
1892 -270.298
1893 -270.298
1894 -270.298
1895 -270.298
1896 -270.298
1897 -270.298
1898 -270.298
1899 -270.298
1900 -270.298
1901 -270.298
1902 -270.298
1903 -270.298
1904 -270.298
1905 -270.298
1906 -270.298
1907 -270.298
1908 -270.298
1909 -270.298
1910 -270.298
1911 -270.298
1912 -270.298
1913 -270.298
1914 -270.298
1915 -270.298
1916 -270.298
1917 -270.298
1918 -270.298
1919 -270.298
1920 -270.298
1921 -270.298
1922 -270.297
1923 -270.297
1924 -270.297
1925 -270.297
1926 -270.297
1927 -270.297
1928 -270.298
1929 -270.298
1930 -270.297
1931 -270.297
1932 -270.297
1933 -270.297
1934 -270.297
1935 -270.297
1936 -270.297
1937 -270.297
1938 -270.297
1939 -270.297
1940 -270.297
1941 -270.297
1942 -270.297
1943 -270.297
1944 -270.297
1945 -270.297
1946 -270.297
1947 -270.297
1948 -270.297
1949 -270.297
1950 -270.297
1951 -270.297
1952 -270.297
1953 -270.297
1954 -270.297
1955 -270.297
1956 -270.297
1957 -270.297
1958 -270.297
1959 -270.297
1960 -270.297
1961 -270.297
1962 -270.297
1963 -270.297
1964 -270.297
1965 -270.297
1966 -270.297
1967 -270.297
1968 -270.297
1969 -270.297
1970 -270.297
1971 -270.297
1972 -270.297
1973 -270.297
1974 -270.297
1975 -270.297
1976 -270.297
1977 -270.297
1978 -270.297
1979 -270.297
1980 -270.297
1981 -270.297
1982 -270.297
1983 -270.297
1984 -270.297
1985 -270.297
1986 -270.297
1987 -270.297
1988 -270.297
1989 -270.297
1990 -270.297
1991 -270.297
1992 -270.297
1993 -270.297
1994 -270.297
1995 -270.297
1996 -270.297
1997 -270.297
1998 -270.297
1999 -270.297
2000 -270.297
2001 -270.297
2002 -270.297
2003 -270.297
2004 -270.297
2005 -270.297
2006 -270.297
2007 -270.297
2008 -270.297
2009 -270.297
2010 -270.297
2011 -270.297
2012 -270.297
2013 -270.297
2014 -270.297
2015 -270.297
2016 -270.297
2017 -270.297
2018 -270.297
2019 -270.297
2020 -270.297
2021 -270.297
2022 -270.297
2023 -270.297
2024 -270.297
2025 -270.297
2026 -270.297
2027 -270.297
2028 -270.297
2029 -270.297
2030 -270.297
2031 -270.297
2032 -270.297
2033 -270.297
2034 -270.297
2035 -270.297
2036 -270.297
2037 -270.297
2038 -270.297
2039 -270.297
2040 -270.297
2041 -270.297
2042 -270.297
2043 -270.297
2044 -270.297
2045 -270.297
2046 -270.297
2047 -270.297
2048 -270.297
2049 -270.297
2050 -270.297
2051 -270.297
2052 -270.297
2053 -270.297
2054 -270.297
2055 -270.297
2056 -270.297
2057 -270.297
2058 -270.297
2059 -270.297
2060 -270.297
2061 -270.297
2062 -270.297
2063 -270.297
2064 -270.297
2065 -270.297
2066 -270.297
2067 -270.297
2068 -270.297
2069 -270.297
2070 -270.297
2071 -270.297
2072 -270.297
2073 -270.297
2074 -270.297
2075 -270.297
2076 -270.297
2077 -270.297
2078 -270.297
2079 -270.297
2080 -270.297
2081 -270.297
2082 -270.297
2083 -270.297
2084 -270.297
2085 -270.297
2086 -270.297
2087 -270.297
2088 -270.297
2089 -270.297
2090 -270.297
2091 -270.297
2092 -270.297
2093 -270.297
2094 -270.297
2095 -270.297
2096 -270.297
2097 -270.297
2098 -270.297
2099 -270.297
2100 -270.297
2101 -270.297
2102 -270.297
2103 -270.297
2104 -270.297
2105 -270.297
2106 -270.297
2107 -270.297
2108 -270.297
2109 -270.297
2110 -270.297
2111 -270.297
2112 -270.297
2113 -270.297
2114 -270.297
2115 -270.297
2116 -270.297
2117 -270.297
2118 -270.297
2119 -270.297
2120 -270.297
2121 -270.297
2122 -270.297
2123 -270.297
2124 -270.297
2125 -270.297
2126 -270.297
2127 -270.297
2128 -270.297
2129 -270.297
2130 -270.297
2131 -270.297
2132 -270.297
2133 -270.297
2134 -270.297
2135 -270.297
2136 -270.297
2137 -270.297
2138 -270.297
2139 -270.297
2140 -270.297
2141 -270.297
2142 -270.297
2143 -270.297
2144 -270.297
2145 -270.297
2146 -270.297
2147 -270.297
2148 -270.297
2149 -270.297
2150 -270.297
2151 -270.297
2152 -270.297
2153 -270.297
2154 -270.297
2155 -270.297
2156 -270.297
2157 -270.297
2158 -270.297
2159 -270.297
2160 -270.297
2161 -270.297
2162 -270.297
2163 -270.297
2164 -270.297
2165 -270.297
2166 -270.297
2167 -270.297
2168 -270.297
2169 -270.297
2170 -270.297
2171 -270.297
2172 -270.297
2173 -270.297
2174 -270.297
2175 -270.297
2176 -270.297
2177 -270.297
2178 -270.297
2179 -270.297
2180 -270.297
2181 -270.297
2182 -270.297
2183 -270.297
2184 -270.297
2185 -270.297
2186 -270.297
2187 -270.297
2188 -270.297
2189 -270.297
2190 -270.297
2191 -270.297
2192 -270.297
2193 -270.297
2194 -270.297
2195 -270.297
2196 -270.297
2197 -270.297
2198 -270.297
2199 -270.297
2200 -270.297
2201 -270.297
2202 -270.297
2203 -270.297
2204 -270.297
2205 -270.297
2206 -270.297
2207 -270.297
2208 -270.297
2209 -270.297
2210 -270.297
2211 -270.297
2212 -270.297
2213 -270.297
2214 -270.297
2215 -270.297
2216 -270.297
2217 -270.297
2218 -270.297
2219 -270.297
2220 -270.297
2221 -270.297
2222 -270.297
2223 -270.297
2224 -270.297
2225 -270.297
2226 -270.297
2227 -270.297
2228 -270.297
2229 -270.297
2230 -270.297
2231 -270.297
2232 -270.297
2233 -270.297
2234 -270.297
2235 -270.297
2236 -270.297
2237 -270.297
2238 -270.297
2239 -270.297
2240 -270.297
2241 -270.297
2242 -270.297
2243 -270.297
2244 -270.297
2245 -270.297
2246 -270.297
2247 -270.297
2248 -270.297
2249 -270.297
2250 -270.297
2251 -270.297
2252 -270.297
2253 -270.297
2254 -270.297
2255 -270.297
2256 -270.297
2257 -270.297
2258 -270.297
2259 -270.297
2260 -270.297
2261 -270.297
2262 -270.297
2263 -270.297
2264 -270.297
2265 -270.297
2266 -270.297
2267 -270.297
2268 -270.297
2269 -270.297
2270 -270.297
2271 -270.297
2272 -270.297
2273 -270.297
2274 -270.297
2275 -270.297
2276 -270.297
2277 -270.297
2278 -270.297
2279 -270.297
2280 -270.297
2281 -270.297
2282 -270.297
2283 -270.297
2284 -270.297
2285 -270.297
2286 -270.297
2287 -270.297
2288 -270.297
2289 -270.297
2290 -270.297
2291 -270.297
2292 -270.297
2293 -270.297
2294 -270.297
2295 -270.297
2296 -270.297
2297 -270.297
2298 -270.297
2299 -270.297
2300 -270.297
2301 -270.297
2302 -270.297
2303 -270.297
2304 -270.297
2305 -270.297
2306 -270.297
2307 -270.297
2308 -270.297
2309 -270.297
2310 -270.297
2311 -270.297
2312 -270.297
2313 -270.297
2314 -270.297
2315 -270.297
2316 -270.297
2317 -270.297
2318 -270.297
2319 -270.297
2320 -270.297
2321 -270.297
2322 -270.297
2323 -270.297
2324 -270.297
2325 -270.297
2326 -270.297
2327 -270.297
2328 -270.297
2329 -270.297
2330 -270.297
2331 -270.297
2332 -270.297
2333 -270.297
2334 -270.297
2335 -270.297
2336 -270.297
2337 -270.297
2338 -270.297
2339 -270.297
2340 -270.297
2341 -270.297
2342 -270.297
2343 -270.297
2344 -270.297
2345 -270.297
2346 -270.297
2347 -270.297
2348 -270.297
2349 -270.297
2350 -270.297
2351 -270.297
2352 -270.297
2353 -270.297
2354 -270.297
2355 -270.297
2356 -270.297
2357 -270.297
2358 -270.297
2359 -270.297
2360 -270.297
2361 -270.297
2362 -270.297
2363 -270.297
2364 -270.297
2365 -270.297
2366 -270.297
2367 -270.297
2368 -270.297
2369 -270.297
2370 -270.297
2371 -270.297
2372 -270.297
2373 -270.297
2374 -270.297
2375 -270.297
2376 -270.297
2377 -270.297
2378 -270.297
2379 -270.297
2380 -270.297
2381 -270.297
2382 -270.297
2383 -270.297
2384 -270.297
2385 -270.297
2386 -270.297
2387 -270.297
2388 -270.297
2389 -270.297
2390 -270.297
2391 -270.297
2392 -270.297
2393 -270.297
2394 -270.297
2395 -270.297
2396 -270.297
2397 -270.297
2398 -270.297
2399 -270.297
2400 -270.297
2401 -270.297
2402 -270.297
2403 -270.297
2404 -270.297
2405 -270.297
2406 -270.297
2407 -270.297
2408 -270.297
2409 -270.297
2410 -270.297
2411 -270.297
2412 -270.297
2413 -270.297
2414 -270.297
2415 -270.297
2416 -270.297
2417 -270.297
2418 -270.297
2419 -270.297
2420 -270.297
2421 -270.297
2422 -270.297
2423 -270.297
2424 -270.297
2425 -270.297
2426 -270.297
2427 -270.297
2428 -270.297
2429 -270.297
2430 -270.297
2431 -270.297
2432 -270.297
2433 -270.297
2434 -270.297
2435 -270.297
2436 -270.297
2437 -270.297
2438 -270.297
2439 -270.297
2440 -270.297
2441 -270.297
2442 -270.297
2443 -270.297
2444 -270.297
2445 -270.297
2446 -270.297
2447 -270.297
2448 -270.297
2449 -270.297
2450 -270.297
2451 -270.297
2452 -270.297
2453 -270.297
2454 -270.297
2455 -270.297
2456 -270.297
2457 -270.297
2458 -270.297
2459 -270.297
2460 -270.297
2461 -270.297
2462 -270.297
2463 -270.297
2464 -270.297
2465 -270.297
2466 -270.297
2467 -270.297
2468 -270.297
2469 -270.297
2470 -270.297
2471 -270.297
2472 -270.297
2473 -270.297
2474 -270.297
2475 -270.297
2476 -270.297
2477 -270.297
2478 -270.297
2479 -270.297
2480 -270.297
2481 -270.297
2482 -270.297
2483 -270.297
2484 -270.297
2485 -270.297
2486 -270.297
2487 -270.297
2488 -270.297
2489 -270.297
2490 -270.297
2491 -270.297
2492 -270.297
2493 -270.297
2494 -270.297
2495 -270.297
2496 -270.297
2497 -270.297
2498 -270.297
2499 -270.297
2500 -270.297
2501 -270.297
2502 -270.297
2503 -270.297
2504 -270.297
2505 -270.297
2506 -270.297
2507 -270.297
2508 -270.297
2509 -270.297
2510 -270.297
2511 -270.297
2512 -270.297
2513 -270.297
2514 -270.297
2515 -270.297
2516 -270.297
2517 -270.297
2518 -270.297
2519 -270.297
2520 -270.297
2521 -270.297
2522 -270.297
2523 -270.297
2524 -270.297
2525 -270.297
2526 -270.297
2527 -270.297
2528 -270.297
2529 -270.297
2530 -270.297
2531 -270.297
2532 -270.297
2533 -270.297
2534 -270.297
2535 -270.297
2536 -270.297
2537 -270.297
2538 -270.297
2539 -270.297
2540 -270.297
2541 -270.297
2542 -270.297
2543 -270.297
2544 -270.297
2545 -270.297
2546 -270.297
2547 -270.297
2548 -270.297
2549 -270.297
2550 -270.297
2551 -270.297
2552 -270.297
2553 -270.297
2554 -270.297
2555 -270.297
2556 -270.297
2557 -270.297
2558 -270.297
2559 -270.297
2560 -270.297
2561 -270.297
2562 -270.297
2563 -270.297
2564 -270.297
2565 -270.297
2566 -270.297
2567 -270.297
2568 -270.297
2569 -270.297
2570 -270.297
2571 -270.297
2572 -270.297
2573 -270.297
2574 -270.297
2575 -270.297
2576 -270.297
2577 -270.297
2578 -270.297
2579 -270.297
2580 -270.297
2581 -270.297
2582 -270.297
2583 -270.297
2584 -270.297
2585 -270.297
2586 -270.297
2587 -270.297
2588 -270.297
2589 -270.297
2590 -270.297
2591 -270.297
2592 -270.297
2593 -270.297
2594 -270.297
2595 -270.297
2596 -270.297
2597 -270.297
2598 -270.297
2599 -270.297
2600 -270.297
2601 -270.297
2602 -270.297
2603 -270.297
2604 -270.297
2605 -270.297
2606 -270.297
2607 -270.297
2608 -270.297
2609 -270.297
2610 -270.297
2611 -270.297
2612 -270.297
2613 -270.297
2614 -270.297
2615 -270.297
2616 -270.297
2617 -270.297
2618 -270.297
2619 -270.298
2620 -270.298
2621 -270.298
2622 -270.298
2623 -270.298
2624 -270.298
2625 -270.298
2626 -270.298
2627 -270.298
2628 -270.298
2629 -270.298
2630 -270.298
2631 -270.298
2632 -270.298
2633 -270.298
2634 -270.298
2635 -270.298
2636 -270.298
2637 -270.298
2638 -270.298
2639 -270.298
2640 -270.298
2641 -270.298
2642 -270.298
2643 -270.298
2644 -270.298
2645 -270.298
2646 -270.298
2647 -270.298
2648 -270.298
2649 -270.298
2650 -270.298
2651 -270.298
2652 -270.298
2653 -270.298
2654 -270.298
2655 -270.298
2656 -270.298
2657 -270.298
2658 -270.298
2659 -270.298
2660 -270.298
2661 -270.298
2662 -270.298
2663 -270.298
2664 -270.298
2665 -270.298
2666 -270.298
2667 -270.298
2668 -270.298
2669 -270.298
2670 -270.298
2671 -270.298
2672 -270.298
2673 -270.298
2674 -270.298
2675 -270.298
2676 -270.298
2677 -270.298
2678 -270.298
2679 -270.298
2680 -270.298
2681 -270.298
2682 -270.298
2683 -270.298
2684 -270.298
2685 -270.298
2686 -270.298
2687 -270.298
2688 -270.298
2689 -270.298
2690 -270.298
2691 -270.298
2692 -270.298
2693 -270.298
2694 -270.298
2695 -270.298
2696 -270.298
2697 -270.298
2698 -270.298
2699 -270.298
2700 -270.298
2701 -270.298
2702 -270.298
2703 -270.298
2704 -270.298
2705 -270.298
2706 -270.298
2707 -270.298
2708 -270.298
2709 -270.298
2710 -270.298
2711 -270.298
2712 -270.298
2713 -270.298
2714 -270.298
2715 -270.298
2716 -270.298
2717 -270.298
2718 -270.298
2719 -270.298
2720 -270.298
2721 -270.298
2722 -270.298
2723 -270.298
2724 -270.298
2725 -270.298
2726 -270.298
2727 -270.298
2728 -270.298
2729 -270.298
2730 -270.298
2731 -270.298
2732 -270.298
2733 -270.298
2734 -270.298
2735 -270.298
2736 -270.298
2737 -270.298
2738 -270.298
2739 -270.298
2740 -270.298
2741 -270.298
2742 -270.298
2743 -270.298
2744 -270.298
2745 -270.298
2746 -270.298
2747 -270.298
2748 -270.298
2749 -270.297
2750 -270.297
2751 -270.297
2752 -270.297
2753 -270.297
2754 -270.297
2755 -270.297
2756 -270.297
2757 -270.297
2758 -270.297
2759 -270.297
2760 -270.297
2761 -270.297
2762 -270.297
2763 -270.297
2764 -270.297
2765 -270.297
2766 -270.297
2767 -270.297
2768 -270.297
2769 -270.297
2770 -270.297
2771 -270.297
2772 -270.297
2773 -270.297
2774 -270.297
2775 -270.297
2776 -270.297
2777 -270.297
2778 -270.297
2779 -270.297
2780 -270.297
2781 -270.297
2782 -270.297
2783 -270.297
2784 -270.297
2785 -270.297
2786 -270.297
2787 -270.297
2788 -270.297
2789 -270.297
2790 -270.297
2791 -270.297
2792 -270.297
2793 -270.297
2794 -270.297
2795 -270.297
2796 -270.297
2797 -270.297
2798 -270.297
2799 -270.297
2800 -270.297
2801 -270.297
2802 -270.298
2803 -270.298
2804 -270.298
2805 -270.298
2806 -270.298
2807 -270.298
2808 -270.298
2809 -270.298
2810 -270.298
2811 -270.297
2812 -270.297
2813 -270.297
2814 -270.297
2815 -270.297
2816 -270.297
2817 -270.297
2818 -270.297
2819 -270.297
2820 -270.297
2821 -270.297
2822 -270.297
2823 -270.297
2824 -270.297
2825 -270.297
2826 -270.297
2827 -270.297
2828 -270.297
2829 -270.297
2830 -270.297
2831 -270.297
2832 -270.297
2833 -270.297
2834 -270.297
2835 -270.297
2836 -270.297
2837 -270.298
2838 -270.298
2839 -270.298
2840 -270.298
2841 -270.298
2842 -270.298
2843 -270.298
2844 -270.298
2845 -270.298
2846 -270.298
2847 -270.298
2848 -270.298
2849 -270.298
2850 -270.298
2851 -270.298
2852 -270.298
2853 -270.298
2854 -270.298
2855 -270.298
2856 -270.298
2857 -270.298
2858 -270.298
2859 -270.298
2860 -270.298
2861 -270.298
2862 -270.298
2863 -270.298
2864 -270.298
2865 -270.298
2866 -270.298
2867 -270.297
2868 -270.298
2869 -270.298
2870 -270.297
2871 -270.297
2872 -270.297
2873 -270.297
2874 -270.297
2875 -270.297
2876 -270.298
2877 -270.298
2878 -270.298
2879 -270.298
2880 -270.297
2881 -270.297
2882 -270.297
2883 -270.297
2884 -270.297
2885 -270.297
2886 -270.297
2887 -270.297
2888 -270.297
2889 -270.297
2890 -270.297
2891 -270.297
2892 -270.297
2893 -270.297
2894 -270.297
2895 -270.297
2896 -270.297
2897 -270.297
2898 -270.297
2899 -270.297
2900 -270.297
2901 -270.297
2902 -270.297
2903 -270.297
2904 -270.297
2905 -270.297
2906 -270.297
2907 -270.297
2908 -270.297
2909 -270.297
2910 -270.297
2911 -270.297
2912 -270.297
2913 -270.297
2914 -270.297
2915 -270.297
2916 -270.297
2917 -270.297
2918 -270.297
2919 -270.297
2920 -270.297
2921 -270.297
2922 -270.297
2923 -270.297
2924 -270.297
2925 -270.298
2926 -270.297
2927 -270.297
2928 -270.298
2929 -270.298
2930 -270.298
2931 -270.298
2932 -270.297
2933 -270.297
2934 -270.297
2935 -270.297
2936 -270.297
2937 -270.297
2938 -270.297
2939 -270.297
2940 -270.297
2941 -270.297
2942 -270.297
2943 -270.297
2944 -270.297
2945 -270.297
2946 -270.297
2947 -270.297
2948 -270.297
2949 -270.297
2950 -270.297
2951 -270.297
2952 -270.297
2953 -270.297
2954 -270.297
2955 -270.297
2956 -270.297
2957 -270.297
2958 -270.297
2959 -270.297
2960 -270.297
2961 -270.297
2962 -270.297
2963 -270.297
2964 -270.297
2965 -270.297
2966 -270.297
2967 -270.297
2968 -270.297
2969 -270.297
2970 -270.297
2971 -270.297
2972 -270.297
2973 -270.297
2974 -270.297
2975 -270.297
2976 -270.297
2977 -270.297
2978 -270.297
2979 -270.297
2980 -270.297
2981 -270.297
2982 -270.297
2983 -270.297
2984 -270.297
2985 -270.297
2986 -270.297
2987 -270.297
2988 -270.297
2989 -270.297
2990 -270.297
2991 -270.297
2992 -270.297
2993 -270.297
2994 -270.297
2995 -270.297
2996 -270.297
2997 -270.297
2998 -270.297
2999 -270.297
3000 -270.297
