1 -270.297
2 -270.297
3 -270.297
4 -270.297
5 -270.297
6 -270.297
7 -270.297
8 -270.297
9 -270.298
10 -270.298
11 -270.298
12 -270.298
13 -270.298
14 -270.298
15 -270.298
16 -270.298
17 -270.298
18 -270.298
19 -270.298
20 -270.298
21 -270.298
22 -270.298
23 -270.298
24 -270.298
25 -270.298
26 -270.298
27 -270.298
28 -270.298
29 -270.298
30 -270.298
31 -270.298
32 -270.298
33 -270.298
34 -270.298
35 -270.298
36 -270.298
37 -270.298
38 -270.298
39 -270.298
40 -270.298
41 -270.298
42 -270.298
43 -270.298
44 -270.298
45 -270.298
46 -270.298
47 -270.298
48 -270.298
49 -270.298
50 -270.298
51 -270.298
52 -270.298
53 -270.298
54 -270.298
55 -270.298
56 -270.298
57 -270.298
58 -270.298
59 -270.298
60 -270.298
61 -270.298
62 -270.298
63 -270.298
64 -270.298
65 -270.298
66 -270.298
67 -270.298
68 -270.298
69 -270.298
70 -270.298
71 -270.298
72 -270.298
73 -270.298
74 -270.298
75 -270.298
76 -270.298
77 -270.298
78 -270.298
79 -270.298
80 -270.298
81 -270.298
82 -270.298
83 -270.298
84 -270.298
85 -270.298
86 -270.298
87 -270.298
88 -270.298
89 -270.298
90 -270.298
91 -270.298
92 -270.298
93 -270.298
94 -270.298
95 -270.298
96 -270.298
97 -270.298
98 -270.298
99 -270.298
100 -270.298
101 -270.298
102 -270.298
103 -270.298
104 -270.298
105 -270.298
106 -270.298
107 -270.298
108 -270.298
109 -270.298
110 -270.298
111 -270.298
112 -270.298
113 -270.298
114 -270.298
115 -270.298
116 -270.298
117 -270.298
118 -270.298
119 -270.298
120 -270.298
121 -270.298
122 -270.298
123 -270.298
124 -270.298
125 -270.298
126 -270.298
127 -270.298
128 -270.298
129 -270.298
130 -270.298
131 -270.298
132 -270.298
133 -270.298
134 -270.298
135 -270.298
136 -270.298
137 -270.298
138 -270.298
139 -270.298
140 -270.298
141 -270.298
142 -270.298
143 -270.298
144 -270.298
145 -270.298
146 -270.298
147 -270.298
148 -270.298
149 -270.298
150 -270.298
151 -270.298
152 -270.298
153 -270.298
154 -270.298
155 -270.298
156 -270.298
157 -270.298
158 -270.298
159 -270.298
160 -270.298
161 -270.298
162 -270.298
163 -270.298
164 -270.298
165 -270.298
166 -270.298
167 -270.298
168 -270.298
169 -270.298
170 -270.298
171 -270.298
172 -270.298
173 -270.298
174 -270.298
175 -270.298
176 -270.298
177 -270.298
178 -270.298
179 -270.298
180 -270.298
181 -270.298
182 -270.298
183 -270.298
184 -270.298
185 -270.298
186 -270.298
187 -270.298
188 -270.298
189 -270.298
190 -270.298
191 -270.298
192 -270.298
193 -270.298
194 -270.298
195 -270.298
196 -270.298
197 -270.298
198 -270.298
199 -270.298
200 -270.298
201 -270.298
202 -270.298
203 -270.298
204 -270.298
205 -270.298
206 -270.298
207 -270.298
208 -270.298
209 -270.298
210 -270.298
211 -270.298
212 -270.298
213 -270.298
214 -270.298
215 -270.298
216 -270.298
217 -270.298
218 -270.298
219 -270.298
220 -270.298
221 -270.298
222 -270.298
223 -270.298
224 -270.298
225 -270.298
226 -270.298
227 -270.298
228 -270.298
229 -270.298
230 -270.298
231 -270.298
232 -270.298
233 -270.298
234 -270.298
235 -270.298
236 -270.298
237 -270.298
238 -270.298
239 -270.298
240 -270.298
241 -270.298
242 -270.298
243 -270.298
244 -270.298
245 -270.298
246 -270.298
247 -270.298
248 -270.298
249 -270.298
250 -270.298
251 -270.298
252 -270.298
253 -270.298
254 -270.298
255 -270.298
256 -270.298
257 -270.298
258 -270.298
259 -270.298
260 -270.298
261 -270.298
262 -270.298
263 -270.298
264 -270.298
265 -270.298
266 -270.298
267 -270.298
268 -270.298
269 -270.298
270 -270.298
271 -270.298
272 -270.298
273 -270.298
274 -270.298
275 -270.298
276 -270.298
277 -270.298
278 -270.298
279 -270.298
280 -270.298
281 -270.298
282 -270.298
283 -270.298
284 -270.298
285 -270.298
286 -270.298
287 -270.298
288 -270.298
289 -270.298
290 -270.298
291 -270.298
292 -270.298
293 -270.298
294 -270.298
295 -270.298
296 -270.298
297 -270.298
298 -270.298
299 -270.298
300 -270.298
301 -270.298
302 -270.298
303 -270.298
304 -270.298
305 -270.298
306 -270.298
307 -270.298
308 -270.298
309 -270.298
310 -270.298
311 -270.298
312 -270.298
313 -270.298
314 -270.298
315 -270.298
316 -270.298
317 -270.298
318 -270.298
319 -270.298
320 -270.298
321 -270.298
322 -270.298
323 -270.298
324 -270.298
325 -270.298
326 -270.298
327 -270.298
328 -270.298
329 -270.298
330 -270.298
331 -270.298
332 -270.298
333 -270.298
334 -270.298
335 -270.298
336 -270.298
337 -270.298
338 -270.298
339 -270.298
340 -270.298
341 -270.298
342 -270.298
343 -270.298
344 -270.298
345 -270.298
346 -270.298
347 -270.298
348 -270.298
349 -270.298
350 -270.298
351 -270.298
352 -270.298
353 -270.298
354 -270.298
355 -270.298
356 -270.298
357 -270.298
358 -270.298
359 -270.298
360 -270.298
361 -270.298
362 -270.298
363 -270.298
364 -270.298
365 -270.298
366 -270.298
367 -270.298
368 -270.298
369 -270.298
370 -270.298
371 -270.298
372 -270.298
373 -270.298
374 -270.298
375 -270.298
376 -270.298
377 -270.298
378 -270.298
379 -270.298
380 -270.298
381 -270.298
382 -270.298
383 -270.298
384 -270.298
385 -270.298
386 -270.298
387 -270.298
388 -270.298
389 -270.298
390 -270.298
391 -270.298
392 -270.298
393 -270.298
394 -270.298
395 -270.298
396 -270.298
397 -270.298
398 -270.298
399 -270.298
400 -270.298
401 -270.298
402 -270.298
403 -270.298
404 -270.298
405 -270.298
406 -270.298
407 -270.298
408 -270.298
409 -270.298
410 -270.298
411 -270.298
412 -270.298
413 -270.298
414 -270.298
415 -270.298
416 -270.298
417 -270.298
418 -270.298
419 -270.298
420 -270.298
421 -270.298
422 -270.298
423 -270.298
424 -270.298
425 -270.298
426 -270.298
427 -270.298
428 -270.298
429 -270.298
430 -270.298
431 -270.298
432 -270.298
433 -270.298
434 -270.298
435 -270.298
436 -270.298
437 -270.298
438 -270.298
439 -270.298
440 -270.298
441 -270.298
442 -270.298
443 -270.298
444 -270.298
445 -270.298
446 -270.298
447 -270.298
448 -270.298
449 -270.298
450 -270.298
451 -270.298
452 -270.298
453 -270.298
454 -270.298
455 -270.298
456 -270.298
457 -270.298
458 -270.298
459 -270.298
460 -270.298
461 -270.298
462 -270.298
463 -270.298
464 -270.298
465 -270.298
466 -270.298
467 -270.298
468 -270.298
469 -270.298
470 -270.298
471 -270.298
472 -270.298
473 -270.298
474 -270.298
475 -270.298
476 -270.298
477 -270.298
478 -270.298
479 -270.298
480 -270.298
481 -270.298
482 -270.298
483 -270.298
484 -270.298
485 -270.298
486 -270.298
487 -270.298
488 -270.298
489 -270.298
490 -270.298
491 -270.298
492 -270.298
493 -270.298
494 -270.298
495 -270.298
496 -270.298
497 -270.298
498 -270.298
499 -270.298
500 -270.298
501 -270.298
502 -270.298
503 -270.298
504 -270.298
505 -270.298
506 -270.298
507 -270.298
508 -270.298
509 -270.298
510 -270.298
511 -270.298
512 -270.298
513 -270.298
514 -270.298
515 -270.298
516 -270.298
517 -270.298
518 -270.298
519 -270.298
520 -270.298
521 -270.298
522 -270.298
523 -270.298
524 -270.298
525 -270.298
526 -270.298
527 -270.298
528 -270.298
529 -270.298
530 -270.298
531 -270.298
532 -270.298
533 -270.298
534 -270.298
535 -270.298
536 -270.298
537 -270.298
538 -270.298
539 -270.298
540 -270.298
541 -270.298
542 -270.298
543 -270.298
544 -270.298
545 -270.298
546 -270.298
547 -270.298
548 -270.298
549 -270.298
550 -270.298
551 -270.298
552 -270.298
553 -270.298
554 -270.298
555 -270.298
556 -270.298
557 -270.298
558 -270.298
559 -270.298
560 -270.298
561 -270.298
562 -270.298
563 -270.298
564 -270.298
565 -270.298
566 -270.298
567 -270.298
568 -270.298
569 -270.298
570 -270.298
571 -270.298
572 -270.298
573 -270.298
574 -270.298
575 -270.298
576 -270.298
577 -270.298
578 -270.298
579 -270.298
580 -270.298
581 -270.298
582 -270.298
583 -270.298
584 -270.298
585 -270.298
586 -270.298
587 -270.298
588 -270.298
589 -270.298
590 -270.298
591 -270.298
592 -270.298
593 -270.298
594 -270.298
595 -270.298
596 -270.298
597 -270.298
598 -270.298
599 -270.298
600 -270.298
601 -270.298
602 -270.298
603 -270.298
604 -270.298
605 -270.298
606 -270.298
607 -270.298
608 -270.298
609 -270.298
610 -270.298
611 -270.298
612 -270.298
613 -270.298
614 -270.298
615 -270.298
616 -270.298
617 -270.298
618 -270.298
619 -270.298
620 -270.298
621 -270.298
622 -270.298
623 -270.298
624 -270.298
625 -270.298
626 -270.298
627 -270.298
628 -270.298
629 -270.298
630 -270.298
631 -270.298
632 -270.298
633 -270.298
634 -270.298
635 -270.298
636 -270.298
637 -270.298
638 -270.298
639 -270.298
640 -270.298
641 -270.298
642 -270.298
643 -270.298
644 -270.298
645 -270.298
646 -270.298
647 -270.298
648 -270.298
649 -270.298
650 -270.298
651 -270.298
652 -270.298
653 -270.298
654 -270.298
655 -270.298
656 -270.298
657 -270.298
658 -270.298
659 -270.298
660 -270.298
661 -270.298
662 -270.298
663 -270.298
664 -270.298
665 -270.298
666 -270.298
667 -270.298
668 -270.298
669 -270.298
670 -270.298
671 -270.298
672 -270.298
673 -270.298
674 -270.298
675 -270.298
676 -270.298
677 -270.298
678 -270.298
679 -270.298
680 -270.298
681 -270.298
682 -270.298
683 -270.298
684 -270.298
685 -270.298
686 -270.298
687 -270.298
688 -270.298
689 -270.298
690 -270.298
691 -270.298
692 -270.298
693 -270.298
694 -270.298
695 -270.298
696 -270.298
697 -270.298
698 -270.298
699 -270.298
700 -270.298
701 -270.298
702 -270.298
703 -270.298
704 -270.298
705 -270.298
706 -270.298
707 -270.298
708 -270.298
709 -270.298
710 -270.298
711 -270.298
712 -270.298
713 -270.298
714 -270.298
715 -270.298
716 -270.298
717 -270.298
718 -270.298
719 -270.298
720 -270.298
721 -270.298
722 -270.298
723 -270.298
724 -270.298
725 -270.298
726 -270.298
727 -270.298
728 -270.298
729 -270.298
730 -270.298
731 -270.298
732 -270.298
733 -270.298
734 -270.298
735 -270.298
736 -270.298
737 -270.298
738 -270.298
739 -270.298
740 -270.298
741 -270.298
742 -270.298
743 -270.298
744 -270.298
745 -270.298
746 -270.298
747 -270.298
748 -270.298
749 -270.298
750 -270.298
751 -270.298
752 -270.298
753 -270.298
754 -270.298
755 -270.298
756 -270.298
757 -270.298
758 -270.298
759 -270.298
760 -270.298
761 -270.298
762 -270.298
763 -270.298
764 -270.298
765 -270.298
766 -270.298
767 -270.298
768 -270.298
769 -270.298
770 -270.298
771 -270.298
772 -270.298
773 -270.298
774 -270.298
775 -270.298
776 -270.298
777 -270.298
778 -270.298
779 -270.298
780 -270.298
781 -270.298
782 -270.298
783 -270.298
784 -270.298
785 -270.298
786 -270.298
787 -270.298
788 -270.298
789 -270.298
790 -270.298
791 -270.298
792 -270.298
793 -270.298
794 -270.299
795 -270.299
796 -270.298
797 -270.298
798 -270.298
799 -270.298
800 -270.298
801 -270.298
802 -270.298
803 -270.299
804 -270.299
805 -270.299
806 -270.299
807 -270.299
808 -270.299
809 -270.299
810 -270.299
811 -270.299
812 -270.299
813 -270.299
814 -270.299
815 -270.299
816 -270.299
817 -270.299
818 -270.299
819 -270.299
820 -270.299
821 -270.299
822 -270.299
823 -270.299
824 -270.298
825 -270.298
826 -270.298
827 -270.298
828 -270.298
829 -270.298
830 -270.298
831 -270.298
832 -270.298
833 -270.298
834 -270.298
835 -270.298
836 -270.299
837 -270.299
838 -270.299
839 -270.299
840 -270.299
841 -270.299
842 -270.299
843 -270.298
844 -270.298
845 -270.298
846 -270.298
847 -270.298
848 -270.298
849 -270.298
850 -270.298
851 -270.298
852 -270.298
853 -270.298
854 -270.298
855 -270.298
856 -270.298
857 -270.298
858 -270.298
859 -270.298
860 -270.298
861 -270.298
862 -270.298
863 -270.298
864 -270.298
865 -270.298
866 -270.298
867 -270.298
868 -270.298
869 -270.298
870 -270.298
871 -270.298
872 -270.298
873 -270.298
874 -270.298
875 -270.298
876 -270.298
877 -270.298
878 -270.298
879 -270.298
880 -270.298
881 -270.298
882 -270.298
883 -270.298
884 -270.298
885 -270.298
886 -270.298
887 -270.298
888 -270.298
889 -270.298
890 -270.298
891 -270.298
892 -270.298
893 -270.298
894 -270.298
895 -270.298
896 -270.298
897 -270.298
898 -270.298
899 -270.298
900 -270.298
901 -270.298
902 -270.298
903 -270.298
904 -270.298
905 -270.298
906 -270.298
907 -270.298
908 -270.298
909 -270.298
910 -270.298
911 -270.298
912 -270.298
913 -270.298
914 -270.298
915 -270.298
916 -270.298
917 -270.298
918 -270.298
919 -270.298
920 -270.298
921 -270.298
922 -270.298
923 -270.298
924 -270.298
925 -270.298
926 -270.298
927 -270.298
928 -270.298
929 -270.298
930 -270.298
931 -270.298
932 -270.298
933 -270.298
934 -270.298
935 -270.298
936 -270.298
937 -270.298
938 -270.298
939 -270.298
940 -270.298
941 -270.298
942 -270.298
943 -270.298
944 -270.298
945 -270.298
946 -270.298
947 -270.298
948 -270.298
949 -270.298
950 -270.298
951 -270.298
952 -270.298
953 -270.298
954 -270.298
955 -270.298
956 -270.298
957 -270.298
958 -270.298
959 -270.298
960 -270.298
961 -270.298
962 -270.298
963 -270.298
964 -270.298
965 -270.298
966 -270.298
967 -270.298
968 -270.298
969 -270.298
970 -270.298
971 -270.298
972 -270.298
973 -270.298
974 -270.298
975 -270.298
976 -270.298
977 -270.298
978 -270.298
979 -270.298
980 -270.298
981 -270.298
982 -270.298
983 -270.298
984 -270.298
985 -270.298
986 -270.298
987 -270.298
988 -270.298
989 -270.298
990 -270.298
991 -270.298
992 -270.298
993 -270.298
994 -270.298
995 -270.298
996 -270.298
997 -270.298
998 -270.298
999 -270.298
1000 -270.298
1001 -270.298
1002 -270.298
1003 -270.298
1004 -270.298
1005 -270.298
1006 -270.298
1007 -270.298
1008 -270.298
1009 -270.298
1010 -270.298
1011 -270.298
1012 -270.298
1013 -270.298
1014 -270.298
1015 -270.298
1016 -270.298
1017 -270.298
1018 -270.298
1019 -270.298
1020 -270.298
1021 -270.298
1022 -270.298
1023 -270.298
1024 -270.298
1025 -270.298
1026 -270.298
1027 -270.298
1028 -270.298
1029 -270.298
1030 -270.298
1031 -270.298
1032 -270.298
1033 -270.298
1034 -270.298
1035 -270.298
1036 -270.298
1037 -270.298
1038 -270.298
1039 -270.298
1040 -270.298
1041 -270.298
1042 -270.298
1043 -270.298
1044 -270.298
1045 -270.298
1046 -270.298
1047 -270.298
1048 -270.298
1049 -270.298
1050 -270.298
1051 -270.298
1052 -270.298
1053 -270.298
1054 -270.298
1055 -270.298
1056 -270.298
1057 -270.298
1058 -270.298
1059 -270.298
1060 -270.298
1061 -270.298
1062 -270.298
1063 -270.298
1064 -270.298
1065 -270.298
1066 -270.298
1067 -270.298
1068 -270.298
1069 -270.298
1070 -270.298
1071 -270.298
1072 -270.298
1073 -270.298
1074 -270.298
1075 -270.298
1076 -270.298
1077 -270.298
1078 -270.298
1079 -270.298
1080 -270.298
1081 -270.298
1082 -270.298
1083 -270.298
1084 -270.298
1085 -270.298
1086 -270.298
1087 -270.298
1088 -270.298
1089 -270.298
1090 -270.298
1091 -270.298
1092 -270.298
1093 -270.298
1094 -270.298
1095 -270.298
1096 -270.298
1097 -270.298
1098 -270.298
1099 -270.298
1100 -270.298
1101 -270.298
1102 -270.298
1103 -270.298
1104 -270.298
1105 -270.298
1106 -270.298
1107 -270.298
1108 -270.298
1109 -270.298
1110 -270.298
1111 -270.298
1112 -270.298
1113 -270.298
1114 -270.298
1115 -270.298
1116 -270.298
1117 -270.298
1118 -270.298
1119 -270.298
1120 -270.298
1121 -270.298
1122 -270.298
1123 -270.298
1124 -270.298
1125 -270.298
1126 -270.298
1127 -270.298
1128 -270.298
1129 -270.298
1130 -270.298
1131 -270.298
1132 -270.298
1133 -270.298
1134 -270.298
1135 -270.298
1136 -270.298
1137 -270.298
1138 -270.298
1139 -270.298
1140 -270.298
1141 -270.298
1142 -270.298
1143 -270.298
1144 -270.298
1145 -270.298
1146 -270.298
1147 -270.298
1148 -270.298
1149 -270.298
1150 -270.298
1151 -270.298
1152 -270.298
1153 -270.298
1154 -270.298
1155 -270.298
1156 -270.298
1157 -270.298
1158 -270.298
1159 -270.298
1160 -270.298
1161 -270.298
1162 -270.298
1163 -270.298
1164 -270.298
1165 -270.298
1166 -270.298
1167 -270.298
1168 -270.298
1169 -270.298
1170 -270.298
1171 -270.298
1172 -270.298
1173 -270.298
1174 -270.298
1175 -270.298
1176 -270.298
1177 -270.298
1178 -270.298
1179 -270.298
1180 -270.298
1181 -270.298
1182 -270.298
1183 -270.298
1184 -270.298
1185 -270.298
1186 -270.298
1187 -270.298
1188 -270.298
1189 -270.298
1190 -270.298
1191 -270.298
1192 -270.298
1193 -270.298
1194 -270.298
1195 -270.298
1196 -270.298
1197 -270.298
1198 -270.298
1199 -270.298
1200 -270.298
1201 -270.298
1202 -270.298
1203 -270.298
1204 -270.298
1205 -270.298
1206 -270.299
1207 -270.299
1208 -270.299
1209 -270.299
1210 -270.299
1211 -270.299
1212 -270.299
1213 -270.299
1214 -270.299
1215 -270.299
1216 -270.299
1217 -270.299
1218 -270.299
1219 -270.299
1220 -270.299
1221 -270.299
1222 -270.299
1223 -270.299
1224 -270.299
1225 -270.298
1226 -270.298
1227 -270.298
1228 -270.298
1229 -270.298
1230 -270.298
1231 -270.298
1232 -270.298
1233 -270.298
1234 -270.298
1235 -270.298
1236 -270.298
1237 -270.298
1238 -270.298
1239 -270.298
1240 -270.298
1241 -270.298
1242 -270.298
1243 -270.298
1244 -270.298
1245 -270.298
1246 -270.298
1247 -270.298
1248 -270.298
1249 -270.298
1250 -270.298
1251 -270.298
1252 -270.298
1253 -270.298
1254 -270.298
1255 -270.298
1256 -270.298
1257 -270.298
1258 -270.298
1259 -270.298
1260 -270.298
1261 -270.298
1262 -270.298
1263 -270.298
1264 -270.298
1265 -270.298
1266 -270.298
1267 -270.298
1268 -270.298
1269 -270.298
1270 -270.298
1271 -270.298
1272 -270.298
1273 -270.298
1274 -270.298
1275 -270.298
1276 -270.298
1277 -270.298
1278 -270.298
1279 -270.298
1280 -270.298
1281 -270.298
1282 -270.298
1283 -270.298
1284 -270.298
1285 -270.298
1286 -270.298
1287 -270.298
1288 -270.298
1289 -270.298
1290 -270.298
1291 -270.298
1292 -270.298
1293 -270.298
1294 -270.298
1295 -270.298
1296 -270.298
1297 -270.298
1298 -270.298
1299 -270.298
1300 -270.298
1301 -270.298
1302 -270.298
1303 -270.298
1304 -270.298
1305 -270.298
1306 -270.298
1307 -270.298
1308 -270.298
1309 -270.298
1310 -270.298
1311 -270.298
1312 -270.298
1313 -270.298
1314 -270.298
1315 -270.298
1316 -270.298
1317 -270.298
1318 -270.298
1319 -270.298
1320 -270.298
1321 -270.298
1322 -270.298
1323 -270.298
1324 -270.298
1325 -270.298
1326 -270.298
1327 -270.298
1328 -270.298
1329 -270.298
1330 -270.298
1331 -270.298
1332 -270.298
1333 -270.298
1334 -270.298
1335 -270.298
1336 -270.298
1337 -270.298
1338 -270.298
1339 -270.298
1340 -270.298
1341 -270.298
1342 -270.298
1343 -270.298
1344 -270.298
1345 -270.298
1346 -270.298
1347 -270.298
1348 -270.298
1349 -270.298
1350 -270.298
1351 -270.298
1352 -270.298
1353 -270.298
1354 -270.298
1355 -270.298
1356 -270.298
1357 -270.298
1358 -270.298
1359 -270.298
1360 -270.298
1361 -270.298
1362 -270.298
1363 -270.298
1364 -270.298
1365 -270.298
1366 -270.298
1367 -270.298
1368 -270.298
1369 -270.298
1370 -270.298
1371 -270.298
1372 -270.298
1373 -270.298
1374 -270.298
1375 -270.298
1376 -270.298
1377 -270.298
1378 -270.298
1379 -270.298
1380 -270.298
1381 -270.298
1382 -270.298
1383 -270.298
1384 -270.298
1385 -270.298
1386 -270.298
1387 -270.298
1388 -270.298
1389 -270.298
1390 -270.298
1391 -270.298
1392 -270.298
1393 -270.298
1394 -270.298
1395 -270.298
1396 -270.298
1397 -270.298
1398 -270.298
1399 -270.298
1400 -270.298
1401 -270.298
1402 -270.298
1403 -270.298
1404 -270.298
1405 -270.298
1406 -270.298
1407 -270.298
1408 -270.298
1409 -270.298
1410 -270.298
1411 -270.298
1412 -270.298
1413 -270.298
1414 -270.298
1415 -270.298
1416 -270.298
1417 -270.298
1418 -270.298
1419 -270.298
1420 -270.298
1421 -270.298
1422 -270.298
1423 -270.298
1424 -270.298
1425 -270.298
1426 -270.298
1427 -270.298
1428 -270.298
1429 -270.298
1430 -270.298
1431 -270.298
1432 -270.298
1433 -270.298
1434 -270.298
1435 -270.298
1436 -270.298
1437 -270.298
1438 -270.298
1439 -270.298
1440 -270.298
1441 -270.298
1442 -270.298
1443 -270.298
1444 -270.298
1445 -270.298
1446 -270.298
1447 -270.298
1448 -270.298
1449 -270.298
1450 -270.298
1451 -270.298
1452 -270.298
1453 -270.298
1454 -270.298
1455 -270.298
1456 -270.298
1457 -270.298
1458 -270.298
1459 -270.298
1460 -270.298
1461 -270.298
1462 -270.298
1463 -270.298
1464 -270.298
1465 -270.298
1466 -270.298
1467 -270.298
1468 -270.298
1469 -270.298
1470 -270.298
1471 -270.298
1472 -270.298
1473 -270.298
1474 -270.298
1475 -270.298
1476 -270.298
1477 -270.298
1478 -270.298
1479 -270.298
1480 -270.298
1481 -270.298
1482 -270.298
1483 -270.298
1484 -270.298
1485 -270.298
1486 -270.298
1487 -270.298
1488 -270.298
1489 -270.298
1490 -270.298
1491 -270.298
1492 -270.298
1493 -270.298
1494 -270.298
1495 -270.298
1496 -270.298
1497 -270.298
1498 -270.298
1499 -270.298
1500 -270.298
1501 -270.298
1502 -270.298
1503 -270.298
1504 -270.298
1505 -270.298
1506 -270.298
1507 -270.298
1508 -270.298
1509 -270.298
1510 -270.298
1511 -270.298
1512 -270.298
1513 -270.298
1514 -270.298
1515 -270.298
1516 -270.298
1517 -270.298
1518 -270.298
1519 -270.298
1520 -270.298
1521 -270.298
1522 -270.298
1523 -270.298
1524 -270.298
1525 -270.298
1526 -270.298
1527 -270.298
1528 -270.298
1529 -270.298
1530 -270.298
1531 -270.298
1532 -270.298
1533 -270.298
1534 -270.298
1535 -270.298
1536 -270.298
1537 -270.298
1538 -270.298
1539 -270.298
1540 -270.298
1541 -270.298
1542 -270.298
1543 -270.298
1544 -270.298
1545 -270.298
1546 -270.298
1547 -270.298
1548 -270.298
1549 -270.298
1550 -270.298
1551 -270.298
1552 -270.298
1553 -270.298
1554 -270.298
1555 -270.298
1556 -270.298
1557 -270.298
1558 -270.298
1559 -270.298
1560 -270.298
1561 -270.298
1562 -270.298
1563 -270.298
1564 -270.298
1565 -270.298
1566 -270.298
1567 -270.298
1568 -270.298
1569 -270.298
1570 -270.298
1571 -270.298
1572 -270.298
1573 -270.298
1574 -270.298
1575 -270.298
1576 -270.298
1577 -270.298
1578 -270.298
1579 -270.298
1580 -270.298
1581 -270.298
1582 -270.298
1583 -270.298
1584 -270.298
1585 -270.298
1586 -270.298
1587 -270.298
1588 -270.298
1589 -270.298
1590 -270.298
1591 -270.298
1592 -270.298
1593 -270.298
1594 -270.298
1595 -270.298
1596 -270.298
1597 -270.298
1598 -270.298
1599 -270.298
1600 -270.298
1601 -270.298
1602 -270.298
1603 -270.298
1604 -270.298
1605 -270.298
1606 -270.298
1607 -270.298
1608 -270.298
1609 -270.298
1610 -270.298
1611 -270.298
1612 -270.298
1613 -270.298
1614 -270.298
1615 -270.298
1616 -270.298
1617 -270.298
1618 -270.298
1619 -270.298
1620 -270.298
1621 -270.298
1622 -270.298
1623 -270.298
1624 -270.298
1625 -270.298
1626 -270.298
1627 -270.298
1628 -270.298
1629 -270.298
1630 -270.298
1631 -270.298
1632 -270.298
1633 -270.298
1634 -270.298
1635 -270.298
1636 -270.298
1637 -270.298
1638 -270.298
1639 -270.298
1640 -270.298
1641 -270.298
1642 -270.298
1643 -270.298
1644 -270.298
1645 -270.298
1646 -270.298
1647 -270.298
1648 -270.298
1649 -270.298
1650 -270.298
1651 -270.298
1652 -270.298
1653 -270.298
1654 -270.298
1655 -270.298
1656 -270.298
1657 -270.298
1658 -270.298
1659 -270.298
1660 -270.298
1661 -270.298
1662 -270.298
1663 -270.298
1664 -270.298
1665 -270.298
1666 -270.298
1667 -270.298
1668 -270.298
1669 -270.298
1670 -270.298
1671 -270.298
1672 -270.298
1673 -270.298
1674 -270.298
1675 -270.298
1676 -270.298
1677 -270.298
1678 -270.298
1679 -270.298
1680 -270.298
1681 -270.298
1682 -270.298
1683 -270.298
1684 -270.298
1685 -270.298
1686 -270.298
1687 -270.298
1688 -270.298
1689 -270.298
1690 -270.298
1691 -270.298
1692 -270.298
1693 -270.298
1694 -270.298
1695 -270.298
1696 -270.298
1697 -270.298
1698 -270.298
1699 -270.298
1700 -270.298
1701 -270.298
1702 -270.298
1703 -270.298
1704 -270.298
1705 -270.298
1706 -270.298
1707 -270.298
1708 -270.298
1709 -270.298
1710 -270.298
1711 -270.298
1712 -270.298
1713 -270.298
1714 -270.298
1715 -270.298
1716 -270.298
1717 -270.298
1718 -270.298
1719 -270.298
1720 -270.298
1721 -270.298
1722 -270.298
1723 -270.298
1724 -270.298
1725 -270.298
1726 -270.298
1727 -270.298
1728 -270.298
1729 -270.298
1730 -270.298
1731 -270.298
1732 -270.298
1733 -270.298
1734 -270.298
1735 -270.298
1736 -270.298
1737 -270.298
1738 -270.298
1739 -270.298
1740 -270.298
1741 -270.298
1742 -270.298
1743 -270.298
1744 -270.298
1745 -270.298
1746 -270.298
1747 -270.298
1748 -270.298
1749 -270.298
1750 -270.298
1751 -270.298
1752 -270.298
1753 -270.298
1754 -270.298
1755 -270.298
1756 -270.298
1757 -270.298
1758 -270.298
1759 -270.298
1760 -270.298
1761 -270.298
1762 -270.298
1763 -270.298
1764 -270.298
1765 -270.298
1766 -270.298
1767 -270.298
1768 -270.298
1769 -270.298
1770 -270.298
1771 -270.298
1772 -270.298
1773 -270.298
1774 -270.298
1775 -270.298
1776 -270.298
1777 -270.298
1778 -270.298
1779 -270.298
1780 -270.298
1781 -270.298
1782 -270.298
1783 -270.298
1784 -270.298
1785 -270.298
1786 -270.298
1787 -270.298
1788 -270.298
1789 -270.298
1790 -270.298
1791 -270.298
1792 -270.298
1793 -270.298
1794 -270.298
1795 -270.298
1796 -270.298
1797 -270.298
1798 -270.298
1799 -270.298
1800 -270.298
1801 -270.298
1802 -270.298
1803 -270.298
1804 -270.298
1805 -270.298
1806 -270.298
1807 -270.298
1808 -270.298
1809 -270.298
1810 -270.298
1811 -270.298
1812 -270.298
1813 -270.298
1814 -270.298
1815 -270.298
1816 -270.298
1817 -270.298
1818 -270.298
1819 -270.298
1820 -270.298
1821 -270.298
1822 -270.298
1823 -270.298
1824 -270.298
1825 -270.298
1826 -270.298
1827 -270.298
1828 -270.298
1829 -270.298
1830 -270.298
1831 -270.298
1832 -270.298
1833 -270.298
1834 -270.298
1835 -270.298
1836 -270.298
1837 -270.298
1838 -270.298
1839 -270.298
1840 -270.298
1841 -270.298
1842 -270.298
1843 -270.298
1844 -270.298
1845 -270.298
1846 -270.298
1847 -270.298
1848 -270.298
1849 -270.298
1850 -270.298
1851 -270.298
1852 -270.298
1853 -270.298
1854 -270.298
1855 -270.298
1856 -270.298
1857 -270.298
1858 -270.298
1859 -270.298
1860 -270.298
1861 -270.298
1862 -270.298
1863 -270.298
1864 -270.298
1865 -270.298
1866 -270.298
1867 -270.298
1868 -270.298
1869 -270.298
1870 -270.298
1871 -270.298
1872 -270.298
1873 -270.298
1874 -270.298
1875 -270.298
1876 -270.298
1877 -270.298
1878 -270.298
1879 -270.298
1880 -270.298
1881 -270.298
1882 -270.298
1883 -270.298
1884 -270.298
1885 -270.298
1886 -270.298
1887 -270.298
1888 -270.298
1889 -270.298
1890 -270.298
1891 -270.298
1892 -270.298
1893 -270.298
1894 -270.298
1895 -270.298
1896 -270.298
1897 -270.298
1898 -270.298
1899 -270.298
1900 -270.298
1901 -270.298
1902 -270.298
1903 -270.298
1904 -270.298
1905 -270.298
1906 -270.298
1907 -270.298
1908 -270.298
1909 -270.298
1910 -270.298
1911 -270.298
1912 -270.298
1913 -270.298
1914 -270.298
1915 -270.298
1916 -270.298
1917 -270.298
1918 -270.298
1919 -270.298
1920 -270.298
1921 -270.298
1922 -270.298
1923 -270.298
1924 -270.298
1925 -270.298
1926 -270.298
1927 -270.298
1928 -270.298
1929 -270.298
1930 -270.298
1931 -270.298
1932 -270.298
1933 -270.298
1934 -270.298
1935 -270.298
1936 -270.298
1937 -270.298
1938 -270.298
1939 -270.298
1940 -270.298
1941 -270.298
1942 -270.298
1943 -270.298
1944 -270.298
1945 -270.298
1946 -270.298
1947 -270.298
1948 -270.298
1949 -270.298
1950 -270.298
1951 -270.298
1952 -270.298
1953 -270.298
1954 -270.298
1955 -270.298
1956 -270.298
1957 -270.298
1958 -270.298
1959 -270.298
1960 -270.298
1961 -270.298
1962 -270.298
1963 -270.298
1964 -270.298
1965 -270.298
1966 -270.298
1967 -270.298
1968 -270.298
1969 -270.298
1970 -270.298
1971 -270.298
1972 -270.298
1973 -270.298
1974 -270.298
1975 -270.298
1976 -270.298
1977 -270.298
1978 -270.298
1979 -270.298
1980 -270.298
1981 -270.298
1982 -270.298
1983 -270.298
1984 -270.298
1985 -270.298
1986 -270.298
1987 -270.298
1988 -270.298
1989 -270.298
1990 -270.298
1991 -270.298
1992 -270.298
1993 -270.298
1994 -270.298
1995 -270.298
1996 -270.298
1997 -270.298
1998 -270.298
1999 -270.298
2000 -270.298
2001 -270.298
2002 -270.298
2003 -270.298
2004 -270.298
2005 -270.298
2006 -270.298
2007 -270.298
2008 -270.298
2009 -270.298
2010 -270.298
2011 -270.298
2012 -270.298
2013 -270.298
2014 -270.298
2015 -270.298
2016 -270.298
2017 -270.298
2018 -270.298
2019 -270.298
2020 -270.298
2021 -270.298
2022 -270.298
2023 -270.298
2024 -270.298
2025 -270.298
2026 -270.298
2027 -270.298
2028 -270.298
2029 -270.298
2030 -270.298
2031 -270.298
2032 -270.298
2033 -270.298
2034 -270.298
2035 -270.298
2036 -270.298
2037 -270.298
2038 -270.298
2039 -270.298
2040 -270.298
2041 -270.298
2042 -270.298
2043 -270.298
2044 -270.298
2045 -270.298
2046 -270.298
2047 -270.298
2048 -270.298
2049 -270.298
2050 -270.298
2051 -270.298
2052 -270.298
2053 -270.298
2054 -270.298
2055 -270.298
2056 -270.298
2057 -270.298
2058 -270.298
2059 -270.298
2060 -270.298
2061 -270.298
2062 -270.298
2063 -270.298
2064 -270.298
2065 -270.298
2066 -270.298
2067 -270.298
2068 -270.298
2069 -270.298
2070 -270.298
2071 -270.298
2072 -270.298
2073 -270.298
2074 -270.298
2075 -270.298
2076 -270.298
2077 -270.298
2078 -270.298
2079 -270.298
2080 -270.298
2081 -270.298
2082 -270.298
2083 -270.298
2084 -270.298
2085 -270.298
2086 -270.298
2087 -270.298
2088 -270.298
2089 -270.298
2090 -270.298
2091 -270.298
2092 -270.298
2093 -270.298
2094 -270.298
2095 -270.298
2096 -270.298
2097 -270.298
2098 -270.298
2099 -270.298
2100 -270.298
2101 -270.298
2102 -270.298
2103 -270.298
2104 -270.298
2105 -270.298
2106 -270.298
2107 -270.298
2108 -270.298
2109 -270.298
2110 -270.298
2111 -270.298
2112 -270.298
2113 -270.298
2114 -270.298
2115 -270.298
2116 -270.298
2117 -270.298
2118 -270.298
2119 -270.298
2120 -270.298
2121 -270.298
2122 -270.298
2123 -270.298
2124 -270.298
2125 -270.298
2126 -270.298
2127 -270.298
2128 -270.298
2129 -270.298
2130 -270.298
2131 -270.298
2132 -270.298
2133 -270.298
2134 -270.298
2135 -270.298
2136 -270.298
2137 -270.298
2138 -270.298
2139 -270.298
2140 -270.298
2141 -270.298
2142 -270.298
2143 -270.298
2144 -270.298
2145 -270.298
2146 -270.298
2147 -270.298
2148 -270.298
2149 -270.298
2150 -270.298
2151 -270.298
2152 -270.298
2153 -270.298
2154 -270.298
2155 -270.298
2156 -270.298
2157 -270.298
2158 -270.298
2159 -270.298
2160 -270.298
2161 -270.298
2162 -270.298
2163 -270.298
2164 -270.298
2165 -270.298
2166 -270.298
2167 -270.298
2168 -270.298
2169 -270.298
2170 -270.298
2171 -270.298
2172 -270.298
2173 -270.298
2174 -270.298
2175 -270.298
2176 -270.298
2177 -270.298
2178 -270.298
2179 -270.298
2180 -270.298
2181 -270.298
2182 -270.298
2183 -270.298
2184 -270.298
2185 -270.298
2186 -270.298
2187 -270.298
2188 -270.298
2189 -270.298
2190 -270.298
2191 -270.298
2192 -270.298
2193 -270.298
2194 -270.298
2195 -270.298
2196 -270.298
2197 -270.298
2198 -270.298
2199 -270.298
2200 -270.298
2201 -270.298
2202 -270.298
2203 -270.298
2204 -270.298
2205 -270.298
2206 -270.298
2207 -270.298
2208 -270.298
2209 -270.298
2210 -270.298
2211 -270.298
2212 -270.298
2213 -270.298
2214 -270.298
2215 -270.298
2216 -270.298
2217 -270.298
2218 -270.298
2219 -270.298
2220 -270.298
2221 -270.298
2222 -270.298
2223 -270.298
2224 -270.298
2225 -270.298
2226 -270.298
2227 -270.298
2228 -270.298
2229 -270.298
2230 -270.298
2231 -270.298
2232 -270.298
2233 -270.298
2234 -270.298
2235 -270.298
2236 -270.298
2237 -270.298
2238 -270.298
2239 -270.298
2240 -270.298
2241 -270.298
2242 -270.298
2243 -270.298
2244 -270.298
2245 -270.298
2246 -270.298
2247 -270.298
2248 -270.298
2249 -270.298
2250 -270.298
2251 -270.298
2252 -270.298
2253 -270.298
2254 -270.298
2255 -270.298
2256 -270.298
2257 -270.298
2258 -270.298
2259 -270.298
2260 -270.298
2261 -270.298
2262 -270.298
2263 -270.298
2264 -270.298
2265 -270.298
2266 -270.298
2267 -270.298
2268 -270.298
2269 -270.298
2270 -270.298
2271 -270.298
2272 -270.298
2273 -270.298
2274 -270.298
2275 -270.298
2276 -270.298
2277 -270.298
2278 -270.298
2279 -270.298
2280 -270.298
2281 -270.298
2282 -270.298
2283 -270.298
2284 -270.298
2285 -270.298
2286 -270.298
2287 -270.298
2288 -270.298
2289 -270.298
2290 -270.298
2291 -270.298
2292 -270.298
2293 -270.298
2294 -270.298
2295 -270.298
2296 -270.298
2297 -270.298
2298 -270.298
2299 -270.298
2300 -270.298
2301 -270.298
2302 -270.298
2303 -270.298
2304 -270.298
2305 -270.298
2306 -270.298
2307 -270.298
2308 -270.298
2309 -270.298
2310 -270.298
2311 -270.298
2312 -270.298
2313 -270.298
2314 -270.298
2315 -270.298
2316 -270.298
2317 -270.298
2318 -270.298
2319 -270.298
2320 -270.298
2321 -270.298
2322 -270.298
2323 -270.298
2324 -270.298
2325 -270.298
2326 -270.298
2327 -270.298
2328 -270.298
2329 -270.298
2330 -270.298
2331 -270.298
2332 -270.298
2333 -270.298
2334 -270.298
2335 -270.298
2336 -270.298
2337 -270.298
2338 -270.298
2339 -270.298
2340 -270.298
2341 -270.298
2342 -270.298
2343 -270.298
2344 -270.298
2345 -270.298
2346 -270.298
2347 -270.298
2348 -270.298
2349 -270.298
2350 -270.298
2351 -270.298
2352 -270.298
2353 -270.298
2354 -270.298
2355 -270.298
2356 -270.298
2357 -270.298
2358 -270.298
2359 -270.298
2360 -270.298
2361 -270.298
2362 -270.298
2363 -270.298
2364 -270.298
2365 -270.298
2366 -270.298
2367 -270.298
2368 -270.298
2369 -270.298
2370 -270.298
2371 -270.298
2372 -270.298
2373 -270.298
2374 -270.298
2375 -270.298
2376 -270.298
2377 -270.298
2378 -270.298
2379 -270.298
2380 -270.298
2381 -270.298
2382 -270.298
2383 -270.298
2384 -270.298
2385 -270.298
2386 -270.298
2387 -270.298
2388 -270.298
2389 -270.298
2390 -270.298
2391 -270.298
2392 -270.298
2393 -270.298
2394 -270.298
2395 -270.298
2396 -270.298
2397 -270.298
2398 -270.298
2399 -270.298
2400 -270.298
2401 -270.298
2402 -270.298
2403 -270.298
2404 -270.298
2405 -270.298
2406 -270.298
2407 -270.298
2408 -270.298
2409 -270.298
2410 -270.298
2411 -270.298
2412 -270.298
2413 -270.298
2414 -270.298
2415 -270.298
2416 -270.298
2417 -270.298
2418 -270.298
2419 -270.298
2420 -270.298
2421 -270.298
2422 -270.298
2423 -270.298
2424 -270.298
2425 -270.298
2426 -270.298
2427 -270.298
2428 -270.298
2429 -270.298
2430 -270.298
2431 -270.298
2432 -270.298
2433 -270.298
2434 -270.298
2435 -270.298
2436 -270.298
2437 -270.298
2438 -270.298
2439 -270.298
2440 -270.298
2441 -270.298
2442 -270.298
2443 -270.298
2444 -270.298
2445 -270.298
2446 -270.298
2447 -270.298
2448 -270.298
2449 -270.298
2450 -270.298
2451 -270.298
2452 -270.298
2453 -270.298
2454 -270.298
2455 -270.298
2456 -270.298
2457 -270.298
2458 -270.298
2459 -270.298
2460 -270.298
2461 -270.298
2462 -270.298
2463 -270.298
2464 -270.298
2465 -270.298
2466 -270.299
2467 -270.299
2468 -270.299
2469 -270.299
2470 -270.299
2471 -270.299
2472 -270.299
2473 -270.299
2474 -270.299
2475 -270.299
2476 -270.299
2477 -270.299
2478 -270.299
2479 -270.299
2480 -270.299
2481 -270.299
2482 -270.299
2483 -270.299
2484 -270.299
2485 -270.299
2486 -270.299
2487 -270.299
2488 -270.299
2489 -270.299
2490 -270.299
2491 -270.299
2492 -270.299
2493 -270.299
2494 -270.299
2495 -270.299
2496 -270.299
2497 -270.299
2498 -270.299
2499 -270.299
2500 -270.299
2501 -270.299
2502 -270.299
2503 -270.299
2504 -270.299
2505 -270.299
2506 -270.299
2507 -270.299
2508 -270.299
2509 -270.299
2510 -270.299
2511 -270.299
2512 -270.299
2513 -270.299
2514 -270.299
2515 -270.299
2516 -270.299
2517 -270.299
2518 -270.299
2519 -270.299
2520 -270.299
2521 -270.299
2522 -270.299
2523 -270.299
2524 -270.299
2525 -270.299
2526 -270.299
2527 -270.299
2528 -270.299
2529 -270.299
2530 -270.299
2531 -270.299
2532 -270.299
2533 -270.299
2534 -270.299
2535 -270.299
2536 -270.299
2537 -270.299
2538 -270.299
2539 -270.299
2540 -270.299
2541 -270.299
2542 -270.299
2543 -270.299
2544 -270.299
2545 -270.299
2546 -270.299
2547 -270.299
2548 -270.299
2549 -270.299
2550 -270.299
2551 -270.299
2552 -270.299
2553 -270.299
2554 -270.299
2555 -270.299
2556 -270.299
2557 -270.299
2558 -270.299
2559 -270.299
2560 -270.299
2561 -270.299
2562 -270.299
2563 -270.299
2564 -270.299
2565 -270.299
2566 -270.299
2567 -270.299
2568 -270.299
2569 -270.299
2570 -270.299
2571 -270.299
2572 -270.299
2573 -270.299
2574 -270.299
2575 -270.299
2576 -270.298
2577 -270.298
2578 -270.298
2579 -270.298
2580 -270.298
2581 -270.298
2582 -270.298
2583 -270.298
2584 -270.299
2585 -270.299
2586 -270.299
2587 -270.299
2588 -270.299
2589 -270.299
2590 -270.299
2591 -270.299
2592 -270.299
2593 -270.299
2594 -270.299
2595 -270.299
2596 -270.299
2597 -270.299
2598 -270.299
2599 -270.299
2600 -270.299
2601 -270.299
2602 -270.299
2603 -270.299
2604 -270.299
2605 -270.299
2606 -270.299
2607 -270.299
2608 -270.299
2609 -270.299
2610 -270.299
2611 -270.299
2612 -270.299
2613 -270.299
2614 -270.299
2615 -270.299
2616 -270.299
2617 -270.299
2618 -270.299
2619 -270.299
2620 -270.299
2621 -270.299
2622 -270.299
2623 -270.299
2624 -270.299
2625 -270.299
2626 -270.298
2627 -270.298
2628 -270.298
2629 -270.298
2630 -270.298
2631 -270.298
2632 -270.298
2633 -270.298
2634 -270.298
2635 -270.298
2636 -270.298
2637 -270.298
2638 -270.298
2639 -270.298
2640 -270.298
2641 -270.298
2642 -270.298
2643 -270.298
2644 -270.298
2645 -270.299
2646 -270.299
2647 -270.299
2648 -270.299
2649 -270.299
2650 -270.299
2651 -270.299
2652 -270.299
2653 -270.299
2654 -270.299
2655 -270.299
2656 -270.299
2657 -270.299
2658 -270.299
2659 -270.299
2660 -270.299
2661 -270.299
2662 -270.299
2663 -270.299
2664 -270.299
2665 -270.299
2666 -270.299
2667 -270.299
2668 -270.299
2669 -270.299
2670 -270.299
2671 -270.299
2672 -270.299
2673 -270.299
2674 -270.299
2675 -270.299
2676 -270.299
2677 -270.299
2678 -270.299
2679 -270.299
2680 -270.299
2681 -270.299
2682 -270.298
2683 -270.298
2684 -270.298
2685 -270.298
2686 -270.298
2687 -270.298
2688 -270.298
2689 -270.298
2690 -270.298
2691 -270.298
2692 -270.298
2693 -270.298
2694 -270.298
2695 -270.298
2696 -270.298
2697 -270.298
2698 -270.298
2699 -270.298
2700 -270.298
2701 -270.298
2702 -270.298
2703 -270.298
2704 -270.298
2705 -270.298
2706 -270.298
2707 -270.298
2708 -270.298
2709 -270.298
2710 -270.298
2711 -270.298
2712 -270.298
2713 -270.298
2714 -270.298
2715 -270.298
2716 -270.298
2717 -270.298
2718 -270.298
2719 -270.298
2720 -270.298
2721 -270.298
2722 -270.298
2723 -270.298
2724 -270.298
2725 -270.298
2726 -270.298
2727 -270.298
2728 -270.298
2729 -270.298
2730 -270.298
2731 -270.298
2732 -270.298
2733 -270.298
2734 -270.298
2735 -270.298
2736 -270.298
2737 -270.298
2738 -270.298
2739 -270.298
2740 -270.298
2741 -270.298
2742 -270.298
2743 -270.298
2744 -270.298
2745 -270.298
2746 -270.298
2747 -270.298
2748 -270.298
2749 -270.298
2750 -270.298
2751 -270.298
2752 -270.298
2753 -270.298
2754 -270.298
2755 -270.298
2756 -270.298
2757 -270.298
2758 -270.298
2759 -270.298
2760 -270.298
2761 -270.298
2762 -270.298
2763 -270.298
2764 -270.298
2765 -270.298
2766 -270.298
2767 -270.298
2768 -270.298
2769 -270.298
2770 -270.298
2771 -270.298
2772 -270.298
2773 -270.298
2774 -270.298
2775 -270.298
2776 -270.298
2777 -270.298
2778 -270.298
2779 -270.298
2780 -270.298
2781 -270.298
2782 -270.298
2783 -270.298
2784 -270.298
2785 -270.298
2786 -270.298
2787 -270.298
2788 -270.298
2789 -270.298
2790 -270.298
2791 -270.298
2792 -270.298
2793 -270.298
2794 -270.298
2795 -270.298
2796 -270.298
2797 -270.298
2798 -270.298
2799 -270.298
2800 -270.298
2801 -270.298
2802 -270.298
2803 -270.298
2804 -270.298
2805 -270.298
2806 -270.298
2807 -270.298
2808 -270.298
2809 -270.298
2810 -270.298
2811 -270.298
2812 -270.298
2813 -270.298
2814 -270.298
2815 -270.298
2816 -270.298
2817 -270.298
2818 -270.298
2819 -270.298
2820 -270.298
2821 -270.298
2822 -270.298
2823 -270.298
2824 -270.298
2825 -270.298
2826 -270.298
2827 -270.298
2828 -270.298
2829 -270.298
2830 -270.298
2831 -270.298
2832 -270.298
2833 -270.298
2834 -270.298
2835 -270.298
2836 -270.298
2837 -270.298
2838 -270.298
2839 -270.298
2840 -270.298
2841 -270.298
2842 -270.298
2843 -270.298
2844 -270.298
2845 -270.298
2846 -270.298
2847 -270.298
2848 -270.298
2849 -270.298
2850 -270.298
2851 -270.298
2852 -270.298
2853 -270.298
2854 -270.298
2855 -270.298
2856 -270.298
2857 -270.298
2858 -270.298
2859 -270.298
2860 -270.298
2861 -270.298
2862 -270.298
2863 -270.298
2864 -270.298
2865 -270.298
2866 -270.298
2867 -270.298
2868 -270.298
2869 -270.298
2870 -270.298
2871 -270.298
2872 -270.298
2873 -270.298
2874 -270.298
2875 -270.298
2876 -270.298
2877 -270.298
2878 -270.298
2879 -270.298
2880 -270.298
2881 -270.298
2882 -270.298
2883 -270.298
2884 -270.298
2885 -270.298
2886 -270.298
2887 -270.298
2888 -270.298
2889 -270.298
2890 -270.298
2891 -270.298
2892 -270.298
2893 -270.298
2894 -270.298
2895 -270.298
2896 -270.298
2897 -270.298
2898 -270.298
2899 -270.298
2900 -270.298
2901 -270.298
2902 -270.298
2903 -270.298
2904 -270.298
2905 -270.298
2906 -270.298
2907 -270.298
2908 -270.298
2909 -270.298
2910 -270.298
2911 -270.298
2912 -270.298
2913 -270.298
2914 -270.298
2915 -270.298
2916 -270.298
2917 -270.298
2918 -270.298
2919 -270.298
2920 -270.298
2921 -270.298
2922 -270.298
2923 -270.298
2924 -270.298
2925 -270.298
2926 -270.298
2927 -270.298
2928 -270.298
2929 -270.298
2930 -270.298
2931 -270.298
2932 -270.298
2933 -270.298
2934 -270.298
2935 -270.298
2936 -270.298
2937 -270.298
2938 -270.298
2939 -270.298
2940 -270.298
2941 -270.298
2942 -270.298
2943 -270.298
2944 -270.298
2945 -270.298
2946 -270.298
2947 -270.298
2948 -270.298
2949 -270.298
2950 -270.298
2951 -270.298
2952 -270.298
2953 -270.298
2954 -270.298
2955 -270.298
2956 -270.298
2957 -270.298
2958 -270.298
2959 -270.298
2960 -270.298
2961 -270.298
2962 -270.298
2963 -270.298
2964 -270.298
2965 -270.298
2966 -270.298
2967 -270.298
2968 -270.298
2969 -270.298
2970 -270.298
2971 -270.298
2972 -270.298
2973 -270.298
2974 -270.298
2975 -270.298
2976 -270.298
2977 -270.298
2978 -270.298
2979 -270.298
2980 -270.298
2981 -270.298
2982 -270.298
2983 -270.298
2984 -270.298
2985 -270.298
2986 -270.298
2987 -270.298
2988 -270.298
2989 -270.298
2990 -270.298
2991 -270.298
2992 -270.298
2993 -270.298
2994 -270.298
2995 -270.298
2996 -270.298
2997 -270.298
2998 -270.298
2999 -270.298
3000 -270.298
