1 -270.233
2 -270.233
3 -270.236
4 -270.238
5 -270.24
6 -270.242
7 -270.243
8 -270.244
9 -270.244
10 -270.243
11 -270.243
12 -270.244
13 -270.244
14 -270.245
15 -270.246
16 -270.247
17 -270.248
18 -270.249
19 -270.249
20 -270.249
21 -270.249
22 -270.251
23 -270.251
24 -270.251
25 -270.252
26 -270.252
27 -270.253
28 -270.252
29 -270.254
30 -270.252
31 -270.25
32 -270.252
33 -270.253
34 -270.254
35 -270.254
36 -270.253
37 -270.252
38 -270.252
39 -270.253
40 -270.253
41 -270.253
42 -270.254
43 -270.254
44 -270.253
45 -270.254
46 -270.255
47 -270.255
48 -270.255
49 -270.255
50 -270.255
51 -270.256
52 -270.256
53 -270.257
54 -270.258
55 -270.259
56 -270.259
57 -270.259
58 -270.231
59 -270.232
60 -270.233
61 -270.237
62 -270.237
63 -270.237
64 -270.236
65 -270.238
66 -270.25
67 -270.25
68 -270.251
69 -270.25
70 -270.25
71 -270.25
72 -270.251
73 -270.251
74 -270.252
75 -270.253
76 -270.253
77 -270.253
78 -270.253
79 -270.253
80 -270.253
81 -270.251
82 -270.253
83 -270.254
84 -270.254
85 -270.254
86 -270.254
87 -270.256
88 -270.257
89 -270.258
90 -270.259
91 -270.258
92 -270.26
93 -270.259
94 -270.259
95 -270.261
96 -270.261
97 -270.261
98 -270.262
99 -270.262
100 -270.262
101 -270.262
102 -270.262
103 -270.262
104 -270.262
105 -270.263
106 -270.262
107 -270.262
108 -270.263
109 -270.264
110 -270.264
111 -270.265
112 -270.264
113 -270.265
114 -270.264
115 -270.264
116 -270.264
117 -270.265
118 -270.264
119 -270.264
120 -270.265
121 -270.265
122 -270.266
123 -270.265
124 -270.266
125 -270.266
126 -270.267
127 -270.267
128 -270.266
129 -270.266
130 -270.265
131 -270.265
132 -270.266
133 -270.265
134 -270.265
135 -270.264
136 -270.264
137 -270.264
138 -270.267
139 -270.268
140 -270.268
141 -270.269
142 -270.269
143 -270.267
144 -270.269
145 -270.269
146 -270.269
147 -270.268
148 -270.267
149 -270.268
150 -270.269
151 -270.27
152 -270.27
153 -270.27
154 -270.269
155 -270.268
156 -270.268
157 -270.269
158 -270.268
159 -270.268
160 -270.268
161 -270.265
162 -270.266
163 -270.266
164 -270.268
165 -270.268
166 -270.267
167 -270.268
168 -270.267
169 -270.266
170 -270.266
171 -270.266
172 -270.267
173 -270.267
174 -270.267
175 -270.267
176 -270.268
177 -270.267
178 -270.266
179 -270.267
180 -270.267
181 -270.268
182 -270.268
183 -270.268
184 -270.268
185 -270.268
186 -270.268
187 -270.268
188 -270.267
189 -270.267
190 -270.267
191 -270.268
192 -270.268
193 -270.268
194 -270.265
195 -270.264
196 -270.264
197 -270.263
198 -270.262
199 -270.262
200 -270.262
201 -270.263
202 -270.265
203 -270.265
204 -270.265
205 -270.265
206 -270.265
207 -270.265
208 -270.265
209 -270.265
210 -270.267
211 -270.266
212 -270.266
213 -270.265
214 -270.265
215 -270.265
216 -270.265
217 -270.265
218 -270.264
219 -270.264
220 -270.265
221 -270.266
222 -270.264
223 -270.265
224 -270.265
225 -270.265
226 -270.263
227 -270.263
228 -270.265
229 -270.265
230 -270.265
231 -270.265
232 -270.265
233 -270.266
234 -270.267
235 -270.267
236 -270.267
237 -270.266
238 -270.266
239 -270.266
240 -270.266
241 -270.266
242 -270.266
243 -270.267
244 -270.266
245 -270.267
246 -270.268
247 -270.268
248 -270.268
249 -270.266
250 -270.266
251 -270.267
252 -270.266
253 -270.267
254 -270.268
255 -270.269
256 -270.268
257 -270.268
258 -270.268
259 -270.268
260 -270.268
261 -270.269
262 -270.269
263 -270.268
264 -270.269
265 -270.268
266 -270.269
267 -270.27
268 -270.269
269 -270.268
270 -270.267
271 -270.267
272 -270.267
273 -270.267
274 -270.267
275 -270.267
276 -270.268
277 -270.269
278 -270.269
279 -270.268
280 -270.269
281 -270.268
282 -270.269
283 -270.27
284 -270.269
285 -270.269
286 -270.268
287 -270.268
288 -270.269
289 -270.269
290 -270.269
291 -270.269
292 -270.268
293 -270.268
294 -270.267
295 -270.267
296 -270.267
297 -270.268
298 -270.268
299 -270.268
300 -270.268
301 -270.269
302 -270.268
303 -270.267
304 -270.269
305 -270.268
306 -270.267
307 -270.267
308 -270.267
309 -270.266
310 -270.266
311 -270.266
312 -270.266
313 -270.266
314 -270.266
315 -270.263
316 -270.267
317 -270.266
318 -270.268
319 -270.267
320 -270.267
321 -270.267
322 -270.266
323 -270.264
324 -270.264
325 -270.264
326 -270.264
327 -270.265
328 -270.266
329 -270.267
330 -270.267
331 -270.267
332 -270.267
333 -270.267
334 -270.267
335 -270.267
336 -270.27
337 -270.27
338 -270.27
339 -270.271
340 -270.27
341 -270.269
342 -270.269
343 -270.269
344 -270.269
345 -270.269
346 -270.268
347 -270.268
348 -270.268
349 -270.27
350 -270.269
351 -270.269
352 -270.268
353 -270.269
354 -270.269
355 -270.269
356 -270.266
357 -270.266
358 -270.265
359 -270.265
360 -270.266
361 -270.265
362 -270.265
363 -270.265
364 -270.264
365 -270.265
366 -270.265
367 -270.264
368 -270.264
369 -270.264
370 -270.265
371 -270.264
372 -270.263
373 -270.263
374 -270.264
375 -270.265
376 -270.265
377 -270.265
378 -270.266
379 -270.265
380 -270.265
381 -270.264
382 -270.265
383 -270.264
384 -270.263
385 -270.261
386 -270.261
387 -270.262
388 -270.263
389 -270.263
390 -270.262
391 -270.263
392 -270.261
393 -270.261
394 -270.261
395 -270.259
396 -270.26
397 -270.26
398 -270.26
399 -270.26
400 -270.26
401 -270.261
402 -270.261
403 -270.261
404 -270.261
405 -270.261
406 -270.26
407 -270.264
408 -270.263
409 -270.262
410 -270.262
411 -270.263
412 -270.264
413 -270.266
414 -270.265
415 -270.264
416 -270.264
417 -270.263
418 -270.265
419 -270.264
420 -270.263
421 -270.264
422 -270.265
423 -270.265
424 -270.266
425 -270.266
426 -270.266
427 -270.266
428 -270.265
429 -270.267
430 -270.268
431 -270.268
432 -270.267
433 -270.267
434 -270.268
435 -270.268
436 -270.268
437 -270.267
438 -270.268
439 -270.268
440 -270.268
441 -270.267
442 -270.267
443 -270.266
444 -270.265
445 -270.265
446 -270.267
447 -270.267
448 -270.267
449 -270.267
450 -270.266
451 -270.267
452 -270.268
453 -270.268
454 -270.269
455 -270.269
456 -270.269
457 -270.269
458 -270.27
459 -270.27
460 -270.268
461 -270.267
462 -270.267
463 -270.267
464 -270.268
465 -270.267
466 -270.265
467 -270.265
468 -270.266
469 -270.266
470 -270.266
471 -270.266
472 -270.266
473 -270.266
474 -270.266
475 -270.265
476 -270.266
477 -270.266
478 -270.265
479 -270.264
480 -270.264
481 -270.265
482 -270.264
483 -270.265
484 -270.264
485 -270.266
486 -270.265
487 -270.265
488 -270.267
489 -270.265
490 -270.267
491 -270.266
492 -270.267
493 -270.266
494 -270.267
495 -270.267
496 -270.267
497 -270.267
498 -270.267
499 -270.266
500 -270.266
501 -270.267
502 -270.266
503 -270.266
504 -270.266
505 -270.269
506 -270.268
507 -270.268
508 -270.268
509 -270.268
510 -270.267
511 -270.267
512 -270.266
513 -270.266
514 -270.268
515 -270.268
516 -270.268
517 -270.269
518 -270.269
519 -270.269
520 -270.269
521 -270.269
522 -270.27
523 -270.269
524 -270.271
525 -270.271
526 -270.271
527 -270.271
528 -270.272
529 -270.271
530 -270.272
531 -270.272
532 -270.272
533 -270.272
534 -270.272
535 -270.272
536 -270.271
537 -270.271
538 -270.272
539 -270.272
540 -270.273
541 -270.273
542 -270.273
543 -270.273
544 -270.272
545 -270.272
546 -270.272
547 -270.271
548 -270.271
549 -270.272
550 -270.272
551 -270.272
552 -270.272
553 -270.272
554 -270.273
555 -270.274
556 -270.274
557 -270.274
558 -270.274
559 -270.273
560 -270.273
561 -270.272
562 -270.272
563 -270.272
564 -270.272
565 -270.27
566 -270.27
567 -270.272
568 -270.273
569 -270.272
570 -270.273
571 -270.272
572 -270.272
573 -270.272
574 -270.273
575 -270.272
576 -270.272
577 -270.272
578 -270.272
579 -270.273
580 -270.272
581 -270.272
582 -270.273
583 -270.273
584 -270.274
585 -270.274
586 -270.274
587 -270.274
588 -270.274
589 -270.274
590 -270.274
591 -270.274
592 -270.274
593 -270.273
594 -270.273
595 -270.273
596 -270.271
597 -270.271
598 -270.27
599 -270.271
600 -270.271
601 -270.271
602 -270.271
603 -270.271
604 -270.27
605 -270.27
606 -270.27
607 -270.27
608 -270.27
609 -270.27
610 -270.269
611 -270.269
612 -270.27
613 -270.27
614 -270.27
615 -270.27
616 -270.271
617 -270.271
618 -270.271
619 -270.271
620 -270.27
621 -270.271
622 -270.27
623 -270.271
624 -270.269
625 -270.269
626 -270.268
627 -270.268
628 -270.267
629 -270.267
630 -270.267
631 -270.267
632 -270.266
633 -270.267
634 -270.267
635 -270.267
636 -270.266
637 -270.266
638 -270.268
639 -270.267
640 -270.266
641 -270.267
642 -270.267
643 -270.267
644 -270.266
645 -270.268
646 -270.268
647 -270.269
648 -270.269
649 -270.27
650 -270.269
651 -270.267
652 -270.267
653 -270.266
654 -270.267
655 -270.262
656 -270.262
657 -270.262
658 -270.261
659 -270.259
660 -270.26
661 -270.259
662 -270.259
663 -270.259
664 -270.262
665 -270.262
666 -270.263
667 -270.262
668 -270.262
669 -270.263
670 -270.264
671 -270.265
672 -270.266
673 -270.266
674 -270.267
675 -270.267
676 -270.266
677 -270.267
678 -270.268
679 -270.269
680 -270.268
681 -270.269
682 -270.27
683 -270.27
684 -270.269
685 -270.269
686 -270.268
687 -270.267
688 -270.267
689 -270.267
690 -270.267
691 -270.267
692 -270.266
693 -270.267
694 -270.267
695 -270.269
696 -270.269
697 -270.27
698 -270.271
699 -270.271
700 -270.271
701 -270.271
702 -270.27
703 -270.27
704 -270.271
705 -270.271
706 -270.27
707 -270.27
708 -270.271
709 -270.271
710 -270.271
711 -270.27
712 -270.269
713 -270.268
714 -270.268
715 -270.268
716 -270.267
717 -270.268
718 -270.268
719 -270.269
720 -270.27
721 -270.269
722 -270.268
723 -270.267
724 -270.266
725 -270.266
726 -270.267
727 -270.267
728 -270.267
729 -270.267
730 -270.268
731 -270.269
732 -270.269
733 -270.269
734 -270.268
735 -270.268
736 -270.268
737 -270.268
738 -270.268
739 -270.267
740 -270.267
741 -270.268
742 -270.268
743 -270.269
744 -270.269
745 -270.27
746 -270.269
747 -270.268
748 -270.268
749 -270.268
750 -270.267
751 -270.266
752 -270.265
753 -270.265
754 -270.264
755 -270.264
756 -270.264
757 -270.264
758 -270.264
759 -270.267
760 -270.266
761 -270.267
762 -270.266
763 -270.266
764 -270.266
765 -270.265
766 -270.265
767 -270.265
768 -270.264
769 -270.264
770 -270.264
771 -270.263
772 -270.263
773 -270.262
774 -270.263
775 -270.263
776 -270.263
777 -270.262
778 -270.263
779 -270.264
780 -270.264
781 -270.266
782 -270.266
783 -270.267
784 -270.266
785 -270.265
786 -270.265
787 -270.266
788 -270.265
789 -270.266
790 -270.266
791 -270.266
792 -270.265
793 -270.266
794 -270.267
795 -270.267
796 -270.266
797 -270.267
798 -270.267
799 -270.267
800 -270.268
801 -270.268
802 -270.267
803 -270.268
804 -270.267
805 -270.267
806 -270.267
807 -270.267
808 -270.267
809 -270.267
810 -270.267
811 -270.266
812 -270.268
813 -270.267
814 -270.267
815 -270.268
816 -270.267
817 -270.268
818 -270.269
819 -270.269
820 -270.267
821 -270.266
822 -270.266
823 -270.266
824 -270.267
825 -270.267
826 -270.267
827 -270.267
828 -270.266
829 -270.266
830 -270.266
831 -270.266
832 -270.267
833 -270.267
834 -270.268
835 -270.269
836 -270.269
837 -270.269
838 -270.269
839 -270.268
840 -270.268
841 -270.268
842 -270.268
843 -270.268
844 -270.269
845 -270.268
846 -270.268
847 -270.267
848 -270.267
849 -270.267
850 -270.269
851 -270.269
852 -270.268
853 -270.267
854 -270.266
855 -270.265
856 -270.265
857 -270.266
858 -270.265
859 -270.264
860 -270.265
861 -270.265
862 -270.264
863 -270.264
864 -270.264
865 -270.263
866 -270.263
867 -270.263
868 -270.263
869 -270.263
870 -270.262
871 -270.262
872 -270.26
873 -270.26
874 -270.262
875 -270.265
876 -270.265
877 -270.265
878 -270.263
879 -270.264
880 -270.265
881 -270.264
882 -270.265
883 -270.265
884 -270.264
885 -270.264
886 -270.264
887 -270.265
888 -270.264
889 -270.265
890 -270.265
891 -270.265
892 -270.265
893 -270.266
894 -270.266
895 -270.265
896 -270.265
897 -270.264
898 -270.265
899 -270.263
900 -270.264
901 -270.265
902 -270.264
903 -270.264
904 -270.265
905 -270.264
906 -270.264
907 -270.265
908 -270.265
909 -270.266
910 -270.266
911 -270.267
912 -270.268
913 -270.269
914 -270.269
915 -270.269
916 -270.269
917 -270.269
918 -270.269
919 -270.269
920 -270.269
921 -270.269
922 -270.269
923 -270.27
924 -270.269
925 -270.269
926 -270.271
927 -270.271
928 -270.27
929 -270.271
930 -270.27
931 -270.269
932 -270.27
933 -270.269
934 -270.269
935 -270.268
936 -270.27
937 -270.272
938 -270.272
939 -270.272
940 -270.271
941 -270.272
942 -270.271
943 -270.271
944 -270.272
945 -270.272
946 -270.272
947 -270.272
948 -270.272
949 -270.271
950 -270.271
951 -270.272
952 -270.271
953 -270.271
954 -270.271
955 -270.271
956 -270.272
957 -270.272
958 -270.272
959 -270.271
960 -270.272
961 -270.271
962 -270.271
963 -270.271
964 -270.271
965 -270.27
966 -270.27
967 -270.27
968 -270.27
969 -270.27
970 -270.27
971 -270.27
972 -270.27
973 -270.27
974 -270.269
975 -270.268
976 -270.268
977 -270.268
978 -270.268
979 -270.268
980 -270.268
981 -270.268
982 -270.268
983 -270.268
984 -270.268
985 -270.267
986 -270.268
987 -270.267
988 -270.268
989 -270.268
990 -270.269
991 -270.269
992 -270.27
993 -270.271
994 -270.27
995 -270.271
996 -270.271
997 -270.271
998 -270.271
999 -270.272
1000 -270.271
1001 -270.271
1002 -270.27
1003 -270.27
1004 -270.271
1005 -270.27
1006 -270.27
1007 -270.27
1008 -270.271
1009 -270.271
1010 -270.272
1011 -270.272
1012 -270.272
1013 -270.272
1014 -270.272
1015 -270.164
1016 -270.193
1017 -270.211
1018 -270.211
1019 -270.214
1020 -270.215
1021 -270.222
1022 -270.238
1023 -270.246
1024 -270.245
1025 -270.244
1026 -270.244
1027 -270.246
1028 -270.248
1029 -270.249
1030 -270.254
1031 -270.254
1032 -270.256
1033 -270.254
1034 -270.255
1035 -270.255
1036 -270.254
1037 -270.254
1038 -270.254
1039 -270.256
1040 -270.257
1041 -270.255
1042 -270.254
1043 -270.252
1044 -270.252
1045 -270.252
1046 -270.254
1047 -270.252
1048 -270.252
1049 -270.256
1050 -270.256
1051 -270.256
1052 -270.256
1053 -270.254
1054 -270.256
1055 -270.256
1056 -270.256
1057 -270.256
1058 -270.256
1059 -270.256
1060 -270.257
1061 -270.257
1062 -270.257
1063 -270.257
1064 -270.258
1065 -270.258
1066 -270.258
1067 -270.257
1068 -270.258
1069 -270.259
1070 -270.26
1071 -270.26
1072 -270.26
1073 -270.26
1074 -270.26
1075 -270.259
1076 -270.26
1077 -270.26
1078 -270.261
1079 -270.261
1080 -270.262
1081 -270.262
1082 -270.262
1083 -270.262
1084 -270.262
1085 -270.262
1086 -270.261
1087 -270.261
1088 -270.259
1089 -270.258
1090 -270.258
1091 -270.258
1092 -270.256
1093 -270.257
1094 -270.259
1095 -270.26
1096 -270.26
1097 -270.26
1098 -270.26
1099 -270.261
1100 -270.261
1101 -270.261
1102 -270.261
1103 -270.262
1104 -270.262
1105 -270.261
1106 -270.261
1107 -270.261
1108 -270.26
1109 -270.259
1110 -270.262
1111 -270.262
1112 -270.263
1113 -270.263
1114 -270.263
1115 -270.246
1116 -270.246
1117 -270.248
1118 -270.249
1119 -270.25
1120 -270.251
1121 -270.252
1122 -270.251
1123 -270.253
1124 -270.253
1125 -270.255
1126 -270.19
1127 -270.19
1128 -270.19
1129 -270.189
1130 -270.189
1131 -270.218
1132 -270.218
1133 -270.222
1134 -270.226
1135 -270.234
1136 -270.234
1137 -270.235
1138 -270.236
1139 -270.235
1140 -270.237
1141 -270.243
1142 -270.245
1143 -270.245
1144 -270.246
1145 -270.246
1146 -270.244
1147 -270.245
1148 -270.245
1149 -270.253
1150 -270.253
1151 -270.253
1152 -270.254
1153 -270.255
1154 -270.256
1155 -270.255
1156 -270.254
1157 -270.254
1158 -270.254
1159 -270.255
1160 -270.255
1161 -270.257
1162 -270.255
1163 -270.256
1164 -270.256
1165 -270.261
1166 -270.262
1167 -270.263
1168 -270.263
1169 -270.264
1170 -270.264
1171 -270.265
1172 -270.266
1173 -270.265
1174 -270.265
1175 -270.264
1176 -270.266
1177 -270.265
1178 -270.266
1179 -270.265
1180 -270.265
1181 -270.265
1182 -270.264
1183 -270.264
1184 -270.264
1185 -270.263
1186 -270.263
1187 -270.266
1188 -270.266
1189 -270.267
1190 -270.268
1191 -270.27
1192 -270.269
1193 -270.269
1194 -270.268
1195 -270.268
1196 -270.269
1197 -270.267
1198 -270.266
1199 -270.267
1200 -270.267
1201 -270.266
1202 -270.264
1203 -270.264
1204 -270.265
1205 -270.265
1206 -270.268
1207 -270.268
1208 -270.268
1209 -270.269
1210 -270.269
1211 -270.269
1212 -270.269
1213 -270.27
1214 -270.27
1215 -270.268
1216 -270.269
1217 -270.27
1218 -270.27
1219 -270.27
1220 -270.27
1221 -270.271
1222 -270.27
1223 -270.27
1224 -270.271
1225 -270.272
1226 -270.273
1227 -270.272
1228 -270.271
1229 -270.27
1230 -270.27
1231 -270.27
1232 -270.27
1233 -270.269
1234 -270.269
1235 -270.269
1236 -270.269
1237 -270.268
1238 -270.269
1239 -270.27
1240 -270.27
1241 -270.269
1242 -270.268
1243 -270.268
1244 -270.269
1245 -270.268
1246 -270.268
1247 -270.269
1248 -270.269
1249 -270.269
1250 -270.271
1251 -270.27
1252 -270.27
1253 -270.27
1254 -270.271
1255 -270.271
1256 -270.271
1257 -270.271
1258 -270.271
1259 -270.271
1260 -270.271
1261 -270.27
1262 -270.272
1263 -270.271
1264 -270.272
1265 -270.273
1266 -270.272
1267 -270.274
1268 -270.274
1269 -270.274
1270 -270.274
1271 -270.273
1272 -270.272
1273 -270.272
1274 -270.271
1275 -270.272
1276 -270.272
1277 -270.272
1278 -270.272
1279 -270.271
1280 -270.271
1281 -270.271
1282 -270.272
1283 -270.272
1284 -270.272
1285 -270.272
1286 -270.272
1287 -270.272
1288 -270.271
1289 -270.27
1290 -270.271
1291 -270.271
1292 -270.27
1293 -270.269
1294 -270.269
1295 -270.27
1296 -270.27
1297 -270.269
1298 -270.269
1299 -270.269
1300 -270.269
1301 -270.269
1302 -270.268
1303 -270.266
1304 -270.266
1305 -270.268
1306 -270.268
1307 -270.269
1308 -270.269
1309 -270.269
1310 -270.269
1311 -270.269
1312 -270.269
1313 -270.269
1314 -270.269
1315 -270.268
1316 -270.268
1317 -270.268
1318 -270.267
1319 -270.267
1320 -270.267
1321 -270.266
1322 -270.267
1323 -270.265
1324 -270.266
1325 -270.266
1326 -270.267
1327 -270.266
1328 -270.268
1329 -270.27
1330 -270.27
1331 -270.27
1332 -270.269
1333 -270.269
1334 -270.27
1335 -270.27
1336 -270.27
1337 -270.271
1338 -270.271
1339 -270.272
1340 -270.271
1341 -270.271
1342 -270.269
1343 -270.268
1344 -270.271
1345 -270.27
1346 -270.27
1347 -270.27
1348 -270.269
1349 -270.27
1350 -270.271
1351 -270.271
1352 -270.269
1353 -270.269
1354 -270.269
1355 -270.27
1356 -270.27
1357 -270.271
1358 -270.271
1359 -270.27
1360 -270.27
1361 -270.27
1362 -270.269
1363 -270.271
1364 -270.27
1365 -270.27
1366 -270.27
1367 -270.27
1368 -270.269
1369 -270.269
1370 -270.268
1371 -270.267
1372 -270.268
1373 -270.266
1374 -270.264
1375 -270.264
1376 -270.264
1377 -270.263
1378 -270.264
1379 -270.265
1380 -270.266
1381 -270.266
1382 -270.265
1383 -270.265
1384 -270.266
1385 -270.265
1386 -270.266
1387 -270.267
1388 -270.267
1389 -270.266
1390 -270.266
1391 -270.264
1392 -270.264
1393 -270.263
1394 -270.263
1395 -270.264
1396 -270.263
1397 -270.263
1398 -270.263
1399 -270.263
1400 -270.264
1401 -270.264
1402 -270.265
1403 -270.265
1404 -270.265
1405 -270.265
1406 -270.265
1407 -270.265
1408 -270.265
1409 -270.267
1410 -270.267
1411 -270.268
1412 -270.268
1413 -270.269
1414 -270.268
1415 -270.267
1416 -270.267
1417 -270.268
1418 -270.269
1419 -270.269
1420 -270.27
1421 -270.269
1422 -270.269
1423 -270.27
1424 -270.27
1425 -270.27
1426 -270.27
1427 -270.27
1428 -270.27
1429 -270.269
1430 -270.269
1431 -270.267
1432 -270.268
1433 -270.266
1434 -270.266
1435 -270.265
1436 -270.265
1437 -270.265
1438 -270.265
1439 -270.265
1440 -270.265
1441 -270.265
1442 -270.265
1443 -270.265
1444 -270.266
1445 -270.266
1446 -270.265
1447 -270.266
1448 -270.266
1449 -270.266
1450 -270.266
1451 -270.267
1452 -270.267
1453 -270.267
1454 -270.266
1455 -270.265
1456 -270.265
1457 -270.265
1458 -270.265
1459 -270.267
1460 -270.268
1461 -270.269
1462 -270.27
1463 -270.269
1464 -270.268
1465 -270.267
1466 -270.266
1467 -270.267
1468 -270.266
1469 -270.266
1470 -270.267
1471 -270.266
1472 -270.266
1473 -270.266
1474 -270.266
1475 -270.266
1476 -270.266
1477 -270.267
1478 -270.268
1479 -270.268
1480 -270.268
1481 -270.268
1482 -270.268
1483 -270.268
1484 -270.269
1485 -270.269
1486 -270.269
1487 -270.27
1488 -270.271
1489 -270.269
1490 -270.269
1491 -270.269
1492 -270.269
1493 -270.269
1494 -270.27
1495 -270.269
1496 -270.268
1497 -270.268
1498 -270.268
1499 -270.268
1500 -270.268
1501 -270.268
1502 -270.268
1503 -270.266
1504 -270.266
1505 -270.266
1506 -270.267
1507 -270.268
1508 -270.268
1509 -270.268
1510 -270.269
1511 -270.268
1512 -270.267
1513 -270.267
1514 -270.267
1515 -270.267
1516 -270.266
1517 -270.267
1518 -270.268
1519 -270.267
1520 -270.267
1521 -270.266
1522 -270.267
1523 -270.267
1524 -270.267
1525 -270.268
1526 -270.267
1527 -270.267
1528 -270.269
1529 -270.269
1530 -270.269
1531 -270.267
1532 -270.267
1533 -270.268
1534 -270.268
1535 -270.267
1536 -270.267
1537 -270.268
1538 -270.267
1539 -270.266
1540 -270.267
1541 -270.267
1542 -270.267
1543 -270.266
1544 -270.267
1545 -270.267
1546 -270.266
1547 -270.266
1548 -270.266
1549 -270.268
1550 -270.268
1551 -270.268
1552 -270.268
1553 -270.269
1554 -270.269
1555 -270.271
1556 -270.27
1557 -270.27
1558 -270.27
1559 -270.27
1560 -270.27
1561 -270.27
1562 -270.271
1563 -270.272
1564 -270.272
1565 -270.272
1566 -270.272
1567 -270.272
1568 -270.271
1569 -270.271
1570 -270.271
1571 -270.271
1572 -270.27
1573 -270.269
1574 -270.269
1575 -270.268
1576 -270.269
1577 -270.269
1578 -270.267
1579 -270.268
1580 -270.268
1581 -270.268
1582 -270.269
1583 -270.268
1584 -270.268
1585 -270.268
1586 -270.268
1587 -270.267
1588 -270.267
1589 -270.268
1590 -270.267
1591 -270.266
1592 -270.265
1593 -270.266
1594 -270.265
1595 -270.264
1596 -270.265
1597 -270.265
1598 -270.265
1599 -270.265
1600 -270.266
1601 -270.265
1602 -270.265
1603 -270.266
1604 -270.266
1605 -270.267
1606 -270.267
1607 -270.267
1608 -270.268
1609 -270.269
1610 -270.268
1611 -270.268
1612 -270.268
1613 -270.269
1614 -270.27
1615 -270.27
1616 -270.27
1617 -270.27
1618 -270.27
1619 -270.27
1620 -270.269
1621 -270.27
1622 -270.27
1623 -270.269
1624 -270.269
1625 -270.269
1626 -270.269
1627 -270.27
1628 -270.269
1629 -270.271
1630 -270.27
1631 -270.27
1632 -270.27
1633 -270.27
1634 -270.27
1635 -270.269
1636 -270.269
1637 -270.271
1638 -270.271
1639 -270.27
1640 -270.269
1641 -270.269
1642 -270.271
1643 -270.27
1644 -270.27
1645 -270.271
1646 -270.271
1647 -270.271
1648 -270.272
1649 -270.272
1650 -270.272
1651 -270.271
1652 -270.271
1653 -270.271
1654 -270.271
1655 -270.272
1656 -270.271
1657 -270.27
1658 -270.27
1659 -270.268
1660 -270.268
1661 -270.268
1662 -270.268
1663 -270.268
1664 -270.268
1665 -270.268
1666 -270.268
1667 -270.269
1668 -270.268
1669 -270.269
1670 -270.268
1671 -270.268
1672 -270.271
1673 -270.271
1674 -270.271
1675 -270.271
1676 -270.271
1677 -270.271
1678 -270.272
1679 -270.272
1680 -270.27
1681 -270.269
1682 -270.269
1683 -270.268
1684 -270.271
1685 -270.27
1686 -270.27
1687 -270.269
1688 -270.269
1689 -270.269
1690 -270.269
1691 -270.27
1692 -270.269
1693 -270.269
1694 -270.268
1695 -270.267
1696 -270.267
1697 -270.268
1698 -270.268
1699 -270.269
1700 -270.269
1701 -270.269
1702 -270.269
1703 -270.268
1704 -270.27
1705 -270.269
1706 -270.269
1707 -270.27
1708 -270.27
1709 -270.271
1710 -270.27
1711 -270.27
1712 -270.27
1713 -270.269
1714 -270.269
1715 -270.269
1716 -270.269
1717 -270.269
1718 -270.269
1719 -270.269
1720 -270.27
1721 -270.27
1722 -270.269
1723 -270.268
1724 -270.268
1725 -270.269
1726 -270.271
1727 -270.269
1728 -270.268
1729 -270.268
1730 -270.268
1731 -270.269
1732 -270.269
1733 -270.268
1734 -270.269
1735 -270.27
1736 -270.27
1737 -270.269
1738 -270.27
1739 -270.269
1740 -270.269
1741 -270.27
1742 -270.27
1743 -270.269
1744 -270.27
1745 -270.269
1746 -270.269
1747 -270.267
1748 -270.267
1749 -270.267
1750 -270.266
1751 -270.266
1752 -270.265
1753 -270.266
1754 -270.266
1755 -270.265
1756 -270.266
1757 -270.266
1758 -270.265
1759 -270.266
1760 -270.265
1761 -270.265
1762 -270.264
1763 -270.265
1764 -270.265
1765 -270.263
1766 -270.263
1767 -270.263
1768 -270.262
1769 -270.262
1770 -270.261
1771 -270.262
1772 -270.263
1773 -270.263
1774 -270.262
1775 -270.261
1776 -270.262
1777 -270.262
1778 -270.263
1779 -270.263
1780 -270.263
1781 -270.263
1782 -270.263
1783 -270.263
1784 -270.263
1785 -270.263
1786 -270.265
1787 -270.265
1788 -270.265
1789 -270.264
1790 -270.264
1791 -270.265
1792 -270.265
1793 -270.266
1794 -270.266
1795 -270.267
1796 -270.266
1797 -270.266
1798 -270.264
1799 -270.265
1800 -270.265
1801 -270.266
1802 -270.266
1803 -270.267
1804 -270.266
1805 -270.266
1806 -270.266
1807 -270.266
1808 -270.266
1809 -270.266
1810 -270.266
1811 -270.266
1812 -270.267
1813 -270.268
1814 -270.268
1815 -270.269
1816 -270.268
1817 -270.268
1818 -270.268
1819 -270.267
1820 -270.267
1821 -270.267
1822 -270.267
1823 -270.266
1824 -270.266
1825 -270.264
1826 -270.264
1827 -270.264
1828 -270.264
1829 -270.263
1830 -270.263
1831 -270.263
1832 -270.264
1833 -270.264
1834 -270.263
1835 -270.263
1836 -270.264
1837 -270.264
1838 -270.264
1839 -270.264
1840 -270.264
1841 -270.263
1842 -270.263
1843 -270.263
1844 -270.265
1845 -270.264
1846 -270.264
1847 -270.264
1848 -270.264
1849 -270.262
1850 -270.261
1851 -270.262
1852 -270.262
1853 -270.263
1854 -270.263
1855 -270.263
1856 -270.263
1857 -270.265
1858 -270.264
1859 -270.264
1860 -270.263
1861 -270.264
1862 -270.264
1863 -270.265
1864 -270.264
1865 -270.263
1866 -270.263
1867 -270.263
1868 -270.263
1869 -270.263
1870 -270.263
1871 -270.263
1872 -270.263
1873 -270.262
1874 -270.264
1875 -270.264
1876 -270.263
1877 -270.264
1878 -270.264
1879 -270.264
1880 -270.263
1881 -270.264
1882 -270.264
1883 -270.265
1884 -270.267
1885 -270.266
1886 -270.268
1887 -270.267
1888 -270.268
1889 -270.269
1890 -270.268
1891 -270.268
1892 -270.268
1893 -270.269
1894 -270.269
1895 -270.268
1896 -270.267
1897 -270.267
1898 -270.268
1899 -270.267
1900 -270.268
1901 -270.268
1902 -270.266
1903 -270.268
1904 -270.267
1905 -270.267
1906 -270.267
1907 -270.268
1908 -270.269
1909 -270.269
1910 -270.27
1911 -270.269
1912 -270.269
1913 -270.269
1914 -270.269
1915 -270.269
1916 -270.269
1917 -270.269
1918 -270.271
1919 -270.271
1920 -270.272
1921 -270.271
1922 -270.272
1923 -270.272
1924 -270.273
1925 -270.273
1926 -270.273
1927 -270.273
1928 -270.274
1929 -270.273
1930 -270.273
1931 -270.273
1932 -270.273
1933 -270.273
1934 -270.273
1935 -270.272
1936 -270.272
1937 -270.272
1938 -270.272
1939 -270.272
1940 -270.272
1941 -270.272
1942 -270.271
1943 -270.271
1944 -270.271
1945 -270.271
1946 -270.27
1947 -270.27
1948 -270.27
1949 -270.27
1950 -270.27
1951 -270.269
1952 -270.269
1953 -270.269
1954 -270.269
1955 -270.269
1956 -270.269
1957 -270.268
1958 -270.269
1959 -270.269
1960 -270.27
1961 -270.269
1962 -270.269
1963 -270.269
1964 -270.268
1965 -270.266
1966 -270.267
1967 -270.268
1968 -270.267
1969 -270.267
1970 -270.266
1971 -270.267
1972 -270.268
1973 -270.267
1974 -270.268
1975 -270.27
1976 -270.27
1977 -270.271
1978 -270.272
1979 -270.272
1980 -270.272
1981 -270.272
1982 -270.272
1983 -270.272
1984 -270.273
1985 -270.273
1986 -270.274
1987 -270.274
1988 -270.273
1989 -270.273
1990 -270.273
1991 -270.274
1992 -270.268
1993 -270.267
1994 -270.267
1995 -270.269
1996 -270.269
1997 -270.269
1998 -270.274
1999 -270.273
2000 -270.273
2001 -270.27
2002 -270.27
2003 -270.269
2004 -270.268
2005 -270.15
2006 -270.234
2007 -270.233
2008 -270.233
2009 -270.232
2010 -270.235
2011 -270.235
2012 -270.235
2013 -270.237
2014 -270.245
2015 -270.265
2016 -270.265
2017 -270.264
2018 -270.263
2019 -270.262
2020 -270.263
2021 -270.262
2022 -270.261
2023 -270.263
2024 -270.263
2025 -270.263
2026 -270.264
2027 -270.263
2028 -270.264
2029 -270.264
2030 -270.265
2031 -270.264
2032 -270.264
2033 -270.265
2034 -270.265
2035 -270.266
2036 -270.266
2037 -270.266
2038 -270.267
2039 -270.267
2040 -270.267
2041 -270.265
2042 -270.266
2043 -270.266
2044 -270.266
2045 -270.266
2046 -270.265
2047 -270.264
2048 -270.264
2049 -270.264
2050 -270.264
2051 -270.263
2052 -270.265
2053 -270.265
2054 -270.264
2055 -270.265
2056 -270.263
2057 -270.263
2058 -270.262
2059 -270.262
2060 -270.262
2061 -270.262
2062 -270.262
2063 -270.263
2064 -270.264
2065 -270.264
2066 -270.264
2067 -270.263
2068 -270.263
2069 -270.264
2070 -270.265
2071 -270.266
2072 -270.267
2073 -270.266
2074 -270.265
2075 -270.265
2076 -270.264
2077 -270.266
2078 -270.265
2079 -270.266
2080 -270.265
2081 -270.265
2082 -270.265
2083 -270.265
2084 -270.263
2085 -270.263
2086 -270.264
2087 -270.264
2088 -270.264
2089 -270.264
2090 -270.264
2091 -270.264
2092 -270.264
2093 -270.264
2094 -270.266
2095 -270.265
2096 -270.264
2097 -270.262
2098 -270.261
2099 -270.261
2100 -270.261
2101 -270.261
2102 -270.261
2103 -270.261
2104 -270.261
2105 -270.263
2106 -270.263
2107 -270.262
2108 -270.261
2109 -270.261
2110 -270.26
2111 -270.259
2112 -270.259
2113 -270.259
2114 -270.259
2115 -270.26
2116 -270.26
2117 -270.261
2118 -270.261
2119 -270.262
2120 -270.263
2121 -270.263
2122 -270.265
2123 -270.266
2124 -270.267
2125 -270.265
2126 -270.267
2127 -270.266
2128 -270.266
2129 -270.265
2130 -270.267
2131 -270.267
2132 -270.268
2133 -270.267
2134 -270.268
2135 -270.267
2136 -270.268
2137 -270.266
2138 -270.266
2139 -270.266
2140 -270.267
2141 -270.267
2142 -270.267
2143 -270.266
2144 -270.266
2145 -270.266
2146 -270.267
2147 -270.268
2148 -270.269
2149 -270.269
2150 -270.269
2151 -270.271
2152 -270.271
2153 -270.271
2154 -270.27
2155 -270.271
2156 -270.27
2157 -270.27
2158 -270.27
2159 -270.271
2160 -270.27
2161 -270.271
2162 -270.27
2163 -270.271
2164 -270.27
2165 -270.27
2166 -270.27
2167 -270.269
2168 -270.27
2169 -270.268
2170 -270.269
2171 -270.269
2172 -270.269
2173 -270.269
2174 -270.268
2175 -270.269
2176 -270.269
2177 -270.269
2178 -270.268
2179 -270.268
2180 -270.267
2181 -270.267
2182 -270.266
2183 -270.266
2184 -270.267
2185 -270.268
2186 -270.267
2187 -270.267
2188 -270.267
2189 -270.269
2190 -270.269
2191 -270.267
2192 -270.267
2193 -270.267
2194 -270.268
2195 -270.268
2196 -270.268
2197 -270.267
2198 -270.268
2199 -270.268
2200 -270.268
2201 -270.268
2202 -270.27
2203 -270.27
2204 -270.27
2205 -270.271
2206 -270.271
2207 -270.271
2208 -270.271
2209 -270.272
2210 -270.272
2211 -270.273
2212 -270.274
2213 -270.273
2214 -270.273
2215 -270.274
2216 -270.275
2217 -270.275
2218 -270.275
2219 -270.275
2220 -270.275
2221 -270.275
2222 -270.276
2223 -270.275
2224 -270.275
2225 -270.276
2226 -270.275
2227 -270.277
2228 -270.277
2229 -270.278
2230 -270.278
2231 -270.278
2232 -270.279
2233 -270.279
2234 -270.279
2235 -270.279
2236 -270.277
2237 -270.277
2238 -270.277
2239 -270.278
2240 -270.277
2241 -270.277
2242 -270.276
2243 -270.277
2244 -270.277
2245 -270.277
2246 -270.277
2247 -270.277
2248 -270.277
2249 -270.278
2250 -270.278
2251 -270.278
2252 -270.277
2253 -270.277
2254 -270.278
2255 -270.278
2256 -270.277
2257 -270.278
2258 -270.277
2259 -270.278
2260 -270.278
2261 -270.278
2262 -270.279
2263 -270.279
2264 -270.279
2265 -270.279
2266 -270.279
2267 -270.279
2268 -270.279
2269 -270.28
2270 -270.28
2271 -270.281
2272 -270.281
2273 -270.281
2274 -270.28
2275 -270.279
2276 -270.278
2277 -270.278
2278 -270.276
2279 -270.276
2280 -270.277
2281 -270.277
2282 -270.277
2283 -270.275
2284 -270.275
2285 -270.275
2286 -270.274
2287 -270.275
2288 -270.275
2289 -270.273
2290 -270.274
2291 -270.274
2292 -270.273
2293 -270.273
2294 -270.272
2295 -270.272
2296 -270.272
2297 -270.272
2298 -270.271
2299 -270.273
2300 -270.273
2301 -270.273
2302 -270.272
2303 -270.273
2304 -270.273
2305 -270.271
2306 -270.271
2307 -270.271
2308 -270.271
2309 -270.27
2310 -270.27
2311 -270.271
2312 -270.27
2313 -270.269
2314 -270.27
2315 -270.267
2316 -270.268
2317 -270.268
2318 -270.268
2319 -270.269
2320 -270.267
2321 -270.267
2322 -270.267
2323 -270.268
2324 -270.267
2325 -270.266
2326 -270.266
2327 -270.266
2328 -270.265
2329 -270.266
2330 -270.265
2331 -270.265
2332 -270.265
2333 -270.265
2334 -270.266
2335 -270.267
2336 -270.267
2337 -270.267
2338 -270.267
2339 -270.267
2340 -270.268
2341 -270.267
2342 -270.268
2343 -270.267
2344 -270.269
2345 -270.268
2346 -270.268
2347 -270.268
2348 -270.268
2349 -270.268
2350 -270.267
2351 -270.268
2352 -270.266
2353 -270.267
2354 -270.267
2355 -270.266
2356 -270.268
2357 -270.269
2358 -270.27
2359 -270.268
2360 -270.267
2361 -270.267
2362 -270.267
2363 -270.268
2364 -270.267
2365 -270.267
2366 -270.268
2367 -270.27
2368 -270.271
2369 -270.271
2370 -270.271
2371 -270.27
2372 -270.269
2373 -270.27
2374 -270.27
2375 -270.272
2376 -270.272
2377 -270.273
2378 -270.272
2379 -270.274
2380 -270.273
2381 -270.273
2382 -270.274
2383 -270.274
2384 -270.275
2385 -270.273
2386 -270.274
2387 -270.273
2388 -270.273
2389 -270.271
2390 -270.271
2391 -270.271
2392 -270.271
2393 -270.272
2394 -270.272
2395 -270.272
2396 -270.273
2397 -270.272
2398 -270.273
2399 -270.273
2400 -270.272
2401 -270.271
2402 -270.272
2403 -270.272
2404 -270.273
2405 -270.272
2406 -270.272
2407 -270.271
2408 -270.27
2409 -270.27
2410 -270.271
2411 -270.271
2412 -270.271
2413 -270.271
2414 -270.271
2415 -270.269
2416 -270.267
2417 -270.267
2418 -270.27
2419 -270.269
2420 -270.269
2421 -270.268
2422 -270.269
2423 -270.269
2424 -270.27
2425 -270.27
2426 -270.269
2427 -270.27
2428 -270.27
2429 -270.27
2430 -270.27
2431 -270.27
2432 -270.269
2433 -270.27
2434 -270.27
2435 -270.269
2436 -270.268
2437 -270.269
2438 -270.269
2439 -270.268
2440 -270.267
2441 -270.267
2442 -270.272
2443 -270.271
2444 -270.272
2445 -270.271
2446 -270.272
2447 -270.271
2448 -270.271
2449 -270.27
2450 -270.271
2451 -270.271
2452 -270.272
2453 -270.273
2454 -270.272
2455 -270.273
2456 -270.273
2457 -270.273
2458 -270.273
2459 -270.273
2460 -270.272
2461 -270.272
2462 -270.272
2463 -270.273
2464 -270.274
2465 -270.273
2466 -270.272
2467 -270.273
2468 -270.272
2469 -270.272
2470 -270.272
2471 -270.272
2472 -270.272
2473 -270.272
2474 -270.272
2475 -270.272
2476 -270.272
2477 -270.27
2478 -270.27
2479 -270.27
2480 -270.27
2481 -270.27
2482 -270.269
2483 -270.268
2484 -270.269
2485 -270.268
2486 -270.266
2487 -270.266
2488 -270.266
2489 -270.267
2490 -270.266
2491 -270.264
2492 -270.265
2493 -270.265
2494 -270.265
2495 -270.265
2496 -270.264
2497 -270.264
2498 -270.264
2499 -270.265
2500 -270.265
2501 -270.265
2502 -270.265
2503 -270.267
2504 -270.267
2505 -270.266
2506 -270.266
2507 -270.266
2508 -270.267
2509 -270.267
2510 -270.265
2511 -270.266
2512 -270.267
2513 -270.267
2514 -270.268
2515 -270.268
2516 -270.27
2517 -270.269
2518 -270.267
2519 -270.268
2520 -270.268
2521 -270.269
2522 -270.269
2523 -270.269
2524 -270.269
2525 -270.269
2526 -270.27
2527 -270.27
2528 -270.27
2529 -270.27
2530 -270.269
2531 -270.268
2532 -270.268
2533 -270.268
2534 -270.268
2535 -270.269
2536 -270.269
2537 -270.269
2538 -270.269
2539 -270.27
2540 -270.27
2541 -270.27
2542 -270.271
2543 -270.27
2544 -270.27
2545 -270.27
2546 -270.271
2547 -270.27
2548 -270.27
2549 -270.27
2550 -270.27
2551 -270.27
2552 -270.27
2553 -270.271
2554 -270.272
2555 -270.272
2556 -270.272
2557 -270.273
2558 -270.271
2559 -270.271
2560 -270.271
2561 -270.271
2562 -270.273
2563 -270.273
2564 -270.274
2565 -270.274
2566 -270.274
2567 -270.274
2568 -270.274
2569 -270.274
2570 -270.274
2571 -270.272
2572 -270.272
2573 -270.271
2574 -270.271
2575 -270.271
2576 -270.271
2577 -270.27
2578 -270.27
2579 -270.268
2580 -270.268
2581 -270.268
2582 -270.268
2583 -270.268
2584 -270.268
2585 -270.268
2586 -270.27
2587 -270.27
2588 -270.27
2589 -270.27
2590 -270.27
2591 -270.27
2592 -270.27
2593 -270.271
2594 -270.271
2595 -270.271
2596 -270.269
2597 -270.27
2598 -270.27
2599 -270.269
2600 -270.269
2601 -270.269
2602 -270.268
2603 -270.265
2604 -270.266
2605 -270.266
2606 -270.268
2607 -270.267
2608 -270.267
2609 -270.265
2610 -270.267
2611 -270.267
2612 -270.265
2613 -270.266
2614 -270.266
2615 -270.267
2616 -270.268
2617 -270.267
2618 -270.267
2619 -270.266
2620 -270.267
2621 -270.267
2622 -270.268
2623 -270.268
2624 -270.269
2625 -270.269
2626 -270.268
2627 -270.268
2628 -270.268
2629 -270.268
2630 -270.269
2631 -270.269
2632 -270.269
2633 -270.27
2634 -270.27
2635 -270.27
2636 -270.268
2637 -270.269
2638 -270.269
2639 -270.269
2640 -270.27
2641 -270.269
2642 -270.27
2643 -270.269
2644 -270.269
2645 -270.268
2646 -270.269
2647 -270.269
2648 -270.269
2649 -270.268
2650 -270.267
2651 -270.266
2652 -270.266
2653 -270.267
2654 -270.266
2655 -270.266
2656 -270.266
2657 -270.266
2658 -270.266
2659 -270.265
2660 -270.265
2661 -270.265
2662 -270.265
2663 -270.265
2664 -270.264
2665 -270.264
2666 -270.263
2667 -270.264
2668 -270.264
2669 -270.265
2670 -270.265
2671 -270.266
2672 -270.267
2673 -270.267
2674 -270.267
2675 -270.266
2676 -270.265
2677 -270.266
2678 -270.265
2679 -270.266
2680 -270.265
2681 -270.26
2682 -270.26
2683 -270.26
2684 -270.261
2685 -270.26
2686 -270.261
2687 -270.259
2688 -270.26
2689 -270.259
2690 -270.259
2691 -270.259
2692 -270.259
2693 -270.259
2694 -270.259
2695 -270.26
2696 -270.258
2697 -270.259
2698 -270.259
2699 -270.26
2700 -270.261
2701 -270.262
2702 -270.261
2703 -270.262
2704 -270.261
2705 -270.261
2706 -270.261
2707 -270.261
2708 -270.26
2709 -270.26
2710 -270.26
2711 -270.262
2712 -270.264
2713 -270.264
2714 -270.264
2715 -270.265
2716 -270.264
2717 -270.264
2718 -270.265
2719 -270.265
2720 -270.265
2721 -270.266
2722 -270.268
2723 -270.267
2724 -270.267
2725 -270.266
2726 -270.265
2727 -270.265
2728 -270.264
2729 -270.264
2730 -270.265
2731 -270.266
2732 -270.265
2733 -270.266
2734 -270.266
2735 -270.266
2736 -270.265
2737 -270.265
2738 -270.265
2739 -270.265
2740 -270.266
2741 -270.266
2742 -270.267
2743 -270.267
2744 -270.266
2745 -270.266
2746 -270.265
2747 -270.265
2748 -270.265
2749 -270.265
2750 -270.265
2751 -270.266
2752 -270.266
2753 -270.265
2754 -270.266
2755 -270.268
2756 -270.267
2757 -270.268
2758 -270.268
2759 -270.268
2760 -270.268
2761 -270.267
2762 -270.268
2763 -270.268
2764 -270.268
2765 -270.267
2766 -270.269
2767 -270.268
2768 -270.267
2769 -270.267
2770 -270.266
2771 -270.266
2772 -270.266
2773 -270.266
2774 -270.265
2775 -270.265
2776 -270.266
2777 -270.266
2778 -270.266
2779 -270.266
2780 -270.266
2781 -270.266
2782 -270.266
2783 -270.266
2784 -270.266
2785 -270.267
2786 -270.268
2787 -270.268
2788 -270.268
2789 -270.268
2790 -270.267
2791 -270.267
2792 -270.268
2793 -270.267
2794 -270.268
2795 -270.268
2796 -270.268
2797 -270.27
2798 -270.27
2799 -270.269
2800 -270.269
2801 -270.269
2802 -270.267
2803 -270.268
2804 -270.268
2805 -270.268
2806 -270.269
2807 -270.269
2808 -270.268
2809 -270.268
2810 -270.268
2811 -270.269
2812 -270.268
2813 -270.267
2814 -270.267
2815 -270.269
2816 -270.268
2817 -270.269
2818 -270.268
2819 -270.268
2820 -270.268
2821 -270.267
2822 -270.266
2823 -270.266
2824 -270.266
2825 -270.267
2826 -270.266
2827 -270.266
2828 -270.268
2829 -270.268
2830 -270.268
2831 -270.268
2832 -270.269
2833 -270.269
2834 -270.27
2835 -270.269
2836 -270.269
2837 -270.27
2838 -270.27
2839 -270.27
2840 -270.27
2841 -270.27
2842 -270.27
2843 -270.269
2844 -270.269
2845 -270.269
2846 -270.269
2847 -270.27
2848 -270.268
2849 -270.269
2850 -270.269
2851 -270.269
2852 -270.269
2853 -270.269
2854 -270.269
2855 -270.269
2856 -270.269
2857 -270.27
2858 -270.27
2859 -270.27
2860 -270.27
2861 -270.27
2862 -270.27
2863 -270.27
2864 -270.271
2865 -270.271
2866 -270.272
2867 -270.273
2868 -270.274
2869 -270.274
2870 -270.274
2871 -270.272
2872 -270.275
2873 -270.275
2874 -270.275
2875 -270.275
2876 -270.274
2877 -270.273
2878 -270.273
2879 -270.273
2880 -270.274
2881 -270.273
2882 -270.273
2883 -270.274
2884 -270.274
2885 -270.273
2886 -270.274
2887 -270.275
2888 -270.275
2889 -270.275
2890 -270.275
2891 -270.275
2892 -270.275
2893 -270.274
2894 -270.274
2895 -270.274
2896 -270.274
2897 -270.274
2898 -270.274
2899 -270.272
2900 -270.272
2901 -270.273
2902 -270.272
2903 -270.271
2904 -270.271
2905 -270.271
2906 -270.271
2907 -270.272
2908 -270.273
2909 -270.273
2910 -270.274
2911 -270.274
2912 -270.273
2913 -270.273
2914 -270.274
2915 -270.273
2916 -270.27
2917 -270.27
2918 -270.269
2919 -270.268
2920 -270.272
2921 -270.274
2922 -270.275
2923 -270.274
2924 -270.275
2925 -270.275
2926 -270.274
2927 -270.275
2928 -270.276
2929 -270.275
2930 -270.275
2931 -270.275
2932 -270.275
2933 -270.275
2934 -270.275
2935 -270.275
2936 -270.275
2937 -270.276
2938 -270.276
2939 -270.275
2940 -270.275
2941 -270.275
2942 -270.276
2943 -270.276
2944 -270.276
2945 -270.276
2946 -270.275
2947 -270.275
2948 -270.274
2949 -270.275
2950 -270.275
2951 -270.275
2952 -270.274
2953 -270.275
2954 -270.275
2955 -270.274
2956 -270.273
2957 -270.273
2958 -270.273
2959 -270.273
2960 -270.272
2961 -270.271
2962 -270.271
2963 -270.269
2964 -270.268
2965 -270.269
2966 -270.268
2967 -270.27
2968 -270.27
2969 -270.269
2970 -270.269
2971 -270.269
2972 -270.268
2973 -270.266
2974 -270.266
2975 -270.266
2976 -270.267
2977 -270.268
2978 -270.268
2979 -270.268
2980 -270.267
2981 -270.268
2982 -270.268
2983 -270.268
2984 -270.268
2985 -270.269
2986 -270.268
2987 -270.268
2988 -270.268
2989 -270.268
2990 -270.267
2991 -270.267
2992 -270.267
2993 -270.267
2994 -270.267
2995 -270.268
2996 -270.268
2997 -270.268
2998 -270.268
2999 -270.267
3000 -270.268
