1 -270.291
2 -270.291
3 -270.292
4 -270.292
5 -270.292
6 -270.292
7 -270.292
8 -270.292
9 -270.292
10 -270.292
11 -270.292
12 -270.292
13 -270.292
14 -270.292
15 -270.292
16 -270.292
17 -270.292
18 -270.293
19 -270.293
20 -270.293
21 -270.293
22 -270.293
23 -270.293
24 -270.293
25 -270.293
26 -270.293
27 -270.293
28 -270.293
29 -270.293
30 -270.293
31 -270.293
32 -270.293
33 -270.293
34 -270.293
35 -270.293
36 -270.293
37 -270.293
38 -270.293
39 -270.293
40 -270.293
41 -270.293
42 -270.293
43 -270.293
44 -270.293
45 -270.293
46 -270.293
47 -270.293
48 -270.293
49 -270.293
50 -270.293
51 -270.293
52 -270.293
53 -270.293
54 -270.293
55 -270.293
56 -270.294
57 -270.293
58 -270.293
59 -270.293
60 -270.293
61 -270.293
62 -270.294
63 -270.294
64 -270.294
65 -270.294
66 -270.294
67 -270.294
68 -270.294
69 -270.294
70 -270.294
71 -270.294
72 -270.294
73 -270.294
74 -270.294
75 -270.294
76 -270.294
77 -270.294
78 -270.294
79 -270.294
80 -270.294
81 -270.294
82 -270.294
83 -270.294
84 -270.294
85 -270.294
86 -270.294
87 -270.294
88 -270.294
89 -270.294
90 -270.294
91 -270.294
92 -270.294
93 -270.294
94 -270.294
95 -270.294
96 -270.294
97 -270.294
98 -270.294
99 -270.294
100 -270.294
101 -270.294
102 -270.294
103 -270.294
104 -270.294
105 -270.294
106 -270.294
107 -270.294
108 -270.294
109 -270.294
110 -270.294
111 -270.294
112 -270.294
113 -270.294
114 -270.294
115 -270.294
116 -270.294
117 -270.294
118 -270.294
119 -270.294
120 -270.294
121 -270.294
122 -270.294
123 -270.294
124 -270.294
125 -270.294
126 -270.294
127 -270.294
128 -270.294
129 -270.294
130 -270.294
131 -270.294
132 -270.294
133 -270.294
134 -270.294
135 -270.294
136 -270.294
137 -270.294
138 -270.294
139 -270.294
140 -270.294
141 -270.294
142 -270.294
143 -270.294
144 -270.294
145 -270.294
146 -270.294
147 -270.294
148 -270.294
149 -270.294
150 -270.294
151 -270.294
152 -270.294
153 -270.294
154 -270.294
155 -270.294
156 -270.294
157 -270.294
158 -270.294
159 -270.294
160 -270.294
161 -270.294
162 -270.294
163 -270.294
164 -270.294
165 -270.294
166 -270.294
167 -270.295
168 -270.295
169 -270.295
170 -270.295
171 -270.295
172 -270.295
173 -270.295
174 -270.294
175 -270.294
176 -270.295
177 -270.294
178 -270.294
179 -270.294
180 -270.294
181 -270.294
182 -270.294
183 -270.294
184 -270.294
185 -270.294
186 -270.294
187 -270.294
188 -270.294
189 -270.294
190 -270.294
191 -270.294
192 -270.294
193 -270.294
194 -270.294
195 -270.294
196 -270.294
197 -270.294
198 -270.294
199 -270.294
200 -270.294
201 -270.294
202 -270.294
203 -270.294
204 -270.294
205 -270.294
206 -270.294
207 -270.294
208 -270.294
209 -270.294
210 -270.294
211 -270.294
212 -270.294
213 -270.294
214 -270.294
215 -270.294
216 -270.294
217 -270.294
218 -270.294
219 -270.294
220 -270.294
221 -270.294
222 -270.294
223 -270.294
224 -270.294
225 -270.294
226 -270.294
227 -270.294
228 -270.294
229 -270.294
230 -270.294
231 -270.294
232 -270.294
233 -270.294
234 -270.294
235 -270.294
236 -270.294
237 -270.294
238 -270.294
239 -270.294
240 -270.294
241 -270.294
242 -270.294
243 -270.294
244 -270.294
245 -270.294
246 -270.294
247 -270.294
248 -270.294
249 -270.294
250 -270.294
251 -270.294
252 -270.294
253 -270.294
254 -270.295
255 -270.294
256 -270.294
257 -270.294
258 -270.294
259 -270.294
260 -270.295
261 -270.295
262 -270.295
263 -270.295
264 -270.295
265 -270.295
266 -270.295
267 -270.295
268 -270.295
269 -270.295
270 -270.295
271 -270.295
272 -270.295
273 -270.295
274 -270.295
275 -270.295
276 -270.295
277 -270.295
278 -270.295
279 -270.295
280 -270.295
281 -270.295
282 -270.295
283 -270.295
284 -270.295
285 -270.295
286 -270.295
287 -270.295
288 -270.295
289 -270.295
290 -270.295
291 -270.294
292 -270.294
293 -270.295
294 -270.295
295 -270.295
296 -270.295
297 -270.295
298 -270.295
299 -270.295
300 -270.295
301 -270.295
302 -270.295
303 -270.295
304 -270.294
305 -270.294
306 -270.294
307 -270.294
308 -270.294
309 -270.294
310 -270.294
311 -270.294
312 -270.294
313 -270.294
314 -270.294
315 -270.294
316 -270.294
317 -270.294
318 -270.294
319 -270.294
320 -270.294
321 -270.294
322 -270.294
323 -270.294
324 -270.294
325 -270.294
326 -270.294
327 -270.294
328 -270.294
329 -270.294
330 -270.295
331 -270.295
332 -270.295
333 -270.295
334 -270.295
335 -270.295
336 -270.295
337 -270.295
338 -270.295
339 -270.295
340 -270.295
341 -270.295
342 -270.295
343 -270.295
344 -270.295
345 -270.295
346 -270.295
347 -270.295
348 -270.295
349 -270.295
350 -270.295
351 -270.295
352 -270.295
353 -270.295
354 -270.295
355 -270.295
356 -270.295
357 -270.295
358 -270.295
359 -270.295
360 -270.295
361 -270.295
362 -270.295
363 -270.295
364 -270.295
365 -270.295
366 -270.295
367 -270.295
368 -270.295
369 -270.295
370 -270.295
371 -270.295
372 -270.295
373 -270.295
374 -270.295
375 -270.295
376 -270.295
377 -270.295
378 -270.295
379 -270.295
380 -270.295
381 -270.295
382 -270.295
383 -270.295
384 -270.295
385 -270.295
386 -270.295
387 -270.295
388 -270.295
389 -270.295
390 -270.295
391 -270.295
392 -270.295
393 -270.295
394 -270.295
395 -270.295
396 -270.295
397 -270.295
398 -270.295
399 -270.295
400 -270.295
401 -270.295
402 -270.295
403 -270.295
404 -270.295
405 -270.295
406 -270.295
407 -270.295
408 -270.295
409 -270.295
410 -270.295
411 -270.295
412 -270.295
413 -270.295
414 -270.295
415 -270.295
416 -270.295
417 -270.295
418 -270.295
419 -270.295
420 -270.295
421 -270.295
422 -270.295
423 -270.295
424 -270.295
425 -270.295
426 -270.295
427 -270.295
428 -270.295
429 -270.295
430 -270.295
431 -270.295
432 -270.295
433 -270.295
434 -270.295
435 -270.295
436 -270.295
437 -270.295
438 -270.295
439 -270.295
440 -270.295
441 -270.295
442 -270.295
443 -270.295
444 -270.295
445 -270.295
446 -270.295
447 -270.295
448 -270.295
449 -270.295
450 -270.295
451 -270.295
452 -270.295
453 -270.295
454 -270.295
455 -270.295
456 -270.295
457 -270.295
458 -270.295
459 -270.295
460 -270.295
461 -270.295
462 -270.295
463 -270.295
464 -270.295
465 -270.295
466 -270.295
467 -270.295
468 -270.295
469 -270.295
470 -270.295
471 -270.295
472 -270.295
473 -270.295
474 -270.295
475 -270.295
476 -270.295
477 -270.295
478 -270.295
479 -270.295
480 -270.295
481 -270.295
482 -270.295
483 -270.295
484 -270.295
485 -270.295
486 -270.295
487 -270.295
488 -270.295
489 -270.295
490 -270.295
491 -270.295
492 -270.295
493 -270.295
494 -270.295
495 -270.295
496 -270.295
497 -270.295
498 -270.295
499 -270.295
500 -270.295
501 -270.295
502 -270.295
503 -270.295
504 -270.295
505 -270.295
506 -270.295
507 -270.295
508 -270.295
509 -270.295
510 -270.295
511 -270.295
512 -270.295
513 -270.295
514 -270.295
515 -270.295
516 -270.295
517 -270.295
518 -270.295
519 -270.295
520 -270.295
521 -270.295
522 -270.295
523 -270.295
524 -270.295
525 -270.295
526 -270.295
527 -270.295
528 -270.295
529 -270.295
530 -270.295
531 -270.295
532 -270.295
533 -270.295
534 -270.295
535 -270.295
536 -270.295
537 -270.295
538 -270.295
539 -270.295
540 -270.295
541 -270.295
542 -270.295
543 -270.295
544 -270.295
545 -270.295
546 -270.295
547 -270.295
548 -270.295
549 -270.295
550 -270.295
551 -270.295
552 -270.295
553 -270.295
554 -270.295
555 -270.295
556 -270.295
557 -270.295
558 -270.295
559 -270.295
560 -270.295
561 -270.295
562 -270.295
563 -270.295
564 -270.295
565 -270.295
566 -270.295
567 -270.295
568 -270.295
569 -270.295
570 -270.295
571 -270.295
572 -270.295
573 -270.295
574 -270.295
575 -270.295
576 -270.295
577 -270.295
578 -270.295
579 -270.295
580 -270.295
581 -270.295
582 -270.295
583 -270.295
584 -270.295
585 -270.295
586 -270.295
587 -270.295
588 -270.295
589 -270.295
590 -270.295
591 -270.294
592 -270.294
593 -270.294
594 -270.295
595 -270.295
596 -270.295
597 -270.295
598 -270.295
599 -270.295
600 -270.294
601 -270.295
602 -270.295
603 -270.295
604 -270.295
605 -270.295
606 -270.295
607 -270.295
608 -270.295
609 -270.295
610 -270.295
611 -270.295
612 -270.295
613 -270.295
614 -270.295
615 -270.295
616 -270.294
617 -270.294
618 -270.294
619 -270.294
620 -270.294
621 -270.294
622 -270.294
623 -270.294
624 -270.294
625 -270.294
626 -270.294
627 -270.294
628 -270.294
629 -270.294
630 -270.294
631 -270.294
632 -270.294
633 -270.294
634 -270.294
635 -270.294
636 -270.294
637 -270.294
638 -270.295
639 -270.294
640 -270.294
641 -270.294
642 -270.294
643 -270.294
644 -270.294
645 -270.294
646 -270.294
647 -270.294
648 -270.294
649 -270.294
650 -270.294
651 -270.294
652 -270.294
653 -270.294
654 -270.294
655 -270.294
656 -270.294
657 -270.294
658 -270.294
659 -270.294
660 -270.294
661 -270.294
662 -270.294
663 -270.294
664 -270.294
665 -270.294
666 -270.294
667 -270.294
668 -270.294
669 -270.294
670 -270.294
671 -270.294
672 -270.294
673 -270.294
674 -270.294
675 -270.294
676 -270.294
677 -270.294
678 -270.294
679 -270.294
680 -270.294
681 -270.295
682 -270.294
683 -270.295
684 -270.294
685 -270.295
686 -270.295
687 -270.294
688 -270.294
689 -270.294
690 -270.294
691 -270.294
692 -270.294
693 -270.294
694 -270.294
695 -270.294
696 -270.294
697 -270.294
698 -270.294
699 -270.294
700 -270.294
701 -270.294
702 -270.294
703 -270.294
704 -270.294
705 -270.295
706 -270.294
707 -270.294
708 -270.294
709 -270.294
710 -270.294
711 -270.294
712 -270.294
713 -270.294
714 -270.295
715 -270.295
716 -270.295
717 -270.295
718 -270.295
719 -270.295
720 -270.295
721 -270.295
722 -270.295
723 -270.295
724 -270.295
725 -270.295
726 -270.295
727 -270.295
728 -270.295
729 -270.295
730 -270.295
731 -270.295
732 -270.295
733 -270.295
734 -270.295
735 -270.295
736 -270.295
737 -270.295
738 -270.295
739 -270.295
740 -270.295
741 -270.295
742 -270.295
743 -270.295
744 -270.295
745 -270.295
746 -270.295
747 -270.295
748 -270.295
749 -270.295
750 -270.295
751 -270.295
752 -270.295
753 -270.295
754 -270.295
755 -270.295
756 -270.295
757 -270.295
758 -270.295
759 -270.295
760 -270.295
761 -270.295
762 -270.295
763 -270.295
764 -270.295
765 -270.295
766 -270.295
767 -270.295
768 -270.295
769 -270.295
770 -270.295
771 -270.295
772 -270.295
773 -270.295
774 -270.295
775 -270.295
776 -270.295
777 -270.295
778 -270.295
779 -270.295
780 -270.295
781 -270.295
782 -270.295
783 -270.295
784 -270.295
785 -270.295
786 -270.295
787 -270.295
788 -270.295
789 -270.295
790 -270.295
791 -270.295
792 -270.295
793 -270.295
794 -270.295
795 -270.295
796 -270.295
797 -270.295
798 -270.295
799 -270.295
800 -270.295
801 -270.295
802 -270.295
803 -270.295
804 -270.295
805 -270.295
806 -270.295
807 -270.295
808 -270.295
809 -270.295
810 -270.295
811 -270.295
812 -270.295
813 -270.295
814 -270.295
815 -270.295
816 -270.295
817 -270.295
818 -270.295
819 -270.295
820 -270.295
821 -270.295
822 -270.295
823 -270.295
824 -270.295
825 -270.295
826 -270.295
827 -270.295
828 -270.295
829 -270.295
830 -270.295
831 -270.295
832 -270.295
833 -270.295
834 -270.295
835 -270.295
836 -270.295
837 -270.295
838 -270.295
839 -270.295
840 -270.295
841 -270.295
842 -270.295
843 -270.295
844 -270.295
845 -270.295
846 -270.295
847 -270.295
848 -270.295
849 -270.295
850 -270.295
851 -270.295
852 -270.295
853 -270.295
854 -270.295
855 -270.295
856 -270.295
857 -270.295
858 -270.295
859 -270.295
860 -270.295
861 -270.295
862 -270.295
863 -270.295
864 -270.295
865 -270.295
866 -270.295
867 -270.295
868 -270.295
869 -270.295
870 -270.295
871 -270.295
872 -270.295
873 -270.295
874 -270.295
875 -270.295
876 -270.295
877 -270.295
878 -270.295
879 -270.295
880 -270.295
881 -270.295
882 -270.295
883 -270.295
884 -270.295
885 -270.295
886 -270.295
887 -270.295
888 -270.295
889 -270.295
890 -270.288
891 -270.294
892 -270.294
893 -270.294
894 -270.294
895 -270.294
896 -270.294
897 -270.294
898 -270.294
899 -270.294
900 -270.294
901 -270.294
902 -270.294
903 -270.294
904 -270.294
905 -270.294
906 -270.294
907 -270.294
908 -270.294
909 -270.294
910 -270.294
911 -270.294
912 -270.294
913 -270.294
914 -270.294
915 -270.294
916 -270.294
917 -270.294
918 -270.294
919 -270.294
920 -270.294
921 -270.294
922 -270.294
923 -270.294
924 -270.294
925 -270.294
926 -270.294
927 -270.294
928 -270.294
929 -270.295
930 -270.295
931 -270.294
932 -270.294
933 -270.295
934 -270.295
935 -270.294
936 -270.295
937 -270.295
938 -270.295
939 -270.295
940 -270.295
941 -270.295
942 -270.295
943 -270.295
944 -270.295
945 -270.295
946 -270.295
947 -270.295
948 -270.295
949 -270.295
950 -270.295
951 -270.295
952 -270.295
953 -270.295
954 -270.295
955 -270.295
956 -270.295
957 -270.295
958 -270.295
959 -270.295
960 -270.295
961 -270.295
962 -270.295
963 -270.295
964 -270.295
965 -270.296
966 -270.296
967 -270.296
968 -270.296
969 -270.296
970 -270.296
971 -270.296
972 -270.296
973 -270.296
974 -270.296
975 -270.296
976 -270.296
977 -270.296
978 -270.296
979 -270.296
980 -270.296
981 -270.296
982 -270.296
983 -270.296
984 -270.296
985 -270.296
986 -270.296
987 -270.296
988 -270.296
989 -270.296
990 -270.296
991 -270.296
992 -270.296
993 -270.296
994 -270.296
995 -270.296
996 -270.296
997 -270.296
998 -270.296
999 -270.296
1000 -270.296
1001 -270.296
1002 -270.296
1003 -270.296
1004 -270.296
1005 -270.296
1006 -270.296
1007 -270.296
1008 -270.296
1009 -270.296
1010 -270.296
1011 -270.296
1012 -270.296
1013 -270.296
1014 -270.296
1015 -270.296
1016 -270.296
1017 -270.296
1018 -270.296
1019 -270.296
1020 -270.296
1021 -270.296
1022 -270.296
1023 -270.296
1024 -270.296
1025 -270.296
1026 -270.295
1027 -270.295
1028 -270.295
1029 -270.295
1030 -270.295
1031 -270.295
1032 -270.295
1033 -270.295
1034 -270.295
1035 -270.295
1036 -270.295
1037 -270.295
1038 -270.295
1039 -270.295
1040 -270.295
1041 -270.295
1042 -270.295
1043 -270.295
1044 -270.295
1045 -270.295
1046 -270.295
1047 -270.295
1048 -270.295
1049 -270.295
1050 -270.295
1051 -270.295
1052 -270.295
1053 -270.295
1054 -270.295
1055 -270.295
1056 -270.295
1057 -270.295
1058 -270.295
1059 -270.295
1060 -270.295
1061 -270.295
1062 -270.295
1063 -270.295
1064 -270.295
1065 -270.295
1066 -270.295
1067 -270.295
1068 -270.295
1069 -270.295
1070 -270.295
1071 -270.295
1072 -270.295
1073 -270.295
1074 -270.295
1075 -270.295
1076 -270.295
1077 -270.295
1078 -270.295
1079 -270.295
1080 -270.295
1081 -270.295
1082 -270.295
1083 -270.295
1084 -270.295
1085 -270.295
1086 -270.295
1087 -270.295
1088 -270.295
1089 -270.295
1090 -270.295
1091 -270.295
1092 -270.295
1093 -270.295
1094 -270.295
1095 -270.295
1096 -270.295
1097 -270.295
1098 -270.295
1099 -270.295
1100 -270.295
1101 -270.295
1102 -270.295
1103 -270.295
1104 -270.295
1105 -270.295
1106 -270.296
1107 -270.295
1108 -270.295
1109 -270.295
1110 -270.295
1111 -270.296
1112 -270.296
1113 -270.296
1114 -270.296
1115 -270.296
1116 -270.296
1117 -270.296
1118 -270.295
1119 -270.295
1120 -270.295
1121 -270.295
1122 -270.295
1123 -270.295
1124 -270.295
1125 -270.295
1126 -270.295
1127 -270.295
1128 -270.295
1129 -270.295
1130 -270.295
1131 -270.295
1132 -270.295
1133 -270.295
1134 -270.295
1135 -270.295
1136 -270.295
1137 -270.295
1138 -270.295
1139 -270.295
1140 -270.295
1141 -270.295
1142 -270.296
1143 -270.295
1144 -270.296
1145 -270.296
1146 -270.296
1147 -270.296
1148 -270.296
1149 -270.296
1150 -270.296
1151 -270.296
1152 -270.296
1153 -270.296
1154 -270.296
1155 -270.296
1156 -270.296
1157 -270.296
1158 -270.296
1159 -270.295
1160 -270.295
1161 -270.295
1162 -270.295
1163 -270.295
1164 -270.295
1165 -270.295
1166 -270.295
1167 -270.295
1168 -270.295
1169 -270.295
1170 -270.295
1171 -270.295
1172 -270.295
1173 -270.295
1174 -270.295
1175 -270.295
1176 -270.296
1177 -270.295
1178 -270.295
1179 -270.296
1180 -270.296
1181 -270.296
1182 -270.296
1183 -270.296
1184 -270.295
1185 -270.295
1186 -270.295
1187 -270.295
1188 -270.295
1189 -270.295
1190 -270.295
1191 -270.295
1192 -270.295
1193 -270.295
1194 -270.295
1195 -270.295
1196 -270.295
1197 -270.295
1198 -270.295
1199 -270.295
1200 -270.295
1201 -270.295
1202 -270.295
1203 -270.295
1204 -270.296
1205 -270.296
1206 -270.296
1207 -270.296
1208 -270.296
1209 -270.296
1210 -270.296
1211 -270.296
1212 -270.296
1213 -270.296
1214 -270.296
1215 -270.296
1216 -270.296
1217 -270.296
1218 -270.296
1219 -270.296
1220 -270.296
1221 -270.296
1222 -270.296
1223 -270.296
1224 -270.296
1225 -270.296
1226 -270.296
1227 -270.296
1228 -270.296
1229 -270.296
1230 -270.296
1231 -270.296
1232 -270.296
1233 -270.296
1234 -270.296
1235 -270.296
1236 -270.296
1237 -270.296
1238 -270.296
1239 -270.296
1240 -270.296
1241 -270.296
1242 -270.296
1243 -270.296
1244 -270.296
1245 -270.296
1246 -270.296
1247 -270.296
1248 -270.296
1249 -270.296
1250 -270.296
1251 -270.296
1252 -270.296
1253 -270.296
1254 -270.296
1255 -270.296
1256 -270.296
1257 -270.296
1258 -270.296
1259 -270.296
1260 -270.296
1261 -270.296
1262 -270.296
1263 -270.296
1264 -270.296
1265 -270.296
1266 -270.296
1267 -270.296
1268 -270.296
1269 -270.296
1270 -270.296
1271 -270.296
1272 -270.296
1273 -270.296
1274 -270.296
1275 -270.296
1276 -270.296
1277 -270.296
1278 -270.296
1279 -270.296
1280 -270.296
1281 -270.296
1282 -270.296
1283 -270.295
1284 -270.295
1285 -270.295
1286 -270.295
1287 -270.295
1288 -270.295
1289 -270.295
1290 -270.295
1291 -270.295
1292 -270.295
1293 -270.295
1294 -270.296
1295 -270.296
1296 -270.296
1297 -270.296
1298 -270.296
1299 -270.296
1300 -270.296
1301 -270.296
1302 -270.296
1303 -270.296
1304 -270.296
1305 -270.296
1306 -270.296
1307 -270.296
1308 -270.296
1309 -270.296
1310 -270.296
1311 -270.296
1312 -270.296
1313 -270.296
1314 -270.296
1315 -270.296
1316 -270.296
1317 -270.296
1318 -270.296
1319 -270.296
1320 -270.296
1321 -270.296
1322 -270.296
1323 -270.296
1324 -270.296
1325 -270.296
1326 -270.296
1327 -270.296
1328 -270.296
1329 -270.296
1330 -270.296
1331 -270.296
1332 -270.296
1333 -270.296
1334 -270.296
1335 -270.296
1336 -270.296
1337 -270.296
1338 -270.296
1339 -270.296
1340 -270.296
1341 -270.296
1342 -270.296
1343 -270.296
1344 -270.296
1345 -270.296
1346 -270.296
1347 -270.296
1348 -270.296
1349 -270.296
1350 -270.296
1351 -270.296
1352 -270.296
1353 -270.296
1354 -270.296
1355 -270.296
1356 -270.296
1357 -270.296
1358 -270.296
1359 -270.296
1360 -270.296
1361 -270.296
1362 -270.296
1363 -270.296
1364 -270.296
1365 -270.296
1366 -270.296
1367 -270.296
1368 -270.296
1369 -270.296
1370 -270.296
1371 -270.296
1372 -270.296
1373 -270.296
1374 -270.296
1375 -270.296
1376 -270.296
1377 -270.296
1378 -270.296
1379 -270.296
1380 -270.296
1381 -270.296
1382 -270.296
1383 -270.296
1384 -270.296
1385 -270.296
1386 -270.296
1387 -270.296
1388 -270.296
1389 -270.296
1390 -270.296
1391 -270.296
1392 -270.296
1393 -270.296
1394 -270.296
1395 -270.296
1396 -270.296
1397 -270.296
1398 -270.296
1399 -270.296
1400 -270.296
1401 -270.296
1402 -270.296
1403 -270.296
1404 -270.296
1405 -270.296
1406 -270.296
1407 -270.296
1408 -270.296
1409 -270.296
1410 -270.296
1411 -270.296
1412 -270.296
1413 -270.296
1414 -270.296
1415 -270.296
1416 -270.296
1417 -270.296
1418 -270.296
1419 -270.295
1420 -270.296
1421 -270.296
1422 -270.296
1423 -270.296
1424 -270.295
1425 -270.296
1426 -270.296
1427 -270.296
1428 -270.296
1429 -270.296
1430 -270.296
1431 -270.295
1432 -270.295
1433 -270.296
1434 -270.296
1435 -270.296
1436 -270.296
1437 -270.296
1438 -270.296
1439 -270.296
1440 -270.296
1441 -270.296
1442 -270.296
1443 -270.296
1444 -270.296
1445 -270.296
1446 -270.296
1447 -270.296
1448 -270.296
1449 -270.296
1450 -270.296
1451 -270.296
1452 -270.296
1453 -270.296
1454 -270.295
1455 -270.296
1456 -270.296
1457 -270.295
1458 -270.296
1459 -270.296
1460 -270.296
1461 -270.295
1462 -270.295
1463 -270.295
1464 -270.295
1465 -270.295
1466 -270.296
1467 -270.295
1468 -270.296
1469 -270.296
1470 -270.295
1471 -270.296
1472 -270.296
1473 -270.296
1474 -270.296
1475 -270.296
1476 -270.296
1477 -270.296
1478 -270.296
1479 -270.296
1480 -270.296
1481 -270.296
1482 -270.296
1483 -270.296
1484 -270.296
1485 -270.296
1486 -270.296
1487 -270.296
1488 -270.296
1489 -270.295
1490 -270.295
1491 -270.295
1492 -270.295
1493 -270.295
1494 -270.295
1495 -270.295
1496 -270.295
1497 -270.295
1498 -270.295
1499 -270.295
1500 -270.295
1501 -270.295
1502 -270.295
1503 -270.295
1504 -270.295
1505 -270.295
1506 -270.295
1507 -270.295
1508 -270.295
1509 -270.295
1510 -270.295
1511 -270.295
1512 -270.295
1513 -270.295
1514 -270.295
1515 -270.295
1516 -270.295
1517 -270.295
1518 -270.295
1519 -270.295
1520 -270.295
1521 -270.295
1522 -270.295
1523 -270.295
1524 -270.295
1525 -270.295
1526 -270.295
1527 -270.295
1528 -270.295
1529 -270.295
1530 -270.295
1531 -270.295
1532 -270.295
1533 -270.295
1534 -270.295
1535 -270.295
1536 -270.295
1537 -270.295
1538 -270.295
1539 -270.295
1540 -270.295
1541 -270.295
1542 -270.295
1543 -270.295
1544 -270.295
1545 -270.295
1546 -270.295
1547 -270.295
1548 -270.295
1549 -270.295
1550 -270.295
1551 -270.295
1552 -270.295
1553 -270.295
1554 -270.295
1555 -270.295
1556 -270.295
1557 -270.295
1558 -270.295
1559 -270.295
1560 -270.295
1561 -270.295
1562 -270.295
1563 -270.295
1564 -270.295
1565 -270.295
1566 -270.295
1567 -270.296
1568 -270.296
1569 -270.296
1570 -270.296
1571 -270.296
1572 -270.296
1573 -270.296
1574 -270.295
1575 -270.296
1576 -270.296
1577 -270.296
1578 -270.296
1579 -270.296
1580 -270.295
1581 -270.295
1582 -270.295
1583 -270.295
1584 -270.295
1585 -270.295
1586 -270.295
1587 -270.295
1588 -270.295
1589 -270.296
1590 -270.296
1591 -270.296
1592 -270.296
1593 -270.296
1594 -270.296
1595 -270.296
1596 -270.296
1597 -270.296
1598 -270.296
1599 -270.295
1600 -270.295
1601 -270.295
1602 -270.295
1603 -270.295
1604 -270.295
1605 -270.295
1606 -270.295
1607 -270.295
1608 -270.295
1609 -270.295
1610 -270.295
1611 -270.295
1612 -270.295
1613 -270.295
1614 -270.295
1615 -270.295
1616 -270.295
1617 -270.295
1618 -270.295
1619 -270.295
1620 -270.295
1621 -270.295
1622 -270.295
1623 -270.295
1624 -270.295
1625 -270.295
1626 -270.295
1627 -270.295
1628 -270.295
1629 -270.295
1630 -270.295
1631 -270.295
1632 -270.295
1633 -270.295
1634 -270.295
1635 -270.295
1636 -270.295
1637 -270.295
1638 -270.295
1639 -270.295
1640 -270.295
1641 -270.295
1642 -270.295
1643 -270.295
1644 -270.295
1645 -270.295
1646 -270.295
1647 -270.295
1648 -270.295
1649 -270.295
1650 -270.295
1651 -270.295
1652 -270.295
1653 -270.295
1654 -270.295
1655 -270.295
1656 -270.295
1657 -270.295
1658 -270.295
1659 -270.295
1660 -270.295
1661 -270.295
1662 -270.295
1663 -270.295
1664 -270.295
1665 -270.295
1666 -270.295
1667 -270.295
1668 -270.295
1669 -270.295
1670 -270.295
1671 -270.295
1672 -270.295
1673 -270.295
1674 -270.295
1675 -270.295
1676 -270.295
1677 -270.295
1678 -270.295
1679 -270.295
1680 -270.295
1681 -270.295
1682 -270.295
1683 -270.295
1684 -270.295
1685 -270.295
1686 -270.295
1687 -270.295
1688 -270.295
1689 -270.295
1690 -270.295
1691 -270.295
1692 -270.295
1693 -270.295
1694 -270.295
1695 -270.295
1696 -270.295
1697 -270.295
1698 -270.295
1699 -270.295
1700 -270.295
1701 -270.295
1702 -270.295
1703 -270.295
1704 -270.295
1705 -270.295
1706 -270.295
1707 -270.295
1708 -270.295
1709 -270.296
1710 -270.295
1711 -270.295
1712 -270.295
1713 -270.295
1714 -270.295
1715 -270.295
1716 -270.295
1717 -270.295
1718 -270.295
1719 -270.295
1720 -270.295
1721 -270.295
1722 -270.295
1723 -270.295
1724 -270.295
1725 -270.295
1726 -270.295
1727 -270.295
1728 -270.295
1729 -270.295
1730 -270.295
1731 -270.295
1732 -270.295
1733 -270.295
1734 -270.295
1735 -270.295
1736 -270.295
1737 -270.295
1738 -270.295
1739 -270.295
1740 -270.295
1741 -270.295
1742 -270.295
1743 -270.295
1744 -270.295
1745 -270.295
1746 -270.295
1747 -270.295
1748 -270.295
1749 -270.295
1750 -270.295
1751 -270.295
1752 -270.295
1753 -270.295
1754 -270.295
1755 -270.295
1756 -270.295
1757 -270.295
1758 -270.295
1759 -270.295
1760 -270.295
1761 -270.295
1762 -270.295
1763 -270.295
1764 -270.295
1765 -270.295
1766 -270.295
1767 -270.295
1768 -270.295
1769 -270.295
1770 -270.295
1771 -270.295
1772 -270.295
1773 -270.295
1774 -270.295
1775 -270.295
1776 -270.295
1777 -270.295
1778 -270.295
1779 -270.295
1780 -270.295
1781 -270.295
1782 -270.295
1783 -270.295
1784 -270.295
1785 -270.295
1786 -270.295
1787 -270.295
1788 -270.295
1789 -270.295
1790 -270.295
1791 -270.295
1792 -270.295
1793 -270.295
1794 -270.295
1795 -270.295
1796 -270.295
1797 -270.295
1798 -270.295
1799 -270.295
1800 -270.295
1801 -270.295
1802 -270.295
1803 -270.295
1804 -270.295
1805 -270.295
1806 -270.295
1807 -270.295
1808 -270.295
1809 -270.295
1810 -270.295
1811 -270.295
1812 -270.295
1813 -270.295
1814 -270.295
1815 -270.295
1816 -270.295
1817 -270.295
1818 -270.295
1819 -270.295
1820 -270.295
1821 -270.295
1822 -270.295
1823 -270.295
1824 -270.295
1825 -270.295
1826 -270.295
1827 -270.295
1828 -270.295
1829 -270.295
1830 -270.295
1831 -270.295
1832 -270.295
1833 -270.295
1834 -270.295
1835 -270.296
1836 -270.295
1837 -270.295
1838 -270.295
1839 -270.295
1840 -270.295
1841 -270.295
1842 -270.295
1843 -270.295
1844 -270.295
1845 -270.295
1846 -270.295
1847 -270.295
1848 -270.295
1849 -270.295
1850 -270.295
1851 -270.295
1852 -270.296
1853 -270.296
1854 -270.296
1855 -270.296
1856 -270.295
1857 -270.295
1858 -270.295
1859 -270.295
1860 -270.295
1861 -270.295
1862 -270.295
1863 -270.295
1864 -270.295
1865 -270.295
1866 -270.295
1867 -270.295
1868 -270.295
1869 -270.295
1870 -270.295
1871 -270.295
1872 -270.295
1873 -270.295
1874 -270.295
1875 -270.295
1876 -270.295
1877 -270.295
1878 -270.295
1879 -270.295
1880 -270.295
1881 -270.295
1882 -270.295
1883 -270.295
1884 -270.295
1885 -270.295
1886 -270.295
1887 -270.295
1888 -270.295
1889 -270.295
1890 -270.295
1891 -270.295
1892 -270.295
1893 -270.295
1894 -270.295
1895 -270.295
1896 -270.295
1897 -270.295
1898 -270.295
1899 -270.295
1900 -270.295
1901 -270.295
1902 -270.296
1903 -270.296
1904 -270.295
1905 -270.296
1906 -270.296
1907 -270.296
1908 -270.295
1909 -270.295
1910 -270.295
1911 -270.295
1912 -270.295
1913 -270.295
1914 -270.295
1915 -270.295
1916 -270.295
1917 -270.295
1918 -270.295
1919 -270.295
1920 -270.295
1921 -270.295
1922 -270.295
1923 -270.295
1924 -270.295
1925 -270.295
1926 -270.295
1927 -270.295
1928 -270.295
1929 -270.295
1930 -270.295
1931 -270.295
1932 -270.295
1933 -270.295
1934 -270.295
1935 -270.295
1936 -270.295
1937 -270.295
1938 -270.295
1939 -270.295
1940 -270.295
1941 -270.295
1942 -270.295
1943 -270.295
1944 -270.295
1945 -270.295
1946 -270.295
1947 -270.295
1948 -270.295
1949 -270.295
1950 -270.295
1951 -270.295
1952 -270.295
1953 -270.295
1954 -270.295
1955 -270.295
1956 -270.295
1957 -270.295
1958 -270.295
1959 -270.295
1960 -270.295
1961 -270.295
1962 -270.295
1963 -270.295
1964 -270.295
1965 -270.295
1966 -270.295
1967 -270.295
1968 -270.295
1969 -270.295
1970 -270.295
1971 -270.295
1972 -270.295
1973 -270.295
1974 -270.295
1975 -270.295
1976 -270.295
1977 -270.295
1978 -270.295
1979 -270.295
1980 -270.295
1981 -270.295
1982 -270.295
1983 -270.295
1984 -270.295
1985 -270.295
1986 -270.295
1987 -270.295
1988 -270.295
1989 -270.295
1990 -270.295
1991 -270.295
1992 -270.295
1993 -270.295
1994 -270.295
1995 -270.294
1996 -270.294
1997 -270.294
1998 -270.295
1999 -270.295
2000 -270.295
2001 -270.295
2002 -270.295
2003 -270.295
2004 -270.295
2005 -270.295
2006 -270.295
2007 -270.295
2008 -270.295
2009 -270.295
2010 -270.295
2011 -270.295
2012 -270.295
2013 -270.295
2014 -270.295
2015 -270.295
2016 -270.295
2017 -270.295
2018 -270.295
2019 -270.295
2020 -270.295
2021 -270.295
2022 -270.295
2023 -270.295
2024 -270.295
2025 -270.295
2026 -270.295
2027 -270.295
2028 -270.295
2029 -270.295
2030 -270.295
2031 -270.295
2032 -270.295
2033 -270.295
2034 -270.295
2035 -270.295
2036 -270.295
2037 -270.295
2038 -270.295
2039 -270.295
2040 -270.295
2041 -270.295
2042 -270.295
2043 -270.295
2044 -270.295
2045 -270.295
2046 -270.295
2047 -270.295
2048 -270.295
2049 -270.295
2050 -270.295
2051 -270.295
2052 -270.295
2053 -270.295
2054 -270.295
2055 -270.295
2056 -270.295
2057 -270.295
2058 -270.295
2059 -270.295
2060 -270.295
2061 -270.295
2062 -270.295
2063 -270.295
2064 -270.295
2065 -270.295
2066 -270.295
2067 -270.295
2068 -270.295
2069 -270.295
2070 -270.295
2071 -270.295
2072 -270.295
2073 -270.295
2074 -270.295
2075 -270.295
2076 -270.295
2077 -270.295
2078 -270.295
2079 -270.295
2080 -270.295
2081 -270.295
2082 -270.295
2083 -270.295
2084 -270.295
2085 -270.295
2086 -270.295
2087 -270.295
2088 -270.295
2089 -270.295
2090 -270.295
2091 -270.295
2092 -270.295
2093 -270.295
2094 -270.295
2095 -270.295
2096 -270.295
2097 -270.295
2098 -270.295
2099 -270.295
2100 -270.295
2101 -270.295
2102 -270.295
2103 -270.295
2104 -270.295
2105 -270.295
2106 -270.295
2107 -270.295
2108 -270.295
2109 -270.295
2110 -270.295
2111 -270.295
2112 -270.295
2113 -270.295
2114 -270.295
2115 -270.295
2116 -270.295
2117 -270.295
2118 -270.295
2119 -270.295
2120 -270.295
2121 -270.295
2122 -270.295
2123 -270.295
2124 -270.295
2125 -270.295
2126 -270.295
2127 -270.295
2128 -270.295
2129 -270.295
2130 -270.295
2131 -270.295
2132 -270.295
2133 -270.295
2134 -270.295
2135 -270.295
2136 -270.295
2137 -270.295
2138 -270.295
2139 -270.295
2140 -270.295
2141 -270.295
2142 -270.295
2143 -270.295
2144 -270.295
2145 -270.295
2146 -270.295
2147 -270.295
2148 -270.295
2149 -270.295
2150 -270.295
2151 -270.295
2152 -270.295
2153 -270.295
2154 -270.295
2155 -270.295
2156 -270.295
2157 -270.295
2158 -270.295
2159 -270.295
2160 -270.295
2161 -270.295
2162 -270.295
2163 -270.295
2164 -270.295
2165 -270.295
2166 -270.295
2167 -270.295
2168 -270.295
2169 -270.295
2170 -270.295
2171 -270.295
2172 -270.295
2173 -270.295
2174 -270.295
2175 -270.295
2176 -270.295
2177 -270.295
2178 -270.295
2179 -270.295
2180 -270.295
2181 -270.295
2182 -270.295
2183 -270.295
2184 -270.295
2185 -270.295
2186 -270.295
2187 -270.295
2188 -270.295
2189 -270.295
2190 -270.295
2191 -270.295
2192 -270.295
2193 -270.296
2194 -270.295
2195 -270.296
2196 -270.295
2197 -270.295
2198 -270.295
2199 -270.295
2200 -270.295
2201 -270.295
2202 -270.296
2203 -270.296
2204 -270.296
2205 -270.295
2206 -270.295
2207 -270.295
2208 -270.295
2209 -270.295
2210 -270.295
2211 -270.296
2212 -270.296
2213 -270.296
2214 -270.296
2215 -270.296
2216 -270.295
2217 -270.296
2218 -270.295
2219 -270.295
2220 -270.296
2221 -270.295
2222 -270.295
2223 -270.295
2224 -270.295
2225 -270.295
2226 -270.296
2227 -270.296
2228 -270.296
2229 -270.295
2230 -270.295
2231 -270.295
2232 -270.295
2233 -270.295
2234 -270.295
2235 -270.295
2236 -270.295
2237 -270.295
2238 -270.295
2239 -270.295
2240 -270.295
2241 -270.295
2242 -270.295
2243 -270.295
2244 -270.295
2245 -270.295
2246 -270.295
2247 -270.295
2248 -270.295
2249 -270.295
2250 -270.295
2251 -270.295
2252 -270.295
2253 -270.295
2254 -270.295
2255 -270.295
2256 -270.295
2257 -270.295
2258 -270.295
2259 -270.295
2260 -270.295
2261 -270.295
2262 -270.295
2263 -270.295
2264 -270.295
2265 -270.295
2266 -270.295
2267 -270.295
2268 -270.295
2269 -270.295
2270 -270.295
2271 -270.295
2272 -270.295
2273 -270.295
2274 -270.295
2275 -270.295
2276 -270.295
2277 -270.295
2278 -270.295
2279 -270.295
2280 -270.295
2281 -270.295
2282 -270.295
2283 -270.295
2284 -270.295
2285 -270.295
2286 -270.295
2287 -270.295
2288 -270.295
2289 -270.295
2290 -270.295
2291 -270.295
2292 -270.295
2293 -270.295
2294 -270.295
2295 -270.295
2296 -270.295
2297 -270.295
2298 -270.295
2299 -270.295
2300 -270.295
2301 -270.295
2302 -270.295
2303 -270.295
2304 -270.295
2305 -270.295
2306 -270.295
2307 -270.295
2308 -270.295
2309 -270.295
2310 -270.295
2311 -270.295
2312 -270.295
2313 -270.295
2314 -270.295
2315 -270.295
2316 -270.295
2317 -270.295
2318 -270.295
2319 -270.295
2320 -270.295
2321 -270.295
2322 -270.295
2323 -270.295
2324 -270.295
2325 -270.295
2326 -270.295
2327 -270.295
2328 -270.295
2329 -270.295
2330 -270.295
2331 -270.295
2332 -270.295
2333 -270.295
2334 -270.295
2335 -270.295
2336 -270.295
2337 -270.295
2338 -270.295
2339 -270.295
2340 -270.295
2341 -270.295
2342 -270.295
2343 -270.276
2344 -270.276
2345 -270.277
2346 -270.291
2347 -270.291
2348 -270.291
2349 -270.292
2350 -270.292
2351 -270.292
2352 -270.292
2353 -270.292
2354 -270.292
2355 -270.292
2356 -270.292
2357 -270.292
2358 -270.292
2359 -270.294
2360 -270.294
2361 -270.294
2362 -270.294
2363 -270.294
2364 -270.294
2365 -270.294
2366 -270.294
2367 -270.294
2368 -270.294
2369 -270.294
2370 -270.294
2371 -270.294
2372 -270.294
2373 -270.294
2374 -270.294
2375 -270.294
2376 -270.294
2377 -270.294
2378 -270.294
2379 -270.294
2380 -270.294
2381 -270.294
2382 -270.294
2383 -270.294
2384 -270.295
2385 -270.295
2386 -270.295
2387 -270.295
2388 -270.295
2389 -270.295
2390 -270.295
2391 -270.295
2392 -270.295
2393 -270.295
2394 -270.295
2395 -270.295
2396 -270.295
2397 -270.295
2398 -270.295
2399 -270.295
2400 -270.295
2401 -270.295
2402 -270.295
2403 -270.295
2404 -270.295
2405 -270.295
2406 -270.295
2407 -270.295
2408 -270.295
2409 -270.295
2410 -270.294
2411 -270.295
2412 -270.295
2413 -270.294
2414 -270.294
2415 -270.295
2416 -270.295
2417 -270.294
2418 -270.294
2419 -270.294
2420 -270.294
2421 -270.295
2422 -270.295
2423 -270.295
2424 -270.295
2425 -270.295
2426 -270.295
2427 -270.295
2428 -270.295
2429 -270.294
2430 -270.294
2431 -270.294
2432 -270.295
2433 -270.295
2434 -270.295
2435 -270.295
2436 -270.295
2437 -270.295
2438 -270.295
2439 -270.294
2440 -270.294
2441 -270.295
2442 -270.295
2443 -270.294
2444 -270.294
2445 -270.294
2446 -270.294
2447 -270.294
2448 -270.294
2449 -270.294
2450 -270.294
2451 -270.294
2452 -270.294
2453 -270.294
2454 -270.294
2455 -270.294
2456 -270.294
2457 -270.294
2458 -270.294
2459 -270.294
2460 -270.295
2461 -270.295
2462 -270.294
2463 -270.294
2464 -270.294
2465 -270.294
2466 -270.294
2467 -270.294
2468 -270.294
2469 -270.294
2470 -270.294
2471 -270.294
2472 -270.294
2473 -270.295
2474 -270.294
2475 -270.294
2476 -270.294
2477 -270.295
2478 -270.295
2479 -270.295
2480 -270.295
2481 -270.295
2482 -270.295
2483 -270.294
2484 -270.294
2485 -270.295
2486 -270.294
2487 -270.294
2488 -270.295
2489 -270.295
2490 -270.295
2491 -270.294
2492 -270.294
2493 -270.295
2494 -270.295
2495 -270.295
2496 -270.295
2497 -270.294
2498 -270.294
2499 -270.294
2500 -270.295
2501 -270.295
2502 -270.295
2503 -270.295
2504 -270.295
2505 -270.295
2506 -270.295
2507 -270.295
2508 -270.295
2509 -270.295
2510 -270.295
2511 -270.295
2512 -270.295
2513 -270.295
2514 -270.295
2515 -270.295
2516 -270.295
2517 -270.295
2518 -270.295
2519 -270.295
2520 -270.295
2521 -270.295
2522 -270.295
2523 -270.295
2524 -270.295
2525 -270.295
2526 -270.295
2527 -270.295
2528 -270.295
2529 -270.295
2530 -270.295
2531 -270.295
2532 -270.295
2533 -270.295
2534 -270.295
2535 -270.295
2536 -270.295
2537 -270.295
2538 -270.295
2539 -270.295
2540 -270.295
2541 -270.295
2542 -270.295
2543 -270.295
2544 -270.295
2545 -270.295
2546 -270.295
2547 -270.295
2548 -270.295
2549 -270.295
2550 -270.295
2551 -270.295
2552 -270.295
2553 -270.295
2554 -270.295
2555 -270.295
2556 -270.295
2557 -270.295
2558 -270.295
2559 -270.295
2560 -270.295
2561 -270.295
2562 -270.295
2563 -270.295
2564 -270.295
2565 -270.295
2566 -270.295
2567 -270.295
2568 -270.295
2569 -270.295
2570 -270.295
2571 -270.295
2572 -270.295
2573 -270.295
2574 -270.295
2575 -270.295
2576 -270.295
2577 -270.295
2578 -270.295
2579 -270.295
2580 -270.295
2581 -270.295
2582 -270.295
2583 -270.295
2584 -270.295
2585 -270.295
2586 -270.295
2587 -270.295
2588 -270.295
2589 -270.295
2590 -270.295
2591 -270.295
2592 -270.295
2593 -270.295
2594 -270.295
2595 -270.295
2596 -270.295
2597 -270.295
2598 -270.295
2599 -270.295
2600 -270.295
2601 -270.295
2602 -270.295
2603 -270.295
2604 -270.295
2605 -270.295
2606 -270.295
2607 -270.295
2608 -270.295
2609 -270.295
2610 -270.295
2611 -270.295
2612 -270.295
2613 -270.295
2614 -270.295
2615 -270.295
2616 -270.295
2617 -270.295
2618 -270.295
2619 -270.295
2620 -270.295
2621 -270.295
2622 -270.295
2623 -270.295
2624 -270.295
2625 -270.295
2626 -270.295
2627 -270.295
2628 -270.295
2629 -270.295
2630 -270.295
2631 -270.295
2632 -270.295
2633 -270.295
2634 -270.295
2635 -270.295
2636 -270.295
2637 -270.295
2638 -270.295
2639 -270.295
2640 -270.295
2641 -270.295
2642 -270.295
2643 -270.295
2644 -270.295
2645 -270.295
2646 -270.295
2647 -270.295
2648 -270.295
2649 -270.295
2650 -270.296
2651 -270.296
2652 -270.295
2653 -270.295
2654 -270.295
2655 -270.295
2656 -270.295
2657 -270.296
2658 -270.296
2659 -270.296
2660 -270.296
2661 -270.296
2662 -270.296
2663 -270.296
2664 -270.296
2665 -270.296
2666 -270.296
2667 -270.295
2668 -270.296
2669 -270.295
2670 -270.295
2671 -270.295
2672 -270.295
2673 -270.295
2674 -270.295
2675 -270.295
2676 -270.295
2677 -270.295
2678 -270.295
2679 -270.295
2680 -270.295
2681 -270.295
2682 -270.295
2683 -270.295
2684 -270.295
2685 -270.295
2686 -270.295
2687 -270.295
2688 -270.295
2689 -270.295
2690 -270.295
2691 -270.295
2692 -270.295
2693 -270.295
2694 -270.295
2695 -270.295
2696 -270.295
2697 -270.295
2698 -270.295
2699 -270.295
2700 -270.295
2701 -270.295
2702 -270.295
2703 -270.295
2704 -270.295
2705 -270.295
2706 -270.295
2707 -270.295
2708 -270.295
2709 -270.295
2710 -270.295
2711 -270.295
2712 -270.295
2713 -270.295
2714 -270.295
2715 -270.295
2716 -270.295
2717 -270.295
2718 -270.295
2719 -270.295
2720 -270.295
2721 -270.295
2722 -270.295
2723 -270.295
2724 -270.295
2725 -270.295
2726 -270.295
2727 -270.295
2728 -270.295
2729 -270.295
2730 -270.295
2731 -270.295
2732 -270.295
2733 -270.295
2734 -270.295
2735 -270.295
2736 -270.295
2737 -270.295
2738 -270.295
2739 -270.295
2740 -270.295
2741 -270.295
2742 -270.295
2743 -270.295
2744 -270.295
2745 -270.295
2746 -270.295
2747 -270.295
2748 -270.295
2749 -270.295
2750 -270.295
2751 -270.295
2752 -270.295
2753 -270.295
2754 -270.295
2755 -270.295
2756 -270.295
2757 -270.295
2758 -270.295
2759 -270.295
2760 -270.295
2761 -270.295
2762 -270.295
2763 -270.295
2764 -270.295
2765 -270.295
2766 -270.295
2767 -270.295
2768 -270.295
2769 -270.295
2770 -270.295
2771 -270.295
2772 -270.295
2773 -270.295
2774 -270.295
2775 -270.295
2776 -270.295
2777 -270.295
2778 -270.295
2779 -270.295
2780 -270.295
2781 -270.294
2782 -270.294
2783 -270.294
2784 -270.294
2785 -270.294
2786 -270.294
2787 -270.294
2788 -270.294
2789 -270.294
2790 -270.294
2791 -270.294
2792 -270.294
2793 -270.294
2794 -270.294
2795 -270.294
2796 -270.294
2797 -270.294
2798 -270.294
2799 -270.294
2800 -270.294
2801 -270.294
2802 -270.294
2803 -270.294
2804 -270.294
2805 -270.294
2806 -270.294
2807 -270.294
2808 -270.294
2809 -270.294
2810 -270.294
2811 -270.294
2812 -270.294
2813 -270.294
2814 -270.294
2815 -270.294
2816 -270.294
2817 -270.294
2818 -270.295
2819 -270.294
2820 -270.294
2821 -270.294
2822 -270.295
2823 -270.295
2824 -270.295
2825 -270.295
2826 -270.295
2827 -270.295
2828 -270.295
2829 -270.295
2830 -270.295
2831 -270.295
2832 -270.295
2833 -270.295
2834 -270.295
2835 -270.295
2836 -270.295
2837 -270.295
2838 -270.295
2839 -270.295
2840 -270.295
2841 -270.295
2842 -270.295
2843 -270.295
2844 -270.295
2845 -270.295
2846 -270.295
2847 -270.295
2848 -270.295
2849 -270.295
2850 -270.295
2851 -270.295
2852 -270.295
2853 -270.295
2854 -270.295
2855 -270.295
2856 -270.295
2857 -270.295
2858 -270.295
2859 -270.295
2860 -270.295
2861 -270.295
2862 -270.295
2863 -270.295
2864 -270.295
2865 -270.295
2866 -270.295
2867 -270.295
2868 -270.295
2869 -270.295
2870 -270.295
2871 -270.295
2872 -270.295
2873 -270.295
2874 -270.295
2875 -270.295
2876 -270.295
2877 -270.295
2878 -270.295
2879 -270.295
2880 -270.295
2881 -270.295
2882 -270.295
2883 -270.295
2884 -270.295
2885 -270.295
2886 -270.295
2887 -270.295
2888 -270.295
2889 -270.295
2890 -270.295
2891 -270.295
2892 -270.295
2893 -270.295
2894 -270.295
2895 -270.295
2896 -270.295
2897 -270.295
2898 -270.295
2899 -270.295
2900 -270.295
2901 -270.295
2902 -270.295
2903 -270.295
2904 -270.295
2905 -270.295
2906 -270.295
2907 -270.295
2908 -270.295
2909 -270.295
2910 -270.295
2911 -270.295
2912 -270.295
2913 -270.295
2914 -270.296
2915 -270.296
2916 -270.296
2917 -270.296
2918 -270.296
2919 -270.296
2920 -270.296
2921 -270.296
2922 -270.296
2923 -270.296
2924 -270.296
2925 -270.296
2926 -270.296
2927 -270.296
2928 -270.296
2929 -270.296
2930 -270.296
2931 -270.296
2932 -270.296
2933 -270.296
2934 -270.296
2935 -270.296
2936 -270.296
2937 -270.296
2938 -270.296
2939 -270.296
2940 -270.295
2941 -270.295
2942 -270.295
2943 -270.295
2944 -270.295
2945 -270.295
2946 -270.295
2947 -270.295
2948 -270.295
2949 -270.295
2950 -270.295
2951 -270.295
2952 -270.295
2953 -270.295
2954 -270.295
2955 -270.295
2956 -270.295
2957 -270.295
2958 -270.295
2959 -270.295
2960 -270.295
2961 -270.295
2962 -270.295
2963 -270.295
2964 -270.295
2965 -270.295
2966 -270.295
2967 -270.295
2968 -270.295
2969 -270.295
2970 -270.295
2971 -270.295
2972 -270.295
2973 -270.295
2974 -270.295
2975 -270.295
2976 -270.295
2977 -270.295
2978 -270.295
2979 -270.295
2980 -270.295
2981 -270.295
2982 -270.295
2983 -270.295
2984 -270.295
2985 -270.295
2986 -270.295
2987 -270.295
2988 -270.295
2989 -270.295
2990 -270.295
2991 -270.295
2992 -270.295
2993 -270.295
2994 -270.295
2995 -270.295
2996 -270.295
2997 -270.295
2998 -270.295
2999 -270.295
3000 -270.295
