1 -270.268
2 -270.269
3 -270.27
4 -270.272
5 -270.272
6 -270.272
7 -270.272
8 -270.273
9 -270.273
10 -270.274
11 -270.274
12 -270.275
13 -270.274
14 -270.274
15 -270.274
16 -270.275
17 -270.275
18 -270.275
19 -270.276
20 -270.276
21 -270.276
22 -270.276
23 -270.277
24 -270.277
25 -270.277
26 -270.277
27 -270.277
28 -270.277
29 -270.277
30 -270.276
31 -270.276
32 -270.277
33 -270.277
34 -270.278
35 -270.278
36 -270.278
37 -270.278
38 -270.278
39 -270.278
40 -270.278
41 -270.278
42 -270.278
43 -270.278
44 -270.278
45 -270.278
46 -270.278
47 -270.278
48 -270.279
49 -270.279
50 -270.279
51 -270.279
52 -270.279
53 -270.279
54 -270.28
55 -270.279
56 -270.28
57 -270.28
58 -270.28
59 -270.28
60 -270.28
61 -270.28
62 -270.28
63 -270.279
64 -270.279
65 -270.28
66 -270.28
67 -270.28
68 -270.28
69 -270.28
70 -270.281
71 -270.281
72 -270.281
73 -270.28
74 -270.28
75 -270.28
76 -270.279
77 -270.279
78 -270.28
79 -270.28
80 -270.28
81 -270.28
82 -270.28
83 -270.28
84 -270.28
85 -270.28
86 -270.281
87 -270.28
88 -270.28
89 -270.28
90 -270.28
91 -270.28
92 -270.279
93 -270.28
94 -270.281
95 -270.28
96 -270.281
97 -270.281
98 -270.282
99 -270.281
100 -270.282
101 -270.282
102 -270.281
103 -270.282
104 -270.282
105 -270.283
106 -270.282
107 -270.282
108 -270.282
109 -270.282
110 -270.282
111 -270.282
112 -270.282
113 -270.283
114 -270.283
115 -270.283
116 -270.283
117 -270.283
118 -270.283
119 -270.283
120 -270.283
121 -270.284
122 -270.283
123 -270.283
124 -270.283
125 -270.283
126 -270.283
127 -270.283
128 -270.283
129 -270.283
130 -270.283
131 -270.283
132 -270.282
133 -270.282
134 -270.283
135 -270.282
136 -270.282
137 -270.283
138 -270.283
139 -270.284
140 -270.284
141 -270.283
142 -270.283
143 -270.282
144 -270.283
145 -270.283
146 -270.283
147 -270.283
148 -270.283
149 -270.283
150 -270.283
151 -270.283
152 -270.282
153 -270.282
154 -270.282
155 -270.282
156 -270.282
157 -270.282
158 -270.282
159 -270.282
160 -270.282
161 -270.282
162 -270.283
163 -270.283
164 -270.283
165 -270.283
166 -270.284
167 -270.283
168 -270.284
169 -270.284
170 -270.283
171 -270.283
172 -270.283
173 -270.283
174 -270.284
175 -270.284
176 -270.284
177 -270.284
178 -270.284
179 -270.284
180 -270.284
181 -270.283
182 -270.283
183 -270.283
184 -270.283
185 -270.283
186 -270.283
187 -270.283
188 -270.283
189 -270.283
190 -270.282
191 -270.282
192 -270.283
193 -270.283
194 -270.283
195 -270.283
196 -270.283
197 -270.282
198 -270.282
199 -270.282
200 -270.282
201 -270.283
202 -270.283
203 -270.283
204 -270.283
205 -270.283
206 -270.283
207 -270.283
208 -270.283
209 -270.283
210 -270.282
211 -270.282
212 -270.282
213 -270.282
214 -270.282
215 -270.283
216 -270.282
217 -270.282
218 -270.282
219 -270.282
220 -270.282
221 -270.282
222 -270.282
223 -270.282
224 -270.282
225 -270.282
226 -270.282
227 -270.282
228 -270.282
229 -270.283
230 -270.283
231 -270.283
232 -270.283
233 -270.283
234 -270.283
235 -270.283
236 -270.283
237 -270.283
238 -270.283
239 -270.283
240 -270.282
241 -270.282
242 -270.282
243 -270.282
244 -270.282
245 -270.282
246 -270.282
247 -270.282
248 -270.282
249 -270.282
250 -270.282
251 -270.282
252 -270.281
253 -270.281
254 -270.281
255 -270.281
256 -270.281
257 -270.281
258 -270.282
259 -270.282
260 -270.282
261 -270.282
262 -270.283
263 -270.283
264 -270.283
265 -270.283
266 -270.283
267 -270.283
268 -270.282
269 -270.282
270 -270.282
271 -270.282
272 -270.282
273 -270.282
274 -270.282
275 -270.282
276 -270.282
277 -270.282
278 -270.282
279 -270.282
280 -270.282
281 -270.282
282 -270.282
283 -270.282
284 -270.282
285 -270.282
286 -270.282
287 -270.282
288 -270.282
289 -270.282
290 -270.282
291 -270.282
292 -270.281
293 -270.281
294 -270.282
295 -270.282
296 -270.282
297 -270.282
298 -270.282
299 -270.282
300 -270.282
301 -270.283
302 -270.283
303 -270.283
304 -270.283
305 -270.282
306 -270.282
307 -270.281
308 -270.281
309 -270.281
310 -270.281
311 -270.28
312 -270.28
313 -270.281
314 -270.281
315 -270.281
316 -270.281
317 -270.281
318 -270.281
319 -270.28
320 -270.28
321 -270.28
322 -270.28
323 -270.28
324 -270.281
325 -270.281
326 -270.281
327 -270.281
328 -270.281
329 -270.282
330 -270.282
331 -270.282
332 -270.282
333 -270.283
334 -270.282
335 -270.282
336 -270.282
337 -270.282
338 -270.281
339 -270.281
340 -270.281
341 -270.281
342 -270.28
343 -270.281
344 -270.281
345 -270.281
346 -270.281
347 -270.281
348 -270.28
349 -270.281
350 -270.281
351 -270.282
352 -270.282
353 -270.282
354 -270.282
355 -270.282
356 -270.282
357 -270.283
358 -270.282
359 -270.282
360 -270.282
361 -270.283
362 -270.283
363 -270.282
364 -270.283
365 -270.283
366 -270.283
367 -270.283
368 -270.283
369 -270.283
370 -270.283
371 -270.283
372 -270.283
373 -270.282
374 -270.283
375 -270.282
376 -270.282
377 -270.282
378 -270.282
379 -270.282
380 -270.282
381 -270.281
382 -270.282
383 -270.281
384 -270.282
385 -270.282
386 -270.282
387 -270.282
388 -270.282
389 -270.282
390 -270.281
391 -270.281
392 -270.281
393 -270.281
394 -270.281
395 -270.281
396 -270.281
397 -270.281
398 -270.281
399 -270.281
400 -270.281
401 -270.281
402 -270.282
403 -270.281
404 -270.282
405 -270.281
406 -270.281
407 -270.281
408 -270.281
409 -270.282
410 -270.281
411 -270.281
412 -270.281
413 -270.281
414 -270.281
415 -270.281
416 -270.281
417 -270.281
418 -270.282
419 -270.282
420 -270.282
421 -270.282
422 -270.282
423 -270.282
424 -270.282
425 -270.282
426 -270.282
427 -270.282
428 -270.282
429 -270.282
430 -270.282
431 -270.282
432 -270.282
433 -270.282
434 -270.282
435 -270.282
436 -270.282
437 -270.282
438 -270.282
439 -270.282
440 -270.282
441 -270.283
442 -270.283
443 -270.282
444 -270.282
445 -270.282
446 -270.283
447 -270.283
448 -270.283
449 -270.283
450 -270.283
451 -270.283
452 -270.283
453 -270.282
454 -270.283
455 -270.283
456 -270.282
457 -270.283
458 -270.282
459 -270.282
460 -270.282
461 -270.282
462 -270.282
463 -270.282
464 -270.282
465 -270.282
466 -270.281
467 -270.282
468 -270.282
469 -270.281
470 -270.28
471 -270.281
472 -270.281
473 -270.281
474 -270.281
475 -270.28
476 -270.28
477 -270.28
478 -270.28
479 -270.28
480 -270.28
481 -270.28
482 -270.28
483 -270.28
484 -270.28
485 -270.28
486 -270.28
487 -270.281
488 -270.281
489 -270.281
490 -270.281
491 -270.281
492 -270.281
493 -270.281
494 -270.281
495 -270.281
496 -270.281
497 -270.281
498 -270.281
499 -270.281
500 -270.281
501 -270.281
502 -270.281
503 -270.28
504 -270.28
505 -270.28
506 -270.281
507 -270.28
508 -270.28
509 -270.28
510 -270.28
511 -270.28
512 -270.28
513 -270.281
514 -270.281
515 -270.28
516 -270.28
517 -270.28
518 -270.281
519 -270.281
520 -270.281
521 -270.281
522 -270.281
523 -270.281
524 -270.281
525 -270.281
526 -270.281
527 -270.281
528 -270.281
529 -270.281
530 -270.28
531 -270.281
532 -270.281
533 -270.281
534 -270.281
535 -270.28
536 -270.28
537 -270.28
538 -270.281
539 -270.281
540 -270.281
541 -270.281
542 -270.281
543 -270.28
544 -270.28
545 -270.28
546 -270.281
547 -270.281
548 -270.281
549 -270.281
550 -270.281
551 -270.282
552 -270.281
553 -270.282
554 -270.282
555 -270.282
556 -270.282
557 -270.282
558 -270.282
559 -270.282
560 -270.282
561 -270.284
562 -270.283
563 -270.283
564 -270.283
565 -270.284
566 -270.284
567 -270.284
568 -270.284
569 -270.284
570 -270.284
571 -270.284
572 -270.284
573 -270.284
574 -270.285
575 -270.284
576 -270.284
577 -270.284
578 -270.284
579 -270.284
580 -270.284
581 -270.284
582 -270.284
583 -270.284
584 -270.284
585 -270.283
586 -270.283
587 -270.283
588 -270.284
589 -270.284
590 -270.284
591 -270.284
592 -270.283
593 -270.283
594 -270.283
595 -270.283
596 -270.283
597 -270.284
598 -270.284
599 -270.283
600 -270.283
601 -270.283
602 -270.283
603 -270.282
604 -270.27
605 -270.271
606 -270.271
607 -270.272
608 -270.271
609 -270.272
610 -270.272
611 -270.272
612 -270.272
613 -270.272
614 -270.271
615 -270.272
616 -270.272
617 -270.271
618 -270.271
619 -270.271
620 -270.271
621 -270.271
622 -270.273
623 -270.273
624 -270.273
625 -270.274
626 -270.274
627 -270.274
628 -270.274
629 -270.274
630 -270.275
631 -270.275
632 -270.276
633 -270.276
634 -270.276
635 -270.276
636 -270.276
637 -270.276
638 -270.276
639 -270.276
640 -270.276
641 -270.276
642 -270.276
643 -270.275
644 -270.276
645 -270.276
646 -270.276
647 -270.276
648 -270.275
649 -270.275
650 -270.275
651 -270.275
652 -270.275
653 -270.275
654 -270.275
655 -270.275
656 -270.275
657 -270.278
658 -270.278
659 -270.277
660 -270.277
661 -270.278
662 -270.278
663 -270.278
664 -270.277
665 -270.277
666 -270.277
667 -270.277
668 -270.278
669 -270.277
670 -270.277
671 -270.277
672 -270.278
673 -270.279
674 -270.279
675 -270.279
676 -270.279
677 -270.28
678 -270.281
679 -270.281
680 -270.281
681 -270.281
682 -270.281
683 -270.281
684 -270.281
685 -270.281
686 -270.281
687 -270.281
688 -270.281
689 -270.281
690 -270.281
691 -270.281
692 -270.281
693 -270.281
694 -270.281
695 -270.28
696 -270.281
697 -270.281
698 -270.281
699 -270.28
700 -270.281
701 -270.282
702 -270.281
703 -270.281
704 -270.282
705 -270.282
706 -270.282
707 -270.281
708 -270.281
709 -270.281
710 -270.281
711 -270.281
712 -270.282
713 -270.282
714 -270.282
715 -270.282
716 -270.282
717 -270.281
718 -270.281
719 -270.281
720 -270.282
721 -270.282
722 -270.282
723 -270.282
724 -270.282
725 -270.282
726 -270.281
727 -270.281
728 -270.281
729 -270.281
730 -270.282
731 -270.281
732 -270.281
733 -270.281
734 -270.281
735 -270.281
736 -270.281
737 -270.282
738 -270.283
739 -270.283
740 -270.283
741 -270.283
742 -270.283
743 -270.283
744 -270.283
745 -270.283
746 -270.283
747 -270.283
748 -270.282
749 -270.281
750 -270.282
751 -270.282
752 -270.281
753 -270.282
754 -270.282
755 -270.282
756 -270.281
757 -270.281
758 -270.282
759 -270.282
760 -270.282
761 -270.282
762 -270.282
763 -270.282
764 -270.282
765 -270.282
766 -270.282
767 -270.283
768 -270.283
769 -270.282
770 -270.282
771 -270.283
772 -270.283
773 -270.283
774 -270.283
775 -270.283
776 -270.283
777 -270.282
778 -270.282
779 -270.282
780 -270.283
781 -270.283
782 -270.283
783 -270.283
784 -270.282
785 -270.282
786 -270.282
787 -270.282
788 -270.282
789 -270.282
790 -270.282
791 -270.282
792 -270.282
793 -270.282
794 -270.282
795 -270.283
796 -270.283
797 -270.283
798 -270.284
799 -270.283
800 -270.284
801 -270.284
802 -270.283
803 -270.283
804 -270.284
805 -270.283
806 -270.283
807 -270.283
808 -270.284
809 -270.284
810 -270.284
811 -270.283
812 -270.283
813 -270.283
814 -270.284
815 -270.284
816 -270.283
817 -270.283
818 -270.283
819 -270.283
820 -270.283
821 -270.283
822 -270.283
823 -270.283
824 -270.283
825 -270.283
826 -270.283
827 -270.283
828 -270.283
829 -270.283
830 -270.284
831 -270.283
832 -270.284
833 -270.284
834 -270.284
835 -270.284
836 -270.284
837 -270.284
838 -270.284
839 -270.284
840 -270.284
841 -270.284
842 -270.284
843 -270.284
844 -270.285
845 -270.284
846 -270.284
847 -270.284
848 -270.284
849 -270.284
850 -270.285
851 -270.284
852 -270.284
853 -270.284
854 -270.284
855 -270.285
856 -270.284
857 -270.284
858 -270.284
859 -270.284
860 -270.283
861 -270.283
862 -270.283
863 -270.283
864 -270.284
865 -270.284
866 -270.283
867 -270.284
868 -270.283
869 -270.284
870 -270.284
871 -270.284
872 -270.285
873 -270.285
874 -270.286
875 -270.286
876 -270.286
877 -270.286
878 -270.286
879 -270.286
880 -270.286
881 -270.286
882 -270.286
883 -270.286
884 -270.286
885 -270.286
886 -270.286
887 -270.286
888 -270.285
889 -270.285
890 -270.285
891 -270.285
892 -270.285
893 -270.285
894 -270.285
895 -270.285
896 -270.285
897 -270.284
898 -270.284
899 -270.284
900 -270.284
901 -270.284
902 -270.284
903 -270.283
904 -270.284
905 -270.283
906 -270.283
907 -270.283
908 -270.283
909 -270.282
910 -270.282
911 -270.283
912 -270.283
913 -270.283
914 -270.283
915 -270.283
916 -270.284
917 -270.283
918 -270.283
919 -270.283
920 -270.283
921 -270.283
922 -270.283
923 -270.283
924 -270.283
925 -270.282
926 -270.281
927 -270.282
928 -270.283
929 -270.283
930 -270.283
931 -270.283
932 -270.284
933 -270.284
934 -270.284
935 -270.284
936 -270.284
937 -270.284
938 -270.284
939 -270.284
940 -270.284
941 -270.284
942 -270.284
943 -270.284
944 -270.284
945 -270.284
946 -270.284
947 -270.284
948 -270.284
949 -270.283
950 -270.283
951 -270.283
952 -270.282
953 -270.282
954 -270.282
955 -270.283
956 -270.282
957 -270.282
958 -270.282
959 -270.283
960 -270.283
961 -270.283
962 -270.283
963 -270.283
964 -270.283
965 -270.284
966 -270.284
967 -270.284
968 -270.284
969 -270.284
970 -270.284
971 -270.284
972 -270.284
973 -270.284
974 -270.284
975 -270.284
976 -270.284
977 -270.284
978 -270.283
979 -270.284
980 -270.284
981 -270.284
982 -270.284
983 -270.284
984 -270.284
985 -270.284
986 -270.284
987 -270.285
988 -270.284
989 -270.284
990 -270.284
991 -270.284
992 -270.284
993 -270.284
994 -270.284
995 -270.284
996 -270.284
997 -270.284
998 -270.284
999 -270.283
1000 -270.284
1001 -270.284
1002 -270.284
1003 -270.284
1004 -270.285
1005 -270.285
1006 -270.284
1007 -270.284
1008 -270.285
1009 -270.284
1010 -270.283
1011 -270.283
1012 -270.283
1013 -270.283
1014 -270.283
1015 -270.282
1016 -270.282
1017 -270.282
1018 -270.282
1019 -270.282
1020 -270.282
1021 -270.282
1022 -270.282
1023 -270.282
1024 -270.283
1025 -270.283
1026 -270.283
1027 -270.283
1028 -270.283
1029 -270.282
1030 -270.282
1031 -270.282
1032 -270.283
1033 -270.283
1034 -270.283
1035 -270.283
1036 -270.283
1037 -270.283
1038 -270.283
1039 -270.283
1040 -270.283
1041 -270.284
1042 -270.284
1043 -270.283
1044 -270.283
1045 -270.283
1046 -270.283
1047 -270.284
1048 -270.284
1049 -270.284
1050 -270.284
1051 -270.284
1052 -270.285
1053 -270.285
1054 -270.284
1055 -270.285
1056 -270.284
1057 -270.284
1058 -270.284
1059 -270.284
1060 -270.284
1061 -270.284
1062 -270.284
1063 -270.285
1064 -270.284
1065 -270.284
1066 -270.284
1067 -270.284
1068 -270.285
1069 -270.285
1070 -270.284
1071 -270.284
1072 -270.285
1073 -270.284
1074 -270.284
1075 -270.284
1076 -270.284
1077 -270.285
1078 -270.284
1079 -270.284
1080 -270.284
1081 -270.285
1082 -270.285
1083 -270.284
1084 -270.284
1085 -270.284
1086 -270.284
1087 -270.284
1088 -270.284
1089 -270.284
1090 -270.284
1091 -270.283
1092 -270.284
1093 -270.284
1094 -270.284
1095 -270.284
1096 -270.284
1097 -270.284
1098 -270.284
1099 -270.284
1100 -270.284
1101 -270.284
1102 -270.284
1103 -270.284
1104 -270.284
1105 -270.284
1106 -270.284
1107 -270.284
1108 -270.285
1109 -270.285
1110 -270.285
1111 -270.284
1112 -270.284
1113 -270.284
1114 -270.284
1115 -270.284
1116 -270.284
1117 -270.284
1118 -270.284
1119 -270.284
1120 -270.284
1121 -270.284
1122 -270.284
1123 -270.284
1124 -270.284
1125 -270.284
1126 -270.284
1127 -270.285
1128 -270.285
1129 -270.285
1130 -270.285
1131 -270.285
1132 -270.285
1133 -270.285
1134 -270.285
1135 -270.285
1136 -270.285
1137 -270.285
1138 -270.285
1139 -270.285
1140 -270.284
1141 -270.284
1142 -270.283
1143 -270.283
1144 -270.283
1145 -270.283
1146 -270.283
1147 -270.283
1148 -270.283
1149 -270.283
1150 -270.283
1151 -270.283
1152 -270.283
1153 -270.284
1154 -270.284
1155 -270.284
1156 -270.284
1157 -270.284
1158 -270.284
1159 -270.284
1160 -270.284
1161 -270.284
1162 -270.284
1163 -270.284
1164 -270.284
1165 -270.283
1166 -270.284
1167 -270.284
1168 -270.284
1169 -270.284
1170 -270.284
1171 -270.284
1172 -270.284
1173 -270.284
1174 -270.284
1175 -270.283
1176 -270.283
1177 -270.283
1178 -270.283
1179 -270.283
1180 -270.283
1181 -270.283
1182 -270.282
1183 -270.282
1184 -270.282
1185 -270.282
1186 -270.283
1187 -270.283
1188 -270.283
1189 -270.284
1190 -270.284
1191 -270.284
1192 -270.284
1193 -270.284
1194 -270.285
1195 -270.284
1196 -270.284
1197 -270.284
1198 -270.284
1199 -270.284
1200 -270.284
1201 -270.284
1202 -270.284
1203 -270.285
1204 -270.284
1205 -270.284
1206 -270.283
1207 -270.283
1208 -270.283
1209 -270.283
1210 -270.283
1211 -270.284
1212 -270.283
1213 -270.283
1214 -270.283
1215 -270.283
1216 -270.283
1217 -270.283
1218 -270.283
1219 -270.283
1220 -270.283
1221 -270.283
1222 -270.283
1223 -270.283
1224 -270.282
1225 -270.282
1226 -270.282
1227 -270.281
1228 -270.28
1229 -270.28
1230 -270.28
1231 -270.28
1232 -270.28
1233 -270.281
1234 -270.281
1235 -270.281
1236 -270.282
1237 -270.283
1238 -270.282
1239 -270.282
1240 -270.282
1241 -270.282
1242 -270.281
1243 -270.281
1244 -270.282
1245 -270.282
1246 -270.281
1247 -270.281
1248 -270.281
1249 -270.282
1250 -270.282
1251 -270.282
1252 -270.282
1253 -270.282
1254 -270.282
1255 -270.282
1256 -270.282
1257 -270.282
1258 -270.282
1259 -270.282
1260 -270.282
1261 -270.282
1262 -270.282
1263 -270.282
1264 -270.282
1265 -270.281
1266 -270.281
1267 -270.281
1268 -270.281
1269 -270.281
1270 -270.281
1271 -270.281
1272 -270.281
1273 -270.281
1274 -270.281
1275 -270.281
1276 -270.281
1277 -270.281
1278 -270.281
1279 -270.28
1280 -270.281
1281 -270.281
1282 -270.281
1283 -270.281
1284 -270.281
1285 -270.281
1286 -270.28
1287 -270.281
1288 -270.281
1289 -270.28
1290 -270.281
1291 -270.281
1292 -270.281
1293 -270.281
1294 -270.281
1295 -270.281
1296 -270.281
1297 -270.281
1298 -270.281
1299 -270.282
1300 -270.282
1301 -270.282
1302 -270.282
1303 -270.283
1304 -270.283
1305 -270.283
1306 -270.283
1307 -270.283
1308 -270.283
1309 -270.283
1310 -270.283
1311 -270.284
1312 -270.284
1313 -270.284
1314 -270.283
1315 -270.283
1316 -270.283
1317 -270.284
1318 -270.283
1319 -270.283
1320 -270.284
1321 -270.284
1322 -270.283
1323 -270.284
1324 -270.284
1325 -270.285
1326 -270.285
1327 -270.284
1328 -270.285
1329 -270.285
1330 -270.285
1331 -270.285
1332 -270.284
1333 -270.284
1334 -270.284
1335 -270.284
1336 -270.284
1337 -270.284
1338 -270.284
1339 -270.284
1340 -270.285
1341 -270.286
1342 -270.285
1343 -270.285
1344 -270.285
1345 -270.285
1346 -270.285
1347 -270.285
1348 -270.285
1349 -270.285
1350 -270.285
1351 -270.285
1352 -270.285
1353 -270.285
1354 -270.285
1355 -270.285
1356 -270.285
1357 -270.284
1358 -270.284
1359 -270.284
1360 -270.284
1361 -270.284
1362 -270.284
1363 -270.285
1364 -270.284
1365 -270.284
1366 -270.284
1367 -270.284
1368 -270.284
1369 -270.284
1370 -270.284
1371 -270.285
1372 -270.285
1373 -270.285
1374 -270.286
1375 -270.285
1376 -270.286
1377 -270.285
1378 -270.286
1379 -270.286
1380 -270.286
1381 -270.286
1382 -270.286
1383 -270.285
1384 -270.285
1385 -270.285
1386 -270.285
1387 -270.285
1388 -270.285
1389 -270.285
1390 -270.285
1391 -270.284
1392 -270.283
1393 -270.284
1394 -270.284
1395 -270.285
1396 -270.285
1397 -270.285
1398 -270.285
1399 -270.285
1400 -270.285
1401 -270.285
1402 -270.285
1403 -270.285
1404 -270.285
1405 -270.285
1406 -270.285
1407 -270.284
1408 -270.284
1409 -270.284
1410 -270.284
1411 -270.284
1412 -270.283
1413 -270.284
1414 -270.283
1415 -270.283
1416 -270.283
1417 -270.283
1418 -270.283
1419 -270.284
1420 -270.284
1421 -270.284
1422 -270.283
1423 -270.284
1424 -270.284
1425 -270.284
1426 -270.284
1427 -270.285
1428 -270.285
1429 -270.285
1430 -270.285
1431 -270.285
1432 -270.285
1433 -270.285
1434 -270.285
1435 -270.285
1436 -270.285
1437 -270.285
1438 -270.285
1439 -270.285
1440 -270.285
1441 -270.285
1442 -270.284
1443 -270.284
1444 -270.284
1445 -270.284
1446 -270.284
1447 -270.284
1448 -270.283
1449 -270.283
1450 -270.283
1451 -270.283
1452 -270.283
1453 -270.283
1454 -270.283
1455 -270.283
1456 -270.283
1457 -270.283
1458 -270.283
1459 -270.283
1460 -270.284
1461 -270.284
1462 -270.284
1463 -270.284
1464 -270.284
1465 -270.284
1466 -270.284
1467 -270.284
1468 -270.284
1469 -270.284
1470 -270.285
1471 -270.285
1472 -270.285
1473 -270.285
1474 -270.285
1475 -270.284
1476 -270.284
1477 -270.284
1478 -270.284
1479 -270.284
1480 -270.284
1481 -270.284
1482 -270.284
1483 -270.283
1484 -270.283
1485 -270.283
1486 -270.283
1487 -270.283
1488 -270.283
1489 -270.283
1490 -270.283
1491 -270.283
1492 -270.284
1493 -270.283
1494 -270.283
1495 -270.284
1496 -270.284
1497 -270.284
1498 -270.284
1499 -270.284
1500 -270.284
1501 -270.284
1502 -270.283
1503 -270.282
1504 -270.282
1505 -270.282
1506 -270.282
1507 -270.282
1508 -270.282
1509 -270.282
1510 -270.282
1511 -270.281
1512 -270.281
1513 -270.281
1514 -270.281
1515 -270.281
1516 -270.281
1517 -270.28
1518 -270.28
1519 -270.28
1520 -270.28
1521 -270.281
1522 -270.281
1523 -270.281
1524 -270.281
1525 -270.281
1526 -270.28
1527 -270.28
1528 -270.281
1529 -270.281
1530 -270.281
1531 -270.281
1532 -270.281
1533 -270.281
1534 -270.28
1535 -270.282
1536 -270.282
1537 -270.282
1538 -270.283
1539 -270.283
1540 -270.283
1541 -270.283
1542 -270.283
1543 -270.283
1544 -270.283
1545 -270.283
1546 -270.283
1547 -270.283
1548 -270.283
1549 -270.283
1550 -270.283
1551 -270.283
1552 -270.284
1553 -270.284
1554 -270.284
1555 -270.284
1556 -270.284
1557 -270.284
1558 -270.284
1559 -270.284
1560 -270.284
1561 -270.284
1562 -270.284
1563 -270.284
1564 -270.284
1565 -270.283
1566 -270.283
1567 -270.283
1568 -270.283
1569 -270.283
1570 -270.284
1571 -270.284
1572 -270.284
1573 -270.284
1574 -270.284
1575 -270.283
1576 -270.283
1577 -270.283
1578 -270.283
1579 -270.283
1580 -270.283
1581 -270.283
1582 -270.284
1583 -270.284
1584 -270.284
1585 -270.284
1586 -270.284
1587 -270.283
1588 -270.283
1589 -270.283
1590 -270.282
1591 -270.282
1592 -270.282
1593 -270.282
1594 -270.282
1595 -270.282
1596 -270.283
1597 -270.283
1598 -270.283
1599 -270.283
1600 -270.283
1601 -270.283
1602 -270.284
1603 -270.283
1604 -270.284
1605 -270.285
1606 -270.285
1607 -270.284
1608 -270.284
1609 -270.285
1610 -270.285
1611 -270.286
1612 -270.286
1613 -270.286
1614 -270.286
1615 -270.286
1616 -270.286
1617 -270.285
1618 -270.286
1619 -270.285
1620 -270.285
1621 -270.285
1622 -270.285
1623 -270.285
1624 -270.285
1625 -270.285
1626 -270.286
1627 -270.286
1628 -270.286
1629 -270.286
1630 -270.286
1631 -270.286
1632 -270.286
1633 -270.285
1634 -270.285
1635 -270.286
1636 -270.286
1637 -270.285
1638 -270.285
1639 -270.285
1640 -270.285
1641 -270.285
1642 -270.285
1643 -270.285
1644 -270.285
1645 -270.285
1646 -270.285
1647 -270.285
1648 -270.285
1649 -270.285
1650 -270.285
1651 -270.284
1652 -270.284
1653 -270.285
1654 -270.285
1655 -270.285
1656 -270.285
1657 -270.285
1658 -270.285
1659 -270.285
1660 -270.286
1661 -270.285
1662 -270.286
1663 -270.286
1664 -270.286
1665 -270.285
1666 -270.285
1667 -270.285
1668 -270.285
1669 -270.285
1670 -270.285
1671 -270.285
1672 -270.284
1673 -270.285
1674 -270.285
1675 -270.284
1676 -270.284
1677 -270.285
1678 -270.286
1679 -270.286
1680 -270.286
1681 -270.286
1682 -270.286
1683 -270.286
1684 -270.286
1685 -270.285
1686 -270.285
1687 -270.285
1688 -270.285
1689 -270.285
1690 -270.285
1691 -270.286
1692 -270.286
1693 -270.286
1694 -270.286
1695 -270.286
1696 -270.286
1697 -270.286
1698 -270.286
1699 -270.286
1700 -270.286
1701 -270.286
1702 -270.286
1703 -270.286
1704 -270.286
1705 -270.286
1706 -270.286
1707 -270.286
1708 -270.286
1709 -270.286
1710 -270.286
1711 -270.286
1712 -270.286
1713 -270.286
1714 -270.285
1715 -270.285
1716 -270.285
1717 -270.285
1718 -270.284
1719 -270.285
1720 -270.285
1721 -270.285
1722 -270.285
1723 -270.285
1724 -270.285
1725 -270.285
1726 -270.284
1727 -270.284
1728 -270.285
1729 -270.285
1730 -270.284
1731 -270.285
1732 -270.285
1733 -270.285
1734 -270.285
1735 -270.285
1736 -270.286
1737 -270.285
1738 -270.285
1739 -270.285
1740 -270.285
1741 -270.286
1742 -270.286
1743 -270.286
1744 -270.286
1745 -270.286
1746 -270.286
1747 -270.286
1748 -270.286
1749 -270.286
1750 -270.286
1751 -270.286
1752 -270.286
1753 -270.286
1754 -270.285
1755 -270.285
1756 -270.286
1757 -270.286
1758 -270.286
1759 -270.286
1760 -270.286
1761 -270.286
1762 -270.286
1763 -270.286
1764 -270.286
1765 -270.285
1766 -270.285
1767 -270.285
1768 -270.285
1769 -270.285
1770 -270.285
1771 -270.285
1772 -270.285
1773 -270.285
1774 -270.285
1775 -270.285
1776 -270.284
1777 -270.284
1778 -270.284
1779 -270.284
1780 -270.284
1781 -270.284
1782 -270.284
1783 -270.284
1784 -270.284
1785 -270.284
1786 -270.285
1787 -270.284
1788 -270.285
1789 -270.285
1790 -270.285
1791 -270.285
1792 -270.284
1793 -270.284
1794 -270.284
1795 -270.284
1796 -270.284
1797 -270.284
1798 -270.284
1799 -270.285
1800 -270.285
1801 -270.284
1802 -270.285
1803 -270.285
1804 -270.285
1805 -270.285
1806 -270.286
1807 -270.286
1808 -270.286
1809 -270.286
1810 -270.286
1811 -270.286
1812 -270.286
1813 -270.286
1814 -270.286
1815 -270.287
1816 -270.287
1817 -270.287
1818 -270.287
1819 -270.287
1820 -270.287
1821 -270.287
1822 -270.287
1823 -270.287
1824 -270.287
1825 -270.287
1826 -270.287
1827 -270.287
1828 -270.287
1829 -270.287
1830 -270.287
1831 -270.286
1832 -270.286
1833 -270.287
1834 -270.287
1835 -270.287
1836 -270.287
1837 -270.287
1838 -270.287
1839 -270.287
1840 -270.287
1841 -270.287
1842 -270.287
1843 -270.287
1844 -270.287
1845 -270.288
1846 -270.288
1847 -270.287
1848 -270.287
1849 -270.287
1850 -270.288
1851 -270.288
1852 -270.287
1853 -270.287
1854 -270.287
1855 -270.287
1856 -270.287
1857 -270.287
1858 -270.287
1859 -270.287
1860 -270.286
1861 -270.286
1862 -270.286
1863 -270.285
1864 -270.285
1865 -270.285
1866 -270.285
1867 -270.285
1868 -270.285
1869 -270.285
1870 -270.286
1871 -270.286
1872 -270.286
1873 -270.286
1874 -270.286
1875 -270.286
1876 -270.286
1877 -270.285
1878 -270.284
1879 -270.284
1880 -270.284
1881 -270.284
1882 -270.238
1883 -270.238
1884 -270.239
1885 -270.277
1886 -270.277
1887 -270.277
1888 -270.277
1889 -270.28
1890 -270.279
1891 -270.279
1892 -270.279
1893 -270.279
1894 -270.281
1895 -270.281
1896 -270.281
1897 -270.28
1898 -270.28
1899 -270.281
1900 -270.28
1901 -270.281
1902 -270.281
1903 -270.28
1904 -270.281
1905 -270.281
1906 -270.281
1907 -270.28
1908 -270.282
1909 -270.282
1910 -270.283
1911 -270.283
1912 -270.283
1913 -270.283
1914 -270.282
1915 -270.282
1916 -270.283
1917 -270.284
1918 -270.285
1919 -270.284
1920 -270.284
1921 -270.284
1922 -270.284
1923 -270.284
1924 -270.285
1925 -270.285
1926 -270.285
1927 -270.285
1928 -270.285
1929 -270.285
1930 -270.285
1931 -270.285
1932 -270.285
1933 -270.285
1934 -270.285
1935 -270.286
1936 -270.286
1937 -270.287
1938 -270.287
1939 -270.287
1940 -270.287
1941 -270.286
1942 -270.286
1943 -270.286
1944 -270.286
1945 -270.285
1946 -270.285
1947 -270.285
1948 -270.285
1949 -270.285
1950 -270.285
1951 -270.285
1952 -270.285
1953 -270.285
1954 -270.286
1955 -270.286
1956 -270.286
1957 -270.286
1958 -270.286
1959 -270.286
1960 -270.285
1961 -270.285
1962 -270.285
1963 -270.285
1964 -270.285
1965 -270.285
1966 -270.285
1967 -270.285
1968 -270.284
1969 -270.285
1970 -270.284
1971 -270.285
1972 -270.285
1973 -270.284
1974 -270.285
1975 -270.284
1976 -270.284
1977 -270.284
1978 -270.284
1979 -270.284
1980 -270.284
1981 -270.284
1982 -270.284
1983 -270.284
1984 -270.283
1985 -270.284
1986 -270.284
1987 -270.285
1988 -270.284
1989 -270.284
1990 -270.284
1991 -270.284
1992 -270.284
1993 -270.284
1994 -270.285
1995 -270.285
1996 -270.285
1997 -270.285
1998 -270.285
1999 -270.284
2000 -270.284
2001 -270.284
2002 -270.284
2003 -270.284
2004 -270.285
2005 -270.285
2006 -270.284
2007 -270.284
2008 -270.284
2009 -270.284
2010 -270.284
2011 -270.284
2012 -270.284
2013 -270.284
2014 -270.284
2015 -270.283
2016 -270.284
2017 -270.284
2018 -270.284
2019 -270.284
2020 -270.285
2021 -270.285
2022 -270.285
2023 -270.285
2024 -270.285
2025 -270.285
2026 -270.285
2027 -270.285
2028 -270.285
2029 -270.285
2030 -270.285
2031 -270.285
2032 -270.285
2033 -270.285
2034 -270.285
2035 -270.285
2036 -270.285
2037 -270.285
2038 -270.285
2039 -270.285
2040 -270.285
2041 -270.285
2042 -270.285
2043 -270.285
2044 -270.285
2045 -270.285
2046 -270.285
2047 -270.286
2048 -270.286
2049 -270.285
2050 -270.285
2051 -270.285
2052 -270.285
2053 -270.285
2054 -270.285
2055 -270.285
2056 -270.284
2057 -270.284
2058 -270.286
2059 -270.286
2060 -270.286
2061 -270.285
2062 -270.286
2063 -270.286
2064 -270.286
2065 -270.286
2066 -270.286
2067 -270.286
2068 -270.283
2069 -270.284
2070 -270.283
2071 -270.283
2072 -270.283
2073 -270.283
2074 -270.283
2075 -270.283
2076 -270.283
2077 -270.283
2078 -270.283
2079 -270.283
2080 -270.283
2081 -270.282
2082 -270.282
2083 -270.282
2084 -270.282
2085 -270.282
2086 -270.282
2087 -270.282
2088 -270.282
2089 -270.282
2090 -270.281
2091 -270.282
2092 -270.282
2093 -270.282
2094 -270.282
2095 -270.282
2096 -270.282
2097 -270.282
2098 -270.282
2099 -270.282
2100 -270.282
2101 -270.283
2102 -270.283
2103 -270.283
2104 -270.283
2105 -270.283
2106 -270.283
2107 -270.283
2108 -270.284
2109 -270.283
2110 -270.283
2111 -270.283
2112 -270.283
2113 -270.283
2114 -270.283
2115 -270.284
2116 -270.283
2117 -270.283
2118 -270.283
2119 -270.284
2120 -270.284
2121 -270.284
2122 -270.284
2123 -270.284
2124 -270.285
2125 -270.285
2126 -270.285
2127 -270.285
2128 -270.285
2129 -270.286
2130 -270.286
2131 -270.286
2132 -270.285
2133 -270.286
2134 -270.286
2135 -270.285
2136 -270.286
2137 -270.286
2138 -270.286
2139 -270.286
2140 -270.286
2141 -270.286
2142 -270.286
2143 -270.287
2144 -270.287
2145 -270.287
2146 -270.287
2147 -270.287
2148 -270.287
2149 -270.287
2150 -270.286
2151 -270.286
2152 -270.286
2153 -270.286
2154 -270.286
2155 -270.286
2156 -270.286
2157 -270.287
2158 -270.287
2159 -270.287
2160 -270.287
2161 -270.287
2162 -270.288
2163 -270.288
2164 -270.287
2165 -270.287
2166 -270.287
2167 -270.287
2168 -270.287
2169 -270.288
2170 -270.287
2171 -270.288
2172 -270.288
2173 -270.287
2174 -270.287
2175 -270.287
2176 -270.287
2177 -270.288
2178 -270.287
2179 -270.288
2180 -270.288
2181 -270.288
2182 -270.288
2183 -270.288
2184 -270.288
2185 -270.288
2186 -270.287
2187 -270.287
2188 -270.287
2189 -270.287
2190 -270.287
2191 -270.287
2192 -270.287
2193 -270.287
2194 -270.287
2195 -270.286
2196 -270.287
2197 -270.287
2198 -270.287
2199 -270.287
2200 -270.287
2201 -270.286
2202 -270.286
2203 -270.286
2204 -270.285
2205 -270.286
2206 -270.286
2207 -270.286
2208 -270.286
2209 -270.286
2210 -270.286
2211 -270.286
2212 -270.286
2213 -270.286
2214 -270.286
2215 -270.286
2216 -270.286
2217 -270.286
2218 -270.286
2219 -270.286
2220 -270.286
2221 -270.286
2222 -270.286
2223 -270.286
2224 -270.285
2225 -270.286
2226 -270.286
2227 -270.286
2228 -270.286
2229 -270.286
2230 -270.286
2231 -270.286
2232 -270.286
2233 -270.287
2234 -270.287
2235 -270.287
2236 -270.287
2237 -270.286
2238 -270.286
2239 -270.286
2240 -270.286
2241 -270.286
2242 -270.286
2243 -270.286
2244 -270.286
2245 -270.286
2246 -270.286
2247 -270.286
2248 -270.286
2249 -270.286
2250 -270.286
2251 -270.286
2252 -270.286
2253 -270.286
2254 -270.286
2255 -270.286
2256 -270.286
2257 -270.287
2258 -270.287
2259 -270.286
2260 -270.287
2261 -270.287
2262 -270.287
2263 -270.287
2264 -270.286
2265 -270.286
2266 -270.287
2267 -270.287
2268 -270.287
2269 -270.287
2270 -270.287
2271 -270.287
2272 -270.287
2273 -270.287
2274 -270.287
2275 -270.286
2276 -270.286
2277 -270.286
2278 -270.287
2279 -270.287
2280 -270.286
2281 -270.286
2282 -270.287
2283 -270.287
2284 -270.286
2285 -270.286
2286 -270.286
2287 -270.286
2288 -270.286
2289 -270.287
2290 -270.287
2291 -270.286
2292 -270.286
2293 -270.286
2294 -270.286
2295 -270.287
2296 -270.287
2297 -270.287
2298 -270.287
2299 -270.287
2300 -270.287
2301 -270.288
2302 -270.287
2303 -270.286
2304 -270.286
2305 -270.286
2306 -270.285
2307 -270.285
2308 -270.285
2309 -270.285
2310 -270.286
2311 -270.286
2312 -270.286
2313 -270.286
2314 -270.285
2315 -270.285
2316 -270.285
2317 -270.286
2318 -270.286
2319 -270.286
2320 -270.285
2321 -270.285
2322 -270.285
2323 -270.285
2324 -270.285
2325 -270.285
2326 -270.285
2327 -270.285
2328 -270.285
2329 -270.284
2330 -270.284
2331 -270.284
2332 -270.284
2333 -270.285
2334 -270.285
2335 -270.285
2336 -270.285
2337 -270.285
2338 -270.285
2339 -270.285
2340 -270.285
2341 -270.285
2342 -270.285
2343 -270.285
2344 -270.285
2345 -270.286
2346 -270.285
2347 -270.286
2348 -270.286
2349 -270.286
2350 -270.286
2351 -270.286
2352 -270.285
2353 -270.285
2354 -270.285
2355 -270.285
2356 -270.286
2357 -270.286
2358 -270.286
2359 -270.286
2360 -270.286
2361 -270.285
2362 -270.286
2363 -270.286
2364 -270.286
2365 -270.286
2366 -270.286
2367 -270.286
2368 -270.286
2369 -270.285
2370 -270.285
2371 -270.284
2372 -270.284
2373 -270.284
2374 -270.284
2375 -270.284
2376 -270.283
2377 -270.284
2378 -270.284
2379 -270.284
2380 -270.284
2381 -270.284
2382 -270.285
2383 -270.285
2384 -270.285
2385 -270.285
2386 -270.286
2387 -270.285
2388 -270.285
2389 -270.286
2390 -270.285
2391 -270.285
2392 -270.285
2393 -270.285
2394 -270.285
2395 -270.285
2396 -270.285
2397 -270.285
2398 -270.285
2399 -270.285
2400 -270.286
2401 -270.285
2402 -270.285
2403 -270.285
2404 -270.285
2405 -270.286
2406 -270.286
2407 -270.286
2408 -270.286
2409 -270.285
2410 -270.285
2411 -270.285
2412 -270.285
2413 -270.285
2414 -270.284
2415 -270.284
2416 -270.284
2417 -270.284
2418 -270.284
2419 -270.284
2420 -270.284
2421 -270.284
2422 -270.284
2423 -270.284
2424 -270.284
2425 -270.284
2426 -270.284
2427 -270.284
2428 -270.284
2429 -270.283
2430 -270.284
2431 -270.282
2432 -270.282
2433 -270.282
2434 -270.282
2435 -270.283
2436 -270.283
2437 -270.282
2438 -270.282
2439 -270.281
2440 -270.281
2441 -270.281
2442 -270.28
2443 -270.28
2444 -270.28
2445 -270.28
2446 -270.28
2447 -270.28
2448 -270.28
2449 -270.28
2450 -270.28
2451 -270.28
2452 -270.279
2453 -270.28
2454 -270.28
2455 -270.28
2456 -270.281
2457 -270.281
2458 -270.281
2459 -270.281
2460 -270.281
2461 -270.281
2462 -270.281
2463 -270.281
2464 -270.281
2465 -270.281
2466 -270.282
2467 -270.282
2468 -270.282
2469 -270.281
2470 -270.281
2471 -270.281
2472 -270.282
2473 -270.281
2474 -270.281
2475 -270.281
2476 -270.281
2477 -270.281
2478 -270.282
2479 -270.282
2480 -270.281
2481 -270.281
2482 -270.282
2483 -270.281
2484 -270.282
2485 -270.282
2486 -270.282
2487 -270.281
2488 -270.281
2489 -270.281
2490 -270.281
2491 -270.28
2492 -270.28
2493 -270.28
2494 -270.28
2495 -270.281
2496 -270.281
2497 -270.281
2498 -270.282
2499 -270.282
2500 -270.282
2501 -270.258
2502 -270.262
2503 -270.275
2504 -270.275
2505 -270.276
2506 -270.277
2507 -270.276
2508 -270.276
2509 -270.277
2510 -270.277
2511 -270.277
2512 -270.278
2513 -270.278
2514 -270.279
2515 -270.279
2516 -270.28
2517 -270.28
2518 -270.28
2519 -270.28
2520 -270.279
2521 -270.279
2522 -270.279
2523 -270.279
2524 -270.279
2525 -270.28
2526 -270.282
2527 -270.282
2528 -270.282
2529 -270.283
2530 -270.283
2531 -270.283
2532 -270.283
2533 -270.283
2534 -270.283
2535 -270.283
2536 -270.283
2537 -270.282
2538 -270.282
2539 -270.281
2540 -270.281
2541 -270.281
2542 -270.28
2543 -270.28
2544 -270.281
2545 -270.281
2546 -270.281
2547 -270.281
2548 -270.281
2549 -270.281
2550 -270.281
2551 -270.281
2552 -270.281
2553 -270.281
2554 -270.281
2555 -270.281
2556 -270.28
2557 -270.28
2558 -270.28
2559 -270.279
2560 -270.28
2561 -270.28
2562 -270.28
2563 -270.279
2564 -270.28
2565 -270.28
2566 -270.28
2567 -270.28
2568 -270.28
2569 -270.28
2570 -270.28
2571 -270.28
2572 -270.28
2573 -270.28
2574 -270.281
2575 -270.281
2576 -270.281
2577 -270.28
2578 -270.28
2579 -270.281
2580 -270.281
2581 -270.281
2582 -270.281
2583 -270.281
2584 -270.28
2585 -270.28
2586 -270.28
2587 -270.282
2588 -270.283
2589 -270.283
2590 -270.282
2591 -270.282
2592 -270.282
2593 -270.283
2594 -270.282
2595 -270.283
2596 -270.284
2597 -270.284
2598 -270.285
2599 -270.285
2600 -270.285
2601 -270.285
2602 -270.286
2603 -270.286
2604 -270.286
2605 -270.286
2606 -270.286
2607 -270.286
2608 -270.286
2609 -270.286
2610 -270.286
2611 -270.286
2612 -270.285
2613 -270.285
2614 -270.285
2615 -270.284
2616 -270.284
2617 -270.285
2618 -270.285
2619 -270.284
2620 -270.285
2621 -270.285
2622 -270.284
2623 -270.285
2624 -270.285
2625 -270.284
2626 -270.285
2627 -270.285
2628 -270.284
2629 -270.284
2630 -270.284
2631 -270.284
2632 -270.285
2633 -270.284
2634 -270.284
2635 -270.284
2636 -270.285
2637 -270.285
2638 -270.285
2639 -270.285
2640 -270.284
2641 -270.285
2642 -270.285
2643 -270.285
2644 -270.285
2645 -270.286
2646 -270.286
2647 -270.286
2648 -270.286
2649 -270.286
2650 -270.286
2651 -270.286
2652 -270.286
2653 -270.286
2654 -270.286
2655 -270.286
2656 -270.286
2657 -270.286
2658 -270.286
2659 -270.286
2660 -270.285
2661 -270.285
2662 -270.286
2663 -270.286
2664 -270.286
2665 -270.286
2666 -270.286
2667 -270.286
2668 -270.286
2669 -270.286
2670 -270.286
2671 -270.285
2672 -270.285
2673 -270.285
2674 -270.285
2675 -270.285
2676 -270.285
2677 -270.286
2678 -270.286
2679 -270.285
2680 -270.285
2681 -270.285
2682 -270.285
2683 -270.285
2684 -270.286
2685 -270.285
2686 -270.285
2687 -270.285
2688 -270.286
2689 -270.286
2690 -270.285
2691 -270.285
2692 -270.285
2693 -270.285
2694 -270.285
2695 -270.285
2696 -270.285
2697 -270.285
2698 -270.285
2699 -270.285
2700 -270.285
2701 -270.285
2702 -270.285
2703 -270.285
2704 -270.285
2705 -270.285
2706 -270.285
2707 -270.285
2708 -270.284
2709 -270.285
2710 -270.285
2711 -270.285
2712 -270.285
2713 -270.284
2714 -270.285
2715 -270.285
2716 -270.285
2717 -270.284
2718 -270.284
2719 -270.284
2720 -270.284
2721 -270.284
2722 -270.284
2723 -270.284
2724 -270.284
2725 -270.284
2726 -270.284
2727 -270.284
2728 -270.284
2729 -270.284
2730 -270.284
2731 -270.284
2732 -270.284
2733 -270.285
2734 -270.285
2735 -270.284
2736 -270.284
2737 -270.285
2738 -270.285
2739 -270.286
2740 -270.286
2741 -270.286
2742 -270.286
2743 -270.285
2744 -270.286
2745 -270.286
2746 -270.286
2747 -270.286
2748 -270.286
2749 -270.286
2750 -270.286
2751 -270.286
2752 -270.286
2753 -270.286
2754 -270.286
2755 -270.286
2756 -270.286
2757 -270.285
2758 -270.285
2759 -270.286
2760 -270.285
2761 -270.285
2762 -270.284
2763 -270.284
2764 -270.283
2765 -270.284
2766 -270.284
2767 -270.284
2768 -270.284
2769 -270.284
2770 -270.283
2771 -270.284
2772 -270.284
2773 -270.285
2774 -270.285
2775 -270.284
2776 -270.284
2777 -270.285
2778 -270.284
2779 -270.284
2780 -270.284
2781 -270.284
2782 -270.284
2783 -270.284
2784 -270.283
2785 -270.283
2786 -270.283
2787 -270.283
2788 -270.283
2789 -270.283
2790 -270.283
2791 -270.283
2792 -270.283
2793 -270.283
2794 -270.282
2795 -270.282
2796 -270.282
2797 -270.282
2798 -270.282
2799 -270.283
2800 -270.283
2801 -270.283
2802 -270.283
2803 -270.283
2804 -270.283
2805 -270.283
2806 -270.283
2807 -270.283
2808 -270.283
2809 -270.283
2810 -270.284
2811 -270.283
2812 -270.284
2813 -270.284
2814 -270.284
2815 -270.285
2816 -270.285
2817 -270.285
2818 -270.284
2819 -270.284
2820 -270.284
2821 -270.285
2822 -270.285
2823 -270.285
2824 -270.285
2825 -270.285
2826 -270.285
2827 -270.285
2828 -270.285
2829 -270.284
2830 -270.284
2831 -270.285
2832 -270.285
2833 -270.285
2834 -270.285
2835 -270.284
2836 -270.285
2837 -270.284
2838 -270.284
2839 -270.284
2840 -270.284
2841 -270.284
2842 -270.284
2843 -270.284
2844 -270.284
2845 -270.284
2846 -270.284
2847 -270.284
2848 -270.284
2849 -270.284
2850 -270.284
2851 -270.284
2852 -270.284
2853 -270.284
2854 -270.284
2855 -270.284
2856 -270.285
2857 -270.285
2858 -270.285
2859 -270.285
2860 -270.285
2861 -270.262
2862 -270.263
2863 -270.263
2864 -270.263
2865 -270.262
2866 -270.262
2867 -270.263
2868 -270.263
2869 -270.263
2870 -270.263
2871 -270.263
2872 -270.262
2873 -270.262
2874 -270.262
2875 -270.27
2876 -270.27
2877 -270.283
2878 -270.283
2879 -270.283
2880 -270.283
2881 -270.283
2882 -270.283
2883 -270.283
2884 -270.283
2885 -270.283
2886 -270.283
2887 -270.283
2888 -270.283
2889 -270.283
2890 -270.283
2891 -270.283
2892 -270.283
2893 -270.284
2894 -270.284
2895 -270.284
2896 -270.284
2897 -270.284
2898 -270.283
2899 -270.284
2900 -270.283
2901 -270.284
2902 -270.283
2903 -270.284
2904 -270.284
2905 -270.283
2906 -270.283
2907 -270.283
2908 -270.283
2909 -270.283
2910 -270.283
2911 -270.283
2912 -270.284
2913 -270.284
2914 -270.283
2915 -270.284
2916 -270.284
2917 -270.283
2918 -270.283
2919 -270.283
2920 -270.283
2921 -270.282
2922 -270.282
2923 -270.283
2924 -270.283
2925 -270.283
2926 -270.283
2927 -270.283
2928 -270.283
2929 -270.283
2930 -270.283
2931 -270.283
2932 -270.283
2933 -270.283
2934 -270.282
2935 -270.282
2936 -270.282
2937 -270.283
2938 -270.283
2939 -270.283
2940 -270.283
2941 -270.283
2942 -270.283
2943 -270.283
2944 -270.283
2945 -270.282
2946 -270.282
2947 -270.282
2948 -270.282
2949 -270.282
2950 -270.282
2951 -270.282
2952 -270.283
2953 -270.283
2954 -270.283
2955 -270.283
2956 -270.284
2957 -270.284
2958 -270.284
2959 -270.283
2960 -270.283
2961 -270.283
2962 -270.282
2963 -270.282
2964 -270.283
2965 -270.283
2966 -270.283
2967 -270.283
2968 -270.283
2969 -270.284
2970 -270.284
2971 -270.284
2972 -270.284
2973 -270.284
2974 -270.284
2975 -270.284
2976 -270.284
2977 -270.283
2978 -270.283
2979 -270.283
2980 -270.283
2981 -270.283
2982 -270.283
2983 -270.283
2984 -270.283
2985 -270.283
2986 -270.283
2987 -270.283
2988 -270.283
2989 -270.283
2990 -270.283
2991 -270.283
2992 -270.283
2993 -270.283
2994 -270.283
2995 -270.283
2996 -270.283
2997 -270.283
2998 -270.283
2999 -270.283
3000 -270.282
