1 -270.058
2 -270.059
3 -270.069
4 -270.07
5 -270.072
6 -270.083
7 -270.101
8 -270.1
9 -270.105
10 -270.108
11 -270.106
12 -270.121
13 -270.126
14 -270.127
15 -270.125
16 -270.124
17 -270.122
18 -270.129
19 -270.13
20 -270.127
21 -270.128
22 -270.133
23 -270.134
24 -270.138
25 -270.136
26 -270.138
27 -270.143
28 -270.143
29 -270.145
30 -270.149
31 -270.155
32 -270.154
33 -270.152
34 -270.153
35 -270.156
36 -270.156
37 -270.151
38 -270.152
39 -270.155
40 -270.155
41 -270.152
42 -270.146
43 -270.151
44 -270.15
45 -270.153
46 -270.152
47 -270.157
48 -270.152
49 -270.151
50 -270.152
51 -270.158
52 -270.144
53 -270.147
54 -270.147
55 -270.148
56 -270.147
57 -270.142
58 -270.138
59 -270.139
60 -270.145
61 -270.141
62 -270.141
63 -270.145
64 -270.151
65 -270.147
66 -270.15
67 -270.145
68 -270.148
69 -270.151
70 -270.156
71 -270.155
72 -270.16
73 -270.161
74 -270.162
75 -270.164
76 -270.17
77 -270.168
78 -270.167
79 -270.165
80 -270.167
81 -270.164
82 -270.163
83 -270.164
84 -270.164
85 -270.165
86 -270.165
87 -270.173
88 -270.167
89 -270.171
90 -270.168
91 -270.165
92 -270.162
93 -270.163
94 -270.164
95 -270.164
96 -270.157
97 -270.15
98 -270.15
99 -270.149
100 -270.149
101 -270.151
102 -270.155
103 -270.154
104 -270.154
105 -270.154
106 -270.149
107 -270.147
108 -270.146
109 -270.161
110 -270.164
111 -270.165
112 -270.163
113 -270.168
114 -270.166
115 -270.165
116 -270.161
117 -270.162
118 -270.163
119 -270.159
120 -270.15
121 -270.144
122 -270.15
123 -270.156
124 -270.151
125 -270.154
126 -270.159
127 -270.159
128 -270.157
129 -270.158
130 -270.157
131 -270.155
132 -270.157
133 -270.154
134 -270.161
135 -270.166
136 -270.165
137 -270.169
138 -270.174
139 -270.172
140 -270.163
141 -270.167
142 -270.167
143 -270.161
144 -270.162
145 -270.161
146 -270.161
147 -270.158
148 -270.153
149 -270.147
150 -270.142
151 -270.147
152 -270.156
153 -270.164
154 -270.167
155 -270.169
156 -270.162
157 -270.163
158 -270.167
159 -270.165
160 -270.168
161 -270.177
162 -270.173
163 -270.174
164 -270.173
165 -270.172
166 -270.177
167 -270.185
168 -270.188
169 -270.192
170 -270.187
171 -270.192
172 -270.191
173 -270.189
174 -270.185
175 -270.19
176 -270.186
177 -270.185
178 -270.188
179 -270.183
180 -270.179
181 -270.18
182 -270.185
183 -270.181
184 -270.18
185 -270.179
186 -270.184
187 -270.184
188 -270.186
189 -270.179
190 -270.183
191 -270.185
192 -270.183
193 -270.181
194 -270.186
195 -270.187
196 -270.187
197 -270.188
198 -270.178
199 -270.178
200 -270.182
201 -270.177
202 -270.183
203 -270.177
204 -270.176
205 -270.174
206 -270.175
207 -270.168
208 -270.17
209 -270.176
210 -270.175
211 -270.175
212 -270.175
213 -270.175
214 -270.17
215 -270.169
216 -270.171
217 -270.166
218 -270.165
219 -270.167
220 -270.169
221 -270.173
222 -270.181
223 -270.183
224 -270.181
225 -270.182
226 -270.182
227 -270.179
228 -270.179
229 -270.187
230 -270.187
231 -270.189
232 -270.193
233 -270.188
234 -270.192
235 -270.191
236 -270.193
237 -270.192
238 -270.186
239 -270.188
240 -270.183
241 -270.185
242 -270.184
243 -270.179
244 -270.183
245 -270.184
246 -270.181
247 -270.173
248 -270.179
249 -270.18
250 -270.179
251 -270.178
252 -270.176
253 -270.171
254 -270.183
255 -270.181
256 -270.177
257 -270.176
258 -270.179
259 -270.181
260 -270.184
261 -270.185
262 -270.192
263 -270.191
264 -270.185
265 -270.186
266 -270.18
267 -270.183
268 -270.181
269 -270.174
270 -270.173
271 -270.177
272 -270.18
273 -270.182
274 -270.182
275 -270.179
276 -270.178
277 -270.175
278 -270.174
279 -270.174
280 -270.177
281 -270.177
282 -270.174
283 -270.169
284 -270.182
285 -270.179
286 -270.178
287 -270.175
288 -270.17
289 -270.173
290 -270.176
291 -270.175
292 -270.175
293 -270.177
294 -270.179
295 -270.174
296 -270.177
297 -270.172
298 -270.177
299 -270.177
300 -270.166
301 -270.169
302 -270.164
303 -270.173
304 -270.174
305 -270.179
306 -270.185
307 -270.184
308 -270.184
309 -270.183
310 -270.188
311 -270.183
312 -270.177
313 -270.178
314 -270.177
315 -270.182
316 -270.186
317 -270.19
318 -270.187
319 -270.185
320 -270.187
321 -270.194
322 -270.187
323 -270.18
324 -270.18
325 -270.182
326 -270.185
327 -270.185
328 -270.181
329 -270.178
330 -270.172
331 -270.169
332 -270.174
333 -270.17
334 -270.171
335 -270.182
336 -270.182
337 -270.186
338 -270.179
339 -270.182
340 -270.18
341 -270.18
342 -270.182
343 -270.18
344 -270.18
345 -270.181
346 -270.176
347 -270.178
348 -270.187
349 -270.188
350 -270.186
351 -270.189
352 -270.19
353 -270.191
354 -270.196
355 -270.195
356 -270.196
357 -270.193
358 -270.189
359 -270.185
360 -270.185
361 -270.189
362 -270.191
363 -270.189
364 -270.189
365 -270.188
366 -270.183
367 -270.182
368 -270.187
369 -270.185
370 -270.184
371 -270.178
372 -270.177
373 -270.175
374 -270.173
375 -270.172
376 -270.172
377 -270.174
378 -270.17
379 -270.17
380 -270.169
381 -270.17
382 -270.163
383 -270.162
384 -270.155
385 -270.161
386 -270.155
387 -270.155
388 -270.159
389 -270.158
390 -270.163
391 -270.162
392 -270.157
393 -270.163
394 -270.167
395 -270.169
396 -270.169
397 -270.17
398 -270.17
399 -270.167
400 -270.171
401 -270.174
402 -270.175
403 -270.178
404 -270.181
405 -270.182
406 -270.185
407 -270.184
408 -270.189
409 -270.192
410 -270.191
411 -270.19
412 -270.18
413 -270.177
414 -270.179
415 -270.175
416 -270.175
417 -270.175
418 -270.176
419 -270.177
420 -270.173
421 -270.17
422 -270.172
423 -270.174
424 -270.172
425 -270.175
426 -270.173
427 -270.178
428 -270.181
429 -270.184
430 -270.184
431 -270.182
432 -270.18
433 -270.173
434 -270.176
435 -270.175
436 -270.176
437 -270.181
438 -270.179
439 -270.183
440 -270.181
441 -270.18
442 -270.177
443 -270.175
444 -270.178
445 -270.178
446 -270.182
447 -270.185
448 -270.185
449 -270.19
450 -270.186
451 -270.181
452 -270.177
453 -270.175
454 -270.174
455 -270.178
456 -270.182
457 -270.177
458 -270.175
459 -270.175
460 -270.176
461 -270.18
462 -270.177
463 -270.18
464 -270.175
465 -270.178
466 -270.179
467 -270.178
468 -270.182
469 -270.184
470 -270.185
471 -270.182
472 -270.183
473 -270.185
474 -270.187
475 -270.188
476 -270.186
477 -270.183
478 -270.186
479 -270.185
480 -270.192
481 -270.189
482 -270.185
483 -270.183
484 -270.184
485 -270.179
486 -270.179
487 -270.176
488 -270.172
489 -270.176
490 -270.175
491 -270.177
492 -270.173
493 -270.164
494 -270.161
495 -270.163
496 -270.16
497 -270.158
498 -270.154
499 -270.151
500 -270.149
501 -270.149
502 -270.149
503 -270.15
504 -270.149
505 -270.146
506 -270.148
507 -270.153
508 -270.152
509 -270.169
510 -270.179
511 -270.182
512 -270.18
513 -270.179
514 -270.183
515 -270.182
516 -270.183
517 -270.184
518 -270.182
519 -270.181
520 -270.18
521 -270.179
522 -270.171
523 -270.176
524 -270.174
525 -270.168
526 -270.161
527 -270.166
528 -270.166
529 -270.166
530 -270.164
531 -270.162
532 -270.165
533 -270.164
534 -270.164
535 -270.161
536 -270.158
537 -270.157
538 -270.152
539 -270.154
540 -270.148
541 -270.144
542 -270.141
543 -270.142
544 -270.138
545 -270.152
546 -270.158
547 -270.168
548 -270.177
549 -270.175
550 -270.17
551 -270.167
552 -270.164
553 -270.167
554 -270.165
555 -270.166
556 -270.165
557 -270.17
558 -270.174
559 -270.175
560 -270.173
561 -270.176
562 -270.179
563 -270.176
564 -270.176
565 -270.178
566 -270.175
567 -270.173
568 -270.176
569 -270.163
570 -270.158
571 -270.162
572 -270.162
573 -270.158
574 -270.155
575 -270.157
576 -270.158
577 -270.157
578 -270.158
579 -270.156
580 -270.158
581 -270.162
582 -270.163
583 -270.157
584 -270.152
585 -270.156
586 -270.156
587 -270.16
588 -270.164
589 -270.168
590 -270.166
591 -270.169
592 -270.169
593 -270.171
594 -270.17
595 -270.167
596 -270.157
597 -270.164
598 -270.171
599 -270.167
600 -270.166
601 -270.168
602 -270.169
603 -270.169
604 -270.168
605 -270.165
606 -270.164
607 -270.157
608 -270.16
609 -270.164
610 -270.162
611 -270.154
612 -270.151
613 -270.15
614 -270.143
615 -270.145
616 -270.15
617 -270.157
618 -270.162
619 -270.166
620 -270.163
621 -270.124
622 -270.121
623 -270.13
624 -270.133
625 -270.136
626 -270.134
627 -270.155
628 -270.153
629 -270.156
630 -270.156
631 -270.155
632 -270.154
633 -270.158
634 -270.153
635 -270.156
636 -270.156
637 -270.15
638 -270.146
639 -270.149
640 -270.161
641 -270.162
642 -270.172
643 -270.175
644 -270.174
645 -270.177
646 -270.177
647 -270.18
648 -270.183
649 -270.185
650 -270.178
651 -270.172
652 -270.182
653 -270.181
654 -270.181
655 -270.179
656 -270.179
657 -270.176
658 -270.173
659 -270.172
660 -270.177
661 -270.178
662 -270.178
663 -270.174
664 -270.173
665 -270.17
666 -270.165
667 -270.167
668 -270.169
669 -270.168
670 -270.178
671 -270.177
672 -270.174
673 -270.169
674 -270.169
675 -270.17
676 -270.166
677 -270.164
678 -270.169
679 -270.172
680 -270.174
681 -270.173
682 -270.173
683 -270.172
684 -270.173
685 -270.175
686 -270.174
687 -270.175
688 -270.177
689 -270.185
690 -270.179
691 -270.18
692 -270.183
693 -270.184
694 -270.183
695 -270.184
696 -270.181
697 -270.179
698 -270.177
699 -270.172
700 -270.168
701 -270.167
702 -270.168
703 -270.166
704 -270.165
705 -270.173
706 -270.173
707 -270.178
708 -270.176
709 -270.171
710 -270.17
711 -270.166
712 -270.168
713 -270.175
714 -270.18
715 -270.18
716 -270.175
717 -270.174
718 -270.171
719 -270.171
720 -270.166
721 -270.165
722 -270.167
723 -270.169
724 -270.166
725 -270.173
726 -270.177
727 -270.175
728 -270.169
729 -270.169
730 -270.169
731 -270.173
732 -270.172
733 -270.177
734 -270.177
735 -270.186
736 -270.187
737 -270.195
738 -270.194
739 -270.196
740 -270.2
741 -270.198
742 -270.194
743 -270.187
744 -270.187
745 -270.186
746 -270.179
747 -270.176
748 -270.173
749 -270.178
750 -270.18
751 -270.165
752 -270.168
753 -270.17
754 -270.172
755 -270.18
756 -270.178
757 -270.177
758 -270.172
759 -270.175
760 -270.174
761 -270.169
762 -270.174
763 -270.175
764 -270.175
765 -270.172
766 -270.172
767 -270.176
768 -270.173
769 -270.17
770 -270.166
771 -270.162
772 -270.159
773 -270.158
774 -270.157
775 -270.157
776 -270.156
777 -270.15
778 -270.154
779 -270.147
780 -270.15
781 -270.152
782 -270.158
783 -270.162
784 -270.163
785 -270.16
786 -270.149
787 -270.152
788 -270.152
789 -270.156
790 -270.161
791 -270.161
792 -270.163
793 -270.17
794 -270.176
795 -270.174
796 -270.177
797 -270.18
798 -270.175
799 -270.182
800 -270.181
801 -270.174
802 -270.178
803 -270.176
804 -270.177
805 -270.179
806 -270.177
807 -270.173
808 -270.169
809 -270.174
810 -270.173
811 -270.172
812 -270.172
813 -270.171
814 -270.172
815 -270.17
816 -270.173
817 -270.175
818 -270.173
819 -270.172
820 -270.167
821 -270.167
822 -270.166
823 -270.169
824 -270.177
825 -270.18
826 -270.183
827 -270.181
828 -270.18
829 -270.178
830 -270.179
831 -270.178
832 -270.179
833 -270.182
834 -270.186
835 -270.187
836 -270.183
837 -270.185
838 -270.188
839 -270.19
840 -270.187
841 -270.189
842 -270.197
843 -270.198
844 -270.199
845 -270.201
846 -270.197
847 -270.201
848 -270.208
849 -270.21
850 -270.209
851 -270.21
852 -270.212
853 -270.216
854 -270.217
855 -270.211
856 -270.216
857 -270.215
858 -270.212
859 -270.207
860 -270.202
861 -270.202
862 -270.195
863 -270.192
864 -270.185
865 -270.185
866 -270.18
867 -270.179
868 -270.179
869 -270.18
870 -270.179
871 -270.18
872 -270.18
873 -270.179
874 -270.174
875 -270.17
876 -270.172
877 -270.167
878 -270.167
879 -270.159
880 -270.163
881 -270.158
882 -270.156
883 -270.144
884 -270.148
885 -270.15
886 -270.154
887 -270.16
888 -270.155
889 -270.149
890 -270.152
891 -270.155
892 -270.154
893 -270.15
894 -270.156
895 -270.164
896 -270.163
897 -270.167
898 -270.168
899 -270.174
900 -270.175
901 -270.182
902 -270.186
903 -270.186
904 -270.188
905 -270.185
906 -270.181
907 -270.178
908 -270.178
909 -270.182
910 -270.181
911 -270.185
912 -270.181
913 -270.177
914 -270.183
915 -270.181
916 -270.184
917 -270.177
918 -270.175
919 -270.176
920 -270.174
921 -270.173
922 -270.17
923 -270.162
924 -270.166
925 -270.163
926 -270.167
927 -270.164
928 -270.166
929 -270.167
930 -270.172
931 -270.172
932 -270.168
933 -270.163
934 -270.17
935 -270.175
936 -270.174
937 -270.179
938 -270.178
939 -270.173
940 -270.171
941 -270.175
942 -270.182
943 -270.186
944 -270.18
945 -270.176
946 -270.177
947 -270.178
948 -270.185
949 -270.185
950 -270.185
951 -270.187
952 -270.189
953 -270.188
954 -270.192
955 -270.185
956 -270.177
957 -270.181
958 -270.178
959 -270.171
960 -270.178
961 -270.174
962 -270.18
963 -270.181
964 -270.176
965 -270.177
966 -270.177
967 -270.18
968 -270.181
969 -270.182
970 -270.178
971 -270.177
972 -270.166
973 -270.161
974 -270.156
975 -270.153
976 -270.14
977 -270.145
978 -270.149
979 -270.159
980 -270.159
981 -270.152
982 -270.152
983 -270.152
984 -270.155
985 -270.159
986 -270.157
987 -270.157
988 -270.159
989 -270.154
990 -270.153
991 -270.148
992 -270.155
993 -270.157
994 -270.161
995 -270.165
996 -270.169
997 -270.171
998 -270.174
999 -270.171
1000 -270.169
1001 -270.162
1002 -270.162
1003 -270.158
1004 -270.157
1005 -270.154
1006 -270.155
1007 -270.152
1008 -270.155
1009 -270.158
1010 -270.156
1011 -270.149
1012 -270.158
1013 -270.158
1014 -270.159
1015 -270.156
1016 -270.155
1017 -270.153
1018 -270.155
1019 -270.156
1020 -270.156
1021 -270.156
1022 -270.159
1023 -270.156
1024 -270.163
1025 -270.163
1026 -270.167
1027 -270.159
1028 -270.162
1029 -270.16
1030 -270.156
1031 -270.162
1032 -270.167
1033 -270.163
1034 -270.162
1035 -270.167
1036 -270.172
1037 -270.177
1038 -270.178
1039 -270.179
1040 -270.175
1041 -270.172
1042 -270.172
1043 -270.174
1044 -270.177
1045 -270.181
1046 -270.191
1047 -270.194
1048 -270.194
1049 -270.198
1050 -270.198
1051 -270.198
1052 -270.189
1053 -270.189
1054 -270.191
1055 -270.195
1056 -270.192
1057 -270.19
1058 -270.189
1059 -270.187
1060 -270.181
1061 -270.18
1062 -270.183
1063 -270.184
1064 -270.189
1065 -270.189
1066 -270.187
1067 -270.189
1068 -270.193
1069 -270.194
1070 -270.195
1071 -270.195
1072 -270.192
1073 -270.192
1074 -270.198
1075 -270.195
1076 -270.197
1077 -270.202
1078 -270.202
1079 -270.205
1080 -270.202
1081 -270.201
1082 -270.201
1083 -270.199
1084 -270.203
1085 -270.204
1086 -270.203
1087 -270.204
1088 -270.208
1089 -270.212
1090 -270.209
1091 -270.21
1092 -270.213
1093 -270.211
1094 -270.208
1095 -270.206
1096 -270.206
1097 -270.197
1098 -270.163
1099 -270.157
1100 -270.158
1101 -270.16
1102 -270.161
1103 -270.16
1104 -270.159
1105 -270.153
1106 -270.149
1107 -270.146
1108 -270.155
1109 -270.148
1110 -270.146
1111 -270.16
1112 -270.161
1113 -270.165
1114 -270.163
1115 -270.165
1116 -270.169
1117 -270.164
1118 -270.166
1119 -270.155
1120 -270.155
1121 -270.159
1122 -270.158
1123 -270.158
1124 -270.155
1125 -270.153
1126 -270.154
1127 -270.15
1128 -270.147
1129 -270.145
1130 -270.145
1131 -270.148
1132 -270.152
1133 -270.146
1134 -270.139
1135 -270.141
1136 -270.139
1137 -270.148
1138 -270.158
1139 -270.166
1140 -270.165
1141 -270.169
1142 -270.169
1143 -270.168
1144 -270.173
1145 -270.171
1146 -270.165
1147 -270.156
1148 -270.155
1149 -270.158
1150 -270.156
1151 -270.163
1152 -270.152
1153 -270.157
1154 -270.163
1155 -270.163
1156 -270.164
1157 -270.167
1158 -270.164
1159 -270.162
1160 -270.158
1161 -270.155
1162 -270.157
1163 -270.159
1164 -270.16
1165 -270.163
1166 -270.162
1167 -270.163
1168 -270.164
1169 -270.171
1170 -270.173
1171 -270.17
1172 -270.173
1173 -270.172
1174 -270.17
1175 -270.167
1176 -270.168
1177 -270.165
1178 -270.167
1179 -270.162
1180 -270.154
1181 -270.153
1182 -270.152
1183 -270.147
1184 -270.152
1185 -270.157
1186 -270.158
1187 -270.159
1188 -270.17
1189 -270.17
1190 -270.168
1191 -270.165
1192 -270.163
1193 -270.163
1194 -270.102
1195 -270.155
1196 -270.156
1197 -270.156
1198 -270.156
1199 -270.16
1200 -270.165
1201 -270.162
1202 -270.16
1203 -270.155
1204 -270.157
1205 -270.157
1206 -270.157
1207 -270.159
1208 -270.16
1209 -270.167
1210 -270.166
1211 -270.174
1212 -270.173
1213 -270.175
1214 -270.178
1215 -270.187
1216 -270.182
1217 -270.182
1218 -270.182
1219 -270.179
1220 -270.163
1221 -270.164
1222 -270.164
1223 -270.169
1224 -270.173
1225 -270.177
1226 -270.179
1227 -270.18
1228 -270.182
1229 -270.185
1230 -270.181
1231 -270.18
1232 -270.181
1233 -270.178
1234 -270.185
1235 -270.184
1236 -270.18
1237 -270.18
1238 -270.18
1239 -270.18
1240 -270.178
1241 -270.18
1242 -270.173
1243 -270.172
1244 -270.179
1245 -270.184
1246 -270.182
1247 -270.18
1248 -270.18
1249 -270.172
1250 -270.172
1251 -270.171
1252 -270.172
1253 -270.174
1254 -270.177
1255 -270.173
1256 -270.167
1257 -270.163
1258 -270.164
1259 -270.156
1260 -270.166
1261 -270.169
1262 -270.172
1263 -270.168
1264 -270.171
1265 -270.166
1266 -270.17
1267 -270.174
1268 -270.174
1269 -270.168
1270 -270.165
1271 -270.163
1272 -270.17
1273 -270.169
1274 -270.164
1275 -270.165
1276 -270.164
1277 -270.164
1278 -270.165
1279 -270.165
1280 -270.159
1281 -270.16
1282 -270.162
1283 -270.159
1284 -270.161
1285 -270.171
1286 -270.167
1287 -270.161
1288 -270.161
1289 -270.158
1290 -270.159
1291 -270.162
1292 -270.16
1293 -270.158
1294 -270.158
1295 -270.157
1296 -270.165
1297 -270.161
1298 -270.164
1299 -270.158
1300 -270.155
1301 -270.16
1302 -270.156
1303 -270.154
1304 -270.151
1305 -270.149
1306 -270.154
1307 -270.153
1308 -270.156
1309 -270.15
1310 -270.143
1311 -270.148
1312 -270.149
1313 -270.152
1314 -270.152
1315 -270.149
1316 -270.151
1317 -270.153
1318 -270.152
1319 -270.166
1320 -270.169
1321 -270.171
1322 -270.17
1323 -270.174
1324 -270.174
1325 -270.179
1326 -270.182
1327 -270.18
1328 -270.176
1329 -270.175
1330 -270.173
1331 -270.172
1332 -270.175
1333 -270.182
1334 -270.181
1335 -270.188
1336 -270.185
1337 -270.188
1338 -270.182
1339 -270.181
1340 -270.173
1341 -270.167
1342 -270.165
1343 -270.167
1344 -270.169
1345 -270.167
1346 -270.166
1347 -270.167
1348 -270.17
1349 -270.175
1350 -270.174
1351 -270.173
1352 -270.166
1353 -270.168
1354 -270.169
1355 -270.171
1356 -270.17
1357 -270.185
1358 -270.184
1359 -270.178
1360 -270.178
1361 -270.178
1362 -270.18
1363 -270.177
1364 -270.18
1365 -270.178
1366 -270.176
1367 -270.171
1368 -270.167
1369 -270.157
1370 -270.15
1371 -270.146
1372 -270.145
1373 -270.151
1374 -270.159
1375 -270.166
1376 -270.17
1377 -270.171
1378 -270.17
1379 -270.17
1380 -270.174
1381 -270.176
1382 -270.167
1383 -270.169
1384 -270.171
1385 -270.168
1386 -270.16
1387 -270.168
1388 -270.168
1389 -270.176
1390 -270.177
1391 -270.177
1392 -270.173
1393 -270.173
1394 -270.173
1395 -270.169
1396 -270.165
1397 -270.167
1398 -270.166
1399 -270.167
1400 -270.168
1401 -270.169
1402 -270.168
1403 -270.169
1404 -270.164
1405 -270.163
1406 -270.17
1407 -270.165
1408 -270.167
1409 -270.16
1410 -270.172
1411 -270.175
1412 -270.173
1413 -270.171
1414 -270.168
1415 -270.163
1416 -270.16
1417 -270.171
1418 -270.173
1419 -270.173
1420 -270.175
1421 -270.176
1422 -270.179
1423 -270.176
1424 -270.17
1425 -270.162
1426 -270.163
1427 -270.162
1428 -270.159
1429 -270.161
1430 -270.165
1431 -270.167
1432 -270.165
1433 -270.172
1434 -270.17
1435 -270.168
1436 -270.165
1437 -270.168
1438 -270.169
1439 -270.17
1440 -270.17
1441 -270.17
1442 -270.168
1443 -270.168
1444 -270.163
1445 -270.169
1446 -270.169
1447 -270.167
1448 -270.168
1449 -270.166
1450 -270.163
1451 -270.162
1452 -270.159
1453 -270.156
1454 -270.152
1455 -270.155
1456 -270.163
1457 -270.164
1458 -270.168
1459 -270.159
1460 -270.157
1461 -270.159
1462 -270.159
1463 -270.16
1464 -270.162
1465 -270.172
1466 -270.178
1467 -270.18
1468 -270.183
1469 -270.183
1470 -270.177
1471 -270.173
1472 -270.174
1473 -270.177
1474 -270.178
1475 -270.171
1476 -270.173
1477 -270.163
1478 -270.165
1479 -270.171
1480 -270.171
1481 -270.175
1482 -270.179
1483 -270.174
1484 -270.176
1485 -270.174
1486 -270.168
1487 -270.174
1488 -270.186
1489 -270.183
1490 -270.182
1491 -270.179
1492 -270.184
1493 -270.183
1494 -270.186
1495 -270.189
1496 -270.193
1497 -270.197
1498 -270.193
1499 -270.203
1500 -270.2
1501 -270.198
1502 -270.197
1503 -270.197
1504 -270.193
1505 -270.195
1506 -270.191
1507 -270.185
1508 -270.187
1509 -270.185
1510 -270.184
1511 -270.185
1512 -270.184
1513 -270.183
1514 -270.187
1515 -270.186
1516 -270.187
1517 -270.186
1518 -270.193
1519 -270.189
1520 -270.186
1521 -270.19
1522 -270.188
1523 -270.186
1524 -270.182
1525 -270.182
1526 -270.188
1527 -270.186
1528 -270.18
1529 -270.177
1530 -270.171
1531 -270.178
1532 -270.182
1533 -270.176
1534 -270.177
1535 -270.17
1536 -270.17
1537 -270.171
1538 -270.169
1539 -270.171
1540 -270.17
1541 -270.171
1542 -270.174
1543 -270.176
1544 -270.184
1545 -270.172
1546 -270.165
1547 -270.164
1548 -270.164
1549 -270.163
1550 -270.168
1551 -270.172
1552 -270.17
1553 -270.173
1554 -270.174
1555 -270.171
1556 -270.165
1557 -270.161
1558 -270.169
1559 -270.167
1560 -270.165
1561 -270.161
1562 -270.16
1563 -270.155
1564 -270.157
1565 -270.155
1566 -270.151
1567 -270.149
1568 -270.154
1569 -270.155
1570 -270.161
1571 -270.161
1572 -270.162
1573 -270.166
1574 -270.169
1575 -270.168
1576 -270.169
1577 -270.167
1578 -270.169
1579 -270.168
1580 -270.164
1581 -270.16
1582 -270.156
1583 -270.156
1584 -270.153
1585 -270.152
1586 -270.157
1587 -270.164
1588 -270.163
1589 -270.163
1590 -270.162
1591 -270.165
1592 -270.162
1593 -270.162
1594 -270.162
1595 -270.155
1596 -270.158
1597 -270.157
1598 -270.153
1599 -270.157
1600 -270.16
1601 -270.158
1602 -270.159
1603 -270.164
1604 -270.156
1605 -270.163
1606 -270.162
1607 -270.153
1608 -270.152
1609 -270.154
1610 -270.16
1611 -270.164
1612 -270.168
1613 -270.165
1614 -270.168
1615 -270.169
1616 -270.165
1617 -270.167
1618 -270.153
1619 -270.161
1620 -270.153
1621 -270.159
1622 -270.16
1623 -270.159
1624 -270.164
1625 -270.161
1626 -270.161
1627 -270.164
1628 -270.162
1629 -270.162
1630 -270.16
1631 -270.165
1632 -270.169
1633 -270.167
1634 -270.172
1635 -270.167
1636 -270.165
1637 -270.159
1638 -270.155
1639 -270.161
1640 -270.16
1641 -270.163
1642 -270.158
1643 -270.155
1644 -270.152
1645 -270.151
1646 -270.157
1647 -270.159
1648 -270.159
1649 -270.16
1650 -270.162
1651 -270.162
1652 -270.161
1653 -270.161
1654 -270.158
1655 -270.158
1656 -270.162
1657 -270.16
1658 -270.158
1659 -270.154
1660 -270.16
1661 -270.163
1662 -270.159
1663 -270.157
1664 -270.156
1665 -270.152
1666 -270.143
1667 -270.141
1668 -270.145
1669 -270.15
1670 -270.155
1671 -270.165
1672 -270.166
1673 -270.165
1674 -270.154
1675 -270.145
1676 -270.154
1677 -270.146
1678 -270.152
1679 -270.155
1680 -270.156
1681 -270.157
1682 -270.157
1683 -270.158
1684 -270.157
1685 -270.16
1686 -270.162
1687 -270.163
1688 -270.164
1689 -270.17
1690 -270.168
1691 -270.169
1692 -270.173
1693 -270.163
1694 -270.167
1695 -270.172
1696 -270.17
1697 -270.185
1698 -270.182
1699 -270.185
1700 -270.184
1701 -270.182
1702 -270.185
1703 -270.186
1704 -270.177
1705 -270.176
1706 -270.176
1707 -270.179
1708 -270.177
1709 -270.173
1710 -270.172
1711 -270.17
1712 -270.173
1713 -270.175
1714 -270.174
1715 -270.174
1716 -270.173
1717 -270.169
1718 -270.168
1719 -270.169
1720 -270.167
1721 -270.166
1722 -270.17
1723 -270.164
1724 -270.162
1725 -270.162
1726 -270.162
1727 -270.168
1728 -270.179
1729 -270.18
1730 -270.177
1731 -270.177
1732 -270.174
1733 -270.175
1734 -270.166
1735 -270.172
1736 -270.17
1737 -270.166
1738 -270.169
1739 -270.167
1740 -270.16
1741 -270.16
1742 -270.161
1743 -270.165
1744 -270.165
1745 -270.164
1746 -270.16
1747 -270.164
1748 -270.167
1749 -270.167
1750 -270.172
1751 -270.172
1752 -270.168
1753 -270.172
1754 -270.173
1755 -270.174
1756 -270.175
1757 -270.178
1758 -270.176
1759 -270.176
1760 -270.179
1761 -270.176
1762 -270.177
1763 -270.18
1764 -270.177
1765 -270.178
1766 -270.177
1767 -270.169
1768 -270.161
1769 -270.165
1770 -270.169
1771 -270.171
1772 -270.168
1773 -270.18
1774 -270.182
1775 -270.185
1776 -270.179
1777 -270.182
1778 -270.181
1779 -270.185
1780 -270.187
1781 -270.189
1782 -270.186
1783 -270.186
1784 -270.19
1785 -270.187
1786 -270.182
1787 -270.178
1788 -270.173
1789 -270.172
1790 -270.18
1791 -270.178
1792 -270.175
1793 -270.175
1794 -270.174
1795 -270.168
1796 -270.167
1797 -270.176
1798 -270.183
1799 -270.185
1800 -270.184
1801 -270.184
1802 -270.183
1803 -270.185
1804 -270.184
1805 -270.181
1806 -270.185
1807 -270.179
1808 -270.179
1809 -270.181
1810 -270.182
1811 -270.179
1812 -270.177
1813 -270.177
1814 -270.178
1815 -270.174
1816 -270.172
1817 -270.168
1818 -270.174
1819 -270.168
1820 -270.171
1821 -270.169
1822 -270.167
1823 -270.168
1824 -270.174
1825 -270.172
1826 -270.169
1827 -270.171
1828 -270.17
1829 -270.168
1830 -270.161
1831 -270.162
1832 -270.166
1833 -270.173
1834 -270.173
1835 -270.181
1836 -270.179
1837 -270.173
1838 -270.173
1839 -270.174
1840 -270.17
1841 -270.169
1842 -270.167
1843 -270.165
1844 -270.165
1845 -270.164
1846 -270.163
1847 -270.164
1848 -270.165
1849 -270.162
1850 -270.155
1851 -270.153
1852 -270.162
1853 -270.166
1854 -270.162
1855 -270.166
1856 -270.172
1857 -270.171
1858 -270.166
1859 -270.165
1860 -270.168
1861 -270.171
1862 -270.182
1863 -270.186
1864 -270.183
1865 -270.184
1866 -270.186
1867 -270.183
1868 -270.185
1869 -270.183
1870 -270.189
1871 -270.194
1872 -270.19
1873 -270.188
1874 -270.19
1875 -270.184
1876 -270.179
1877 -270.184
1878 -270.184
1879 -270.185
1880 -270.185
1881 -270.184
1882 -270.186
1883 -270.186
1884 -270.177
1885 -270.174
1886 -270.18
1887 -270.186
1888 -270.186
1889 -270.187
1890 -270.186
1891 -270.186
1892 -270.177
1893 -270.175
1894 -270.176
1895 -270.171
1896 -270.175
1897 -270.176
1898 -270.167
1899 -270.169
1900 -270.164
1901 -270.165
1902 -270.169
1903 -270.177
1904 -270.179
1905 -270.182
1906 -270.168
1907 -270.172
1908 -270.175
1909 -270.177
1910 -270.176
1911 -270.174
1912 -270.181
1913 -270.182
1914 -270.186
1915 -270.187
1916 -270.189
1917 -270.19
1918 -270.192
1919 -270.194
1920 -270.19
1921 -270.19
1922 -270.189
1923 -270.196
1924 -270.194
1925 -270.195
1926 -270.2
1927 -270.198
1928 -270.196
1929 -270.194
1930 -270.194
1931 -270.191
1932 -270.185
1933 -270.182
1934 -270.188
1935 -270.186
1936 -270.178
1937 -270.177
1938 -270.177
1939 -270.176
1940 -270.172
1941 -270.168
1942 -270.172
1943 -270.175
1944 -270.175
1945 -270.176
1946 -270.188
1947 -270.187
1948 -270.19
1949 -270.188
1950 -270.183
1951 -270.18
1952 -270.181
1953 -270.182
1954 -270.181
1955 -270.181
1956 -270.175
1957 -270.174
1958 -270.174
1959 -270.174
1960 -270.18
1961 -270.175
1962 -270.174
1963 -270.179
1964 -270.174
1965 -270.173
1966 -270.162
1967 -270.161
1968 -270.157
1969 -270.155
1970 -270.166
1971 -270.171
1972 -270.173
1973 -270.168
1974 -270.169
1975 -270.168
1976 -270.162
1977 -270.163
1978 -270.156
1979 -270.153
1980 -270.151
1981 -270.158
1982 -270.164
1983 -270.168
1984 -270.175
1985 -270.176
1986 -270.171
1987 -270.172
1988 -270.172
1989 -270.172
1990 -270.172
1991 -270.17
1992 -270.17
1993 -270.172
1994 -270.169
1995 -270.167
1996 -270.172
1997 -270.175
1998 -270.176
1999 -270.175
2000 -270.179
2001 -270.177
2002 -270.178
2003 -270.178
2004 -270.173
2005 -270.182
2006 -270.18
2007 -270.176
2008 -270.175
2009 -270.172
2010 -270.176
2011 -270.182
2012 -270.177
2013 -270.176
2014 -270.173
2015 -270.175
2016 -270.175
2017 -270.168
2018 -270.17
2019 -270.172
2020 -270.179
2021 -270.182
2022 -270.184
2023 -270.184
2024 -270.184
2025 -270.183
2026 -270.186
2027 -270.186
2028 -270.187
2029 -270.189
2030 -270.185
2031 -270.186
2032 -270.18
2033 -270.186
2034 -270.182
2035 -270.178
2036 -270.177
2037 -270.174
2038 -270.173
2039 -270.172
2040 -270.175
2041 -270.169
2042 -270.163
2043 -270.167
2044 -270.157
2045 -270.159
2046 -270.158
2047 -270.16
2048 -270.167
2049 -270.167
2050 -270.166
2051 -270.158
2052 -270.159
2053 -270.161
2054 -270.168
2055 -270.172
2056 -270.173
2057 -270.167
2058 -270.169
2059 -270.171
2060 -270.171
2061 -270.168
2062 -270.168
2063 -270.178
2064 -270.182
2065 -270.181
2066 -270.163
2067 -270.171
2068 -270.171
2069 -270.169
2070 -270.169
2071 -270.176
2072 -270.179
2073 -270.18
2074 -270.178
2075 -270.171
2076 -270.177
2077 -270.177
2078 -270.18
2079 -270.181
2080 -270.179
2081 -270.179
2082 -270.179
2083 -270.178
2084 -270.179
2085 -270.185
2086 -270.187
2087 -270.186
2088 -270.184
2089 -270.184
2090 -270.185
2091 -270.183
2092 -270.184
2093 -270.183
2094 -270.181
2095 -270.184
2096 -270.182
2097 -270.183
2098 -270.186
2099 -270.184
2100 -270.187
2101 -270.182
2102 -270.181
2103 -270.184
2104 -270.18
2105 -270.183
2106 -270.181
2107 -270.179
2108 -270.174
2109 -270.175
2110 -270.176
2111 -270.173
2112 -270.173
2113 -270.176
2114 -270.172
2115 -270.177
2116 -270.178
2117 -270.174
2118 -270.175
2119 -270.179
2120 -270.17
2121 -270.17
2122 -270.165
2123 -270.165
2124 -270.163
2125 -270.165
2126 -270.161
2127 -270.163
2128 -270.167
2129 -270.164
2130 -270.166
2131 -270.169
2132 -270.166
2133 -270.167
2134 -270.17
2135 -270.169
2136 -270.17
2137 -270.17
2138 -270.171
2139 -270.166
2140 -270.168
2141 -270.174
2142 -270.177
2143 -270.178
2144 -270.177
2145 -270.172
2146 -270.177
2147 -270.18
2148 -270.18
2149 -270.178
2150 -270.179
2151 -270.181
2152 -270.185
2153 -270.186
2154 -270.182
2155 -270.181
2156 -270.185
2157 -270.181
2158 -270.184
2159 -270.178
2160 -270.176
2161 -270.181
2162 -270.183
2163 -270.177
2164 -270.179
2165 -270.183
2166 -270.184
2167 -270.182
2168 -270.18
2169 -270.176
2170 -270.173
2171 -270.176
2172 -270.174
2173 -270.179
2174 -270.176
2175 -270.177
2176 -270.173
2177 -270.175
2178 -270.178
2179 -270.177
2180 -270.172
2181 -270.167
2182 -270.166
2183 -270.159
2184 -270.163
2185 -270.16
2186 -270.16
2187 -270.163
2188 -270.162
2189 -270.167
2190 -270.165
2191 -270.169
2192 -270.169
2193 -270.176
2194 -270.173
2195 -270.17
2196 -270.177
2197 -270.183
2198 -270.183
2199 -270.182
2200 -270.182
2201 -270.182
2202 -270.183
2203 -270.18
2204 -270.175
2205 -270.18
2206 -270.178
2207 -270.179
2208 -270.181
2209 -270.187
2210 -270.181
2211 -270.179
2212 -270.179
2213 -270.18
2214 -270.183
2215 -270.182
2216 -270.177
2217 -270.181
2218 -270.179
2219 -270.18
2220 -270.182
2221 -270.185
2222 -270.183
2223 -270.178
2224 -270.176
2225 -270.18
2226 -270.18
2227 -270.179
2228 -270.181
2229 -270.185
2230 -270.193
2231 -270.198
2232 -270.199
2233 -270.2
2234 -270.193
2235 -270.196
2236 -270.195
2237 -270.192
2238 -270.184
2239 -270.175
2240 -270.176
2241 -270.174
2242 -270.17
2243 -270.164
2244 -270.161
2245 -270.153
2246 -270.163
2247 -270.167
2248 -270.167
2249 -270.166
2250 -270.173
2251 -270.186
2252 -270.185
2253 -270.186
2254 -270.186
2255 -270.191
2256 -270.188
2257 -270.192
2258 -270.189
2259 -270.191
2260 -270.193
2261 -270.192
2262 -270.187
2263 -270.186
2264 -270.183
2265 -270.186
2266 -270.183
2267 -270.192
2268 -270.193
2269 -270.195
2270 -270.191
2271 -270.191
2272 -270.197
2273 -270.197
2274 -270.196
2275 -270.193
2276 -270.191
2277 -270.184
2278 -270.184
2279 -270.184
2280 -270.179
2281 -270.177
2282 -270.173
2283 -270.169
2284 -270.172
2285 -270.173
2286 -270.172
2287 -270.174
2288 -270.176
2289 -270.173
2290 -270.178
2291 -270.185
2292 -270.186
2293 -270.184
2294 -270.184
2295 -270.184
2296 -270.184
2297 -270.185
2298 -270.181
2299 -270.189
2300 -270.183
2301 -270.196
2302 -270.195
2303 -270.199
2304 -270.201
2305 -270.203
2306 -270.202
2307 -270.206
2308 -270.206
2309 -270.196
2310 -270.196
2311 -270.2
2312 -270.2
2313 -270.196
2314 -270.191
2315 -270.19
2316 -270.196
2317 -270.19
2318 -270.187
2319 -270.193
2320 -270.194
2321 -270.195
2322 -270.191
2323 -270.187
2324 -270.185
2325 -270.189
2326 -270.188
2327 -270.186
2328 -270.192
2329 -270.187
2330 -270.186
2331 -270.188
2332 -270.193
2333 -270.192
2334 -270.194
2335 -270.196
2336 -270.195
2337 -270.196
2338 -270.196
2339 -270.195
2340 -270.188
2341 -270.191
2342 -270.186
2343 -270.185
2344 -270.187
2345 -270.176
2346 -270.175
2347 -270.169
2348 -270.169
2349 -270.157
2350 -270.159
2351 -270.159
2352 -270.164
2353 -270.173
2354 -270.168
2355 -270.172
2356 -270.173
2357 -270.167
2358 -270.169
2359 -270.181
2360 -270.189
2361 -270.187
2362 -270.186
2363 -270.178
2364 -270.182
2365 -270.184
2366 -270.18
2367 -270.178
2368 -270.178
2369 -270.174
2370 -270.174
2371 -270.179
2372 -270.177
2373 -270.172
2374 -270.182
2375 -270.183
2376 -270.185
2377 -270.183
2378 -270.179
2379 -270.173
2380 -270.174
2381 -270.174
2382 -270.172
2383 -270.173
2384 -270.168
2385 -270.163
2386 -270.156
2387 -270.162
2388 -270.165
2389 -270.188
2390 -270.185
2391 -270.181
2392 -270.182
2393 -270.186
2394 -270.182
2395 -270.183
2396 -270.183
2397 -270.19
2398 -270.187
2399 -270.18
2400 -270.184
2401 -270.184
2402 -270.187
2403 -270.19
2404 -270.197
2405 -270.189
2406 -270.188
2407 -270.189
2408 -270.184
2409 -270.184
2410 -270.176
2411 -270.179
2412 -270.18
2413 -270.183
2414 -270.185
2415 -270.183
2416 -270.181
2417 -270.181
2418 -270.185
2419 -270.186
2420 -270.187
2421 -270.177
2422 -270.175
2423 -270.177
2424 -270.172
2425 -270.173
2426 -270.182
2427 -270.178
2428 -270.175
2429 -270.177
2430 -270.184
2431 -270.19
2432 -270.188
2433 -270.192
2434 -270.193
2435 -270.188
2436 -270.186
2437 -270.188
2438 -270.188
2439 -270.187
2440 -270.185
2441 -270.182
2442 -270.172
2443 -270.176
2444 -270.185
2445 -270.179
2446 -270.182
2447 -270.183
2448 -270.171
2449 -270.169
2450 -270.177
2451 -270.179
2452 -270.181
2453 -270.179
2454 -270.18
2455 -270.189
2456 -270.187
2457 -270.185
2458 -270.177
2459 -270.179
2460 -270.171
2461 -270.166
2462 -270.169
2463 -270.168
2464 -270.172
2465 -270.172
2466 -270.17
2467 -270.173
2468 -270.175
2469 -270.169
2470 -270.168
2471 -270.168
2472 -270.165
2473 -270.17
2474 -270.167
2475 -270.163
2476 -270.167
2477 -270.168
2478 -270.162
2479 -270.168
2480 -270.172
2481 -270.177
2482 -270.173
2483 -270.178
2484 -270.18
2485 -270.171
2486 -270.17
2487 -270.174
2488 -270.178
2489 -270.177
2490 -270.181
2491 -270.179
2492 -270.179
2493 -270.176
2494 -270.169
2495 -270.171
2496 -270.172
2497 -270.171
2498 -270.17
2499 -270.173
2500 -270.171
2501 -270.17
2502 -270.169
2503 -270.17
2504 -270.171
2505 -270.171
2506 -270.164
2507 -270.159
2508 -270.169
2509 -270.171
2510 -270.171
2511 -270.171
2512 -270.176
2513 -270.177
2514 -270.177
2515 -270.177
2516 -270.173
2517 -270.173
2518 -270.174
2519 -270.176
2520 -270.176
2521 -270.175
2522 -270.178
2523 -270.18
2524 -270.185
2525 -270.187
2526 -270.182
2527 -270.184
2528 -270.19
2529 -270.182
2530 -270.182
2531 -270.179
2532 -270.18
2533 -270.176
2534 -270.179
2535 -270.173
2536 -270.172
2537 -270.17
2538 -270.171
2539 -270.17
2540 -270.17
2541 -270.17
2542 -270.171
2543 -270.173
2544 -270.176
2545 -270.175
2546 -270.17
2547 -270.167
2548 -270.172
2549 -270.163
2550 -270.15
2551 -270.147
2552 -270.149
2553 -270.151
2554 -270.154
2555 -270.16
2556 -270.161
2557 -270.16
2558 -270.158
2559 -270.157
2560 -270.161
2561 -270.164
2562 -270.168
2563 -270.171
2564 -270.174
2565 -270.175
2566 -270.179
2567 -270.189
2568 -270.186
2569 -270.188
2570 -270.182
2571 -270.19
2572 -270.192
2573 -270.197
2574 -270.195
2575 -270.187
2576 -270.183
2577 -270.178
2578 -270.177
2579 -270.176
2580 -270.168
2581 -270.17
2582 -270.165
2583 -270.128
2584 -270.13
2585 -270.128
2586 -270.122
2587 -270.124
2588 -270.119
2589 -270.113
2590 -270.117
2591 -270.117
2592 -270.132
2593 -270.138
2594 -270.134
2595 -270.152
2596 -270.15
2597 -270.147
2598 -270.148
2599 -270.149
2600 -270.149
2601 -270.154
2602 -270.153
2603 -270.156
2604 -270.155
2605 -270.157
2606 -270.164
2607 -270.169
2608 -270.172
2609 -270.168
2610 -270.169
2611 -270.17
2612 -270.166
2613 -270.164
2614 -270.166
2615 -270.174
2616 -270.167
2617 -270.171
2618 -270.169
2619 -270.171
2620 -270.166
2621 -270.16
2622 -270.157
2623 -270.153
2624 -270.154
2625 -270.151
2626 -270.157
2627 -270.158
2628 -270.16
2629 -270.159
2630 -270.163
2631 -270.164
2632 -270.166
2633 -270.164
2634 -270.162
2635 -270.165
2636 -270.166
2637 -270.159
2638 -270.164
2639 -270.168
2640 -270.17
2641 -270.169
2642 -270.169
2643 -270.169
2644 -270.165
2645 -270.169
2646 -270.169
2647 -270.169
2648 -270.165
2649 -270.169
2650 -270.166
2651 -270.169
2652 -270.173
2653 -270.168
2654 -270.181
2655 -270.179
2656 -270.175
2657 -270.177
2658 -270.171
2659 -270.169
2660 -270.171
2661 -270.175
2662 -270.174
2663 -270.176
2664 -270.172
2665 -270.18
2666 -270.172
2667 -270.177
2668 -270.169
2669 -270.17
2670 -270.18
2671 -270.18
2672 -270.182
2673 -270.18
2674 -270.176
2675 -270.172
2676 -270.173
2677 -270.172
2678 -270.176
2679 -270.175
2680 -270.179
2681 -270.173
2682 -270.173
2683 -270.173
2684 -270.173
2685 -270.166
2686 -270.167
2687 -270.164
2688 -270.166
2689 -270.16
2690 -270.156
2691 -270.167
2692 -270.173
2693 -270.172
2694 -270.168
2695 -270.167
2696 -270.158
2697 -270.152
2698 -270.149
2699 -270.148
2700 -270.151
2701 -270.153
2702 -270.158
2703 -270.16
2704 -270.173
2705 -270.174
2706 -270.162
2707 -270.169
2708 -270.159
2709 -270.158
2710 -270.137
2711 -270.167
2712 -270.171
2713 -270.173
2714 -270.162
2715 -270.167
2716 -270.164
2717 -270.158
2718 -270.159
2719 -270.155
2720 -270.156
2721 -270.157
2722 -270.157
2723 -270.163
2724 -270.162
2725 -270.163
2726 -270.162
2727 -270.16
2728 -270.159
2729 -270.164
2730 -270.155
2731 -270.157
2732 -270.152
2733 -270.157
2734 -270.158
2735 -270.155
2736 -270.155
2737 -270.161
2738 -270.164
2739 -270.163
2740 -270.16
2741 -270.157
2742 -270.163
2743 -270.161
2744 -270.161
2745 -270.16
2746 -270.156
2747 -270.153
2748 -270.159
2749 -270.166
2750 -270.163
2751 -270.168
2752 -270.169
2753 -270.163
2754 -270.165
2755 -270.163
2756 -270.158
2757 -270.16
2758 -270.168
2759 -270.172
2760 -270.169
2761 -270.167
2762 -270.164
2763 -270.165
2764 -270.157
2765 -270.16
2766 -270.152
2767 -270.158
2768 -270.161
2769 -270.167
2770 -270.166
2771 -270.169
2772 -270.174
2773 -270.18
2774 -270.181
2775 -270.18
2776 -270.181
2777 -270.178
2778 -270.178
2779 -270.177
2780 -270.177
2781 -270.174
2782 -270.17
2783 -270.18
2784 -270.176
2785 -270.179
2786 -270.182
2787 -270.178
2788 -270.176
2789 -270.175
2790 -270.176
2791 -270.173
2792 -270.173
2793 -270.175
2794 -270.174
2795 -270.172
2796 -270.174
2797 -270.169
2798 -270.168
2799 -270.165
2800 -270.172
2801 -270.168
2802 -270.169
2803 -270.165
2804 -270.177
2805 -270.18
2806 -270.178
2807 -270.183
2808 -270.181
2809 -270.182
2810 -270.179
2811 -270.181
2812 -270.183
2813 -270.182
2814 -270.179
2815 -270.174
2816 -270.171
2817 -270.172
2818 -270.168
2819 -270.168
2820 -270.163
2821 -270.169
2822 -270.17
2823 -270.173
2824 -270.175
2825 -270.177
2826 -270.177
2827 -270.181
2828 -270.177
2829 -270.176
2830 -270.182
2831 -270.178
2832 -270.166
2833 -270.162
2834 -270.162
2835 -270.172
2836 -270.165
2837 -270.161
2838 -270.161
2839 -270.163
2840 -270.169
2841 -270.171
2842 -270.173
2843 -270.171
2844 -270.176
2845 -270.186
2846 -270.187
2847 -270.188
2848 -270.188
2849 -270.189
2850 -270.188
2851 -270.189
2852 -270.2
2853 -270.203
2854 -270.207
2855 -270.203
2856 -270.199
2857 -270.199
2858 -270.19
2859 -270.185
2860 -270.189
2861 -270.189
2862 -270.19
2863 -270.18
2864 -270.179
2865 -270.176
2866 -270.174
2867 -270.174
2868 -270.023
2869 -270.03
2870 -270.031
2871 -270.172
2872 -270.175
2873 -270.179
2874 -270.179
2875 -270.185
2876 -270.183
2877 -270.186
2878 -270.186
2879 -270.187
2880 -270.187
2881 -270.184
2882 -270.182
2883 -270.187
2884 -270.192
2885 -270.19
2886 -270.183
2887 -270.177
2888 -270.179
2889 -270.181
2890 -270.184
2891 -270.186
2892 -270.184
2893 -270.188
2894 -270.192
2895 -270.192
2896 -270.192
2897 -270.194
2898 -270.188
2899 -270.188
2900 -270.186
2901 -270.183
2902 -270.191
2903 -270.185
2904 -270.18
2905 -270.175
2906 -270.178
2907 -270.179
2908 -270.185
2909 -270.182
2910 -270.17
2911 -270.171
2912 -270.167
2913 -270.17
2914 -270.171
2915 -270.178
2916 -270.177
2917 -270.173
2918 -270.175
2919 -270.168
2920 -270.168
2921 -270.168
2922 -270.173
2923 -270.169
2924 -270.17
2925 -270.174
2926 -270.174
2927 -270.185
2928 -270.183
2929 -270.189
2930 -270.182
2931 -270.18
2932 -270.184
2933 -270.181
2934 -270.175
2935 -270.173
2936 -270.171
2937 -270.169
2938 -270.173
2939 -270.172
2940 -270.167
2941 -270.17
2942 -270.174
2943 -270.176
2944 -270.174
2945 -270.174
2946 -270.171
2947 -270.171
2948 -270.167
2949 -270.159
2950 -270.163
2951 -270.167
2952 -270.166
2953 -270.161
2954 -270.161
2955 -270.161
2956 -270.081
2957 -270.082
2958 -270.085
2959 -270.088
2960 -270.084
2961 -270.088
2962 -270.086
2963 -270.087
2964 -270.09
2965 -270.098
2966 -270.098
2967 -270.158
2968 -270.175
2969 -270.18
2970 -270.178
2971 -270.182
2972 -270.177
2973 -270.178
2974 -270.179
2975 -270.177
2976 -270.172
2977 -270.159
2978 -270.16
2979 -270.16
2980 -270.16
2981 -270.15
2982 -270.151
2983 -270.154
2984 -270.149
2985 -270.149
2986 -270.148
2987 -270.154
2988 -270.151
2989 -270.153
2990 -270.157
2991 -270.165
2992 -270.168
2993 -270.169
2994 -270.167
2995 -270.171
2996 -270.165
2997 -270.168
2998 -270.165
2999 -270.166
3000 -270.169
