1 -96.0331
2 -95.9908
3 -95.936
4 -95.8314
5 -95.777
6 -95.7539
7 -95.7301
8 -95.692
9 -95.688
10 -95.6854
11 -95.5589
12 -95.5728
13 -95.5626
14 -95.4203
15 -95.4415
16 -95.4939
17 -95.4739
18 -95.4582
19 -95.499
20 -95.4907
21 -95.4801
22 -95.4593
23 -95.4279
24 -95.4504
25 -95.4032
26 -95.4327
27 -95.4454
28 -95.4369
29 -95.4823
30 -95.4614
31 -95.4893
32 -95.5589
33 -95.5749
34 -95.5524
35 -95.5333
36 -95.513
37 -95.5268
38 -95.5192
39 -95.5123
40 -95.4471
41 -95.4348
42 -95.4414
43 -95.4164
44 -95.3242
45 -95.3762
46 -95.3707
47 -95.4536
48 -95.4949
49 -95.45
50 -95.4598
51 -95.5758
52 -95.5751
53 -95.5712
54 -95.6048
55 -95.5503
56 -95.5481
57 -95.4422
58 -95.4293
59 -95.4752
60 -95.4954
61 -95.5117
62 -95.484
63 -95.4942
64 -95.461
65 -95.5079
66 -95.53
67 -95.5457
68 -95.5443
69 -95.533
70 -95.5213
71 -95.5829
72 -95.6177
73 -95.5336
74 -95.5852
75 -95.5798
76 -95.6336
77 -95.6307
78 -95.5699
79 -95.595
80 -95.6399
81 -95.5807
82 -95.4958
83 -95.5741
84 -95.5533
85 -95.5336
86 -95.4634
87 -95.4821
88 -95.6105
89 -95.5521
90 -95.5627
91 -95.5793
92 -95.6673
93 -95.642
94 -95.6952
95 -95.7033
96 -95.6979
97 -95.7618
98 -95.8072
99 -95.796
100 -95.7953
101 -95.8161
102 -95.8957
103 -95.8454
104 -95.7936
105 -95.7987
106 -95.8113
107 -95.8546
108 -95.8715
109 -95.891
110 -95.8862
111 -95.8898
112 -95.9389
113 -96.0204
114 -96.0491
115 -96.0495
116 -96.0616
117 -96.1183
118 -96.1498
119 -96.1445
120 -96.183
121 -96.2628
122 -96.2646
123 -96.2636
124 -96.3168
125 -96.2924
126 -96.3884
127 -96.4393
128 -96.4998
129 -96.5788
130 -96.5359
131 -96.5183
132 -96.6432
133 -96.6455
134 -96.6447
135 -96.7703
136 -96.8379
137 -96.8163
138 -97.0133
139 -97.0945
140 -97.1807
141 -97.3259
142 -97.2342
143 -97.3331
144 -97.4873
145 -97.4973
146 -97.5657
147 -97.7473
148 -97.8526
149 -97.9038
150 -98.1754
151 -98.4285
152 -98.4543
153 -98.4222
154 -98.6602
155 -98.7251
156 -99.0093
157 -99.0333
158 -99.3174
159 -99.3487
160 -99.6195
161 -99.9703
162 -100.188
163 -100.331
164 -100.794
165 -101.03
166 -101.453
167 -101.57
168 -101.875
169 -102.489
170 -102.961
171 -103.097
172 -103.32
173 -104.012
174 -104.248
175 -104.816
176 -105.188
177 -105.264
178 -105.499
179 -105.756
180 -106.347
181 -106.678
182 -107.36
183 -107.792
184 -108.612
185 -109.383
186 -110.273
187 -110.774
188 -111.765
189 -112.579
190 -113.489
191 -114.601
192 -115.213
193 -116.176
194 -116.803
195 -117.463
196 -118.276
197 -118.76
198 -119.714
199 -120.939
200 -121.709
201 -122.137
202 -123.192
203 -123.832
204 -124.472
205 -125.703
206 -126.783
207 -127.556
208 -129.036
209 -130.167
210 -132.16
211 -132.881
212 -133.79
213 -134.804
214 -135.9
215 -136.964
216 -138.389
217 -140.044
218 -140.947
219 -142.848
220 -144.323
221 -145.5
222 -147.469
223 -148.546
224 -149.147
225 -150.88
226 -151.288
227 -151.947
228 -153.366
229 -154.255
230 -155.61
231 -157.557
232 -158.466
233 -159.749
234 -160.726
235 -162.074
236 -162.72
237 -164.666
238 -166.228
239 -167.065
240 -168.052
241 -169.907
242 -170.501
243 -171.385
244 -172.383
245 -173.132
246 -173.979
247 -175.471
248 -176.562
249 -177.355
250 -178.521
251 -179.238
252 -179.73
253 -180.615
254 -181.103
255 -181.569
256 -182.072
257 -183.126
258 -183.767
259 -184.725
260 -185.394
261 -186.016
262 -186.781
263 -187.267
264 -187.616
265 -188.047
266 -188.487
267 -189.069
268 -189.429
269 -189.962
270 -190.269
271 -190.958
272 -191.659
273 -191.889
274 -192.392
275 -192.505
276 -192.721
277 -193.305
278 -193.505
279 -193.834
280 -194.183
281 -194.35
282 -194.739
283 -194.988
284 -195.209
285 -195.523
286 -195.67
287 -195.847
288 -195.993
289 -196.173
290 -196.173
291 -196.409
292 -196.572
293 -196.932
294 -197.071
295 -197.149
296 -197.318
297 -197.511
298 -197.693
299 -197.859
300 -198.083
301 -198.241
302 -198.423
303 -198.587
304 -198.698
305 -198.881
306 -198.986
307 -199.085
308 -199.186
309 -199.336
310 -199.472
311 -199.516
312 -199.482
313 -199.518
314 -199.649
315 -199.787
316 -199.867
317 -199.958
318 -199.99
319 -200.127
320 -200.289
321 -200.45
322 -200.565
323 -200.78
324 -200.907
325 -201.4
326 -201.426
327 -201.553
328 -201.663
329 -201.826
330 -201.951
331 -202.094
332 -202.201
333 -202.362
334 -202.641
335 -202.705
336 -203.197
337 -203.359
338 -203.451
339 -203.718
340 -204.04
341 -204.202
342 -204.413
343 -204.491
344 -204.773
345 -204.932
346 -205.122
347 -205.296
348 -205.652
349 -205.687
350 -205.817
351 -205.965
352 -206.187
353 -206.185
354 -206.433
355 -206.528
356 -206.806
357 -206.992
358 -207.196
359 -207.114
360 -207.389
361 -207.548
362 -207.656
363 -207.825
364 -207.972
365 -208.066
366 -208.248
367 -208.37
368 -208.52
369 -208.65
370 -208.843
371 -208.86
372 -209.069
373 -209.116
374 -209.214
375 -209.419
376 -209.531
377 -209.717
378 -209.81
379 -210.069
380 -210.2
381 -210.282
382 -210.369
383 -210.431
384 -210.546
385 -210.622
386 -210.767
387 -210.874
388 -210.925
389 -211.065
390 -211.157
391 -211.312
392 -211.439
393 -211.594
394 -211.847
395 -211.856
396 -212.012
397 -212.175
398 -212.3
399 -212.301
400 -212.309
401 -212.396
402 -212.555
403 -212.753
404 -212.705
405 -212.705
406 -212.709
407 -212.974
408 -213.015
409 -212.875
410 -212.936
411 -213.127
412 -213.169
413 -213.165
414 -213.223
415 -213.246
416 -213.491
417 -213.688
418 -213.78
419 -213.825
420 -213.782
421 -213.787
422 -213.774
423 -213.865
424 -214.088
425 -214.223
426 -214.235
427 -214.346
428 -214.372
429 -214.345
430 -214.445
431 -214.562
432 -214.59
433 -214.592
434 -214.809
435 -214.903
436 -214.988
437 -215.011
438 -215.134
439 -215.198
440 -215.226
441 -215.219
442 -215.262
443 -215.363
444 -215.438
445 -215.542
446 -215.696
447 -215.761
448 -215.754
449 -215.846
450 -215.791
451 -215.892
452 -215.957
453 -215.993
454 -216.009
455 -216.09
456 -216.216
457 -216.347
458 -216.363
459 -216.43
460 -216.449
461 -216.456
462 -216.529
463 -216.565
464 -216.594
465 -216.652
466 -216.618
467 -216.738
468 -216.763
469 -216.813
470 -216.81
471 -216.864
472 -216.938
473 -216.99
474 -216.968
475 -217.023
476 -216.997
477 -217.084
478 -217.063
479 -217.109
480 -217.164
481 -217.231
482 -217.222
483 -217.299
484 -217.262
485 -217.304
486 -217.312
487 -217.296
488 -217.268
489 -217.35
490 -217.418
491 -217.448
492 -217.41
493 -217.391
494 -217.205
495 -217.219
496 -217.397
497 -217.548
498 -217.528
499 -217.471
500 -217.501
501 -217.633
502 -217.652
503 -217.616
504 -217.613
505 -217.626
506 -217.678
507 -217.761
508 -217.74
509 -217.722
510 -217.72
511 -217.699
512 -217.649
513 -217.751
514 -217.777
515 -217.85
516 -217.844
517 -217.852
518 -217.846
519 -217.843
520 -217.893
521 -217.99
522 -218.025
523 -218.026
524 -217.953
525 -217.928
526 -217.894
527 -218.037
528 -218.116
529 -218.082
530 -218.117
531 -218.152
532 -218.094
533 -218.079
534 -218.106
535 -218.235
536 -218.238
537 -218.249
538 -218.226
539 -218.271
540 -218.2
541 -218.114
542 -218.072
543 -218.104
544 -218.086
545 -218.079
546 -218.04
547 -218.127
548 -218.096
549 -218.113
550 -218.181
551 -218.19
552 -218.148
553 -218.113
554 -218.101
555 -218.08
556 -217.985
557 -217.955
558 -217.951
559 -217.934
560 -217.984
561 -217.93
562 -217.976
563 -217.973
564 -217.935
565 -217.963
566 -218.005
567 -217.896
568 -217.859
569 -217.867
570 -218.034
571 -218.187
572 -218.216
573 -218.242
574 -218.261
575 -218.263
576 -218.17
577 -218.239
578 -218.287
579 -218.371
580 -218.347
581 -218.358
582 -218.403
583 -218.428
584 -218.42
585 -218.467
586 -218.5
587 -218.455
588 -218.46
589 -218.44
590 -218.387
591 -218.428
592 -218.495
593 -218.447
594 -218.466
595 -218.509
596 -218.48
597 -218.49
598 -218.515
599 -218.532
600 -218.54
601 -218.392
602 -218.418
603 -218.444
604 -218.443
605 -218.43
606 -218.506
607 -218.564
608 -218.487
609 -218.543
610 -218.628
611 -218.628
612 -218.671
613 -218.624
614 -218.702
615 -218.653
616 -218.604
617 -218.656
618 -218.678
619 -218.637
620 -218.632
621 -218.637
622 -218.681
623 -218.732
624 -218.789
625 -218.78
626 -218.76
627 -218.731
628 -218.8
629 -218.766
630 -218.719
631 -218.741
632 -218.766
633 -218.81
634 -218.762
635 -218.784
636 -218.812
637 -218.782
638 -218.788
639 -218.835
640 -218.843
641 -218.83
642 -218.878
643 -218.957
644 -219
645 -218.91
646 -218.881
647 -218.888
648 -218.856
649 -218.847
650 -218.87
651 -218.898
652 -218.846
653 -218.851
654 -218.785
655 -218.84
656 -218.853
657 -218.873
658 -218.953
659 -218.897
660 -218.926
661 -218.899
662 -218.964
663 -218.839
664 -218.878
665 -218.893
666 -218.957
667 -219.035
668 -219.044
669 -219.064
670 -219.094
671 -219.063
672 -219.063
673 -219.081
674 -219.08
675 -219.103
676 -219.184
677 -219.137
678 -219.108
679 -219.114
680 -219.125
681 -219.167
682 -219.133
683 -219.177
684 -219.249
685 -219.258
686 -219.172
687 -219.219
688 -219.376
689 -219.321
690 -219.355
691 -219.3
692 -219.358
693 -219.3
694 -219.341
695 -219.354
696 -219.394
697 -219.236
698 -219.244
699 -219.285
700 -219.301
701 -219.314
702 -219.313
703 -219.36
704 -219.336
705 -219.377
706 -219.39
707 -219.396
708 -219.436
709 -219.446
710 -219.46
711 -219.409
712 -219.431
713 -219.488
714 -219.524
715 -219.531
716 -219.516
717 -219.458
718 -219.401
719 -219.339
720 -219.325
721 -219.31
722 -219.298
723 -219.323
724 -219.335
725 -219.282
726 -219.336
727 -219.347
728 -219.453
729 -219.496
730 -219.5
731 -219.547
732 -219.494
733 -219.512
734 -219.45
735 -219.413
736 -219.45
737 -219.474
738 -219.489
739 -219.436
740 -219.336
741 -219.393
742 -219.353
743 -219.408
744 -219.363
745 -219.259
746 -219.273
747 -219.288
748 -219.297
749 -219.318
750 -219.385
751 -219.359
752 -219.332
753 -219.354
754 -219.379
755 -219.422
756 -219.446
757 -219.447
758 -219.41
759 -219.429
760 -219.382
761 -219.355
762 -219.51
763 -219.496
764 -219.513
765 -219.543
766 -219.545
767 -219.623
768 -219.653
769 -219.659
770 -219.614
771 -219.54
772 -219.533
773 -219.509
774 -219.488
775 -219.449
776 -219.503
777 -219.537
778 -219.575
779 -219.607
780 -219.714
781 -219.717
782 -219.76
783 -219.834
784 -219.806
785 -219.75
786 -219.779
787 -219.751
788 -219.847
789 -219.867
790 -219.865
791 -219.905
792 -219.919
793 -219.899
794 -219.952
795 -219.931
796 -219.99
797 -220.011
798 -219.829
799 -219.773
800 -219.784
801 -219.905
802 -219.865
803 -219.816
804 -219.733
805 -219.716
806 -219.809
807 -219.827
808 -219.813
809 -219.808
810 -219.834
811 -219.744
812 -219.746
813 -219.859
814 -219.779
815 -219.848
816 -219.833
817 -219.913
818 -219.783
819 -219.743
820 -219.739
821 -219.771
822 -219.78
823 -219.778
824 -219.76
825 -219.653
826 -219.767
827 -219.794
828 -219.801
829 -219.897
830 -219.916
831 -219.93
832 -219.987
833 -220.025
834 -219.998
835 -219.947
836 -219.991
837 -220.016
838 -219.988
839 -220.025
840 -220.025
841 -220.002
842 -219.995
843 -220.019
844 -220.006
845 -219.941
846 -219.935
847 -219.965
848 -220.039
849 -220.067
850 -220.067
851 -220.069
852 -220.058
853 -219.992
854 -219.943
855 -220.024
856 -220.036
857 -220.089
858 -220.049
859 -220.05
860 -220.096
861 -220.103
862 -220.17
863 -220.149
864 -220.161
865 -220.157
866 -220.187
867 -220.174
868 -220.168
869 -220.176
870 -220.131
871 -220.079
872 -220.059
873 -220.088
874 -220.113
875 -220.092
876 -220.268
877 -220.271
878 -220.299
879 -220.233
880 -220.168
881 -220.235
882 -220.252
883 -220.28
884 -220.273
885 -220.301
886 -220.236
887 -220.243
888 -220.166
889 -220.143
890 -220.224
891 -220.417
892 -220.364
893 -220.422
894 -220.436
895 -220.51
896 -220.485
897 -220.455
898 -220.505
899 -220.444
900 -220.461
901 -220.449
902 -220.483
903 -220.429
904 -220.545
905 -220.452
906 -220.518
907 -220.512
908 -220.516
909 -220.567
910 -220.53
911 -220.578
912 -220.578
913 -220.644
914 -220.654
915 -220.611
916 -220.637
917 -220.648
918 -220.648
919 -220.659
920 -220.708
921 -220.699
922 -220.728
923 -220.671
924 -220.606
925 -220.701
926 -220.718
927 -220.725
928 -220.721
929 -220.701
930 -220.708
931 -220.649
932 -220.667
933 -220.71
934 -220.691
935 -220.67
936 -220.622
937 -220.625
938 -220.691
939 -220.641
940 -220.671
941 -220.626
942 -220.701
943 -220.68
944 -220.629
945 -220.662
946 -220.667
947 -220.683
948 -220.697
949 -220.749
950 -220.741
951 -220.776
952 -220.734
953 -220.749
954 -220.754
955 -220.788
956 -220.763
957 -220.728
958 -220.694
959 -220.754
960 -220.678
961 -220.707
962 -220.631
963 -220.636
964 -220.67
965 -220.69
966 -220.728
967 -220.688
968 -220.687
969 -220.657
970 -220.687
971 -220.628
972 -220.596
973 -220.6
974 -220.649
975 -220.611
976 -220.687
977 -220.688
978 -220.663
979 -220.638
980 -220.62
981 -220.657
982 -220.761
983 -220.745
984 -220.691
985 -220.888
986 -220.879
987 -220.804
988 -220.751
989 -220.76
990 -220.73
991 -220.78
992 -220.74
993 -220.802
994 -220.8
995 -220.843
996 -220.759
997 -220.742
998 -220.833
999 -220.893
1000 -220.794
1001 -220.912
1002 -220.924
1003 -220.875
1004 -220.966
1005 -221.014
1006 -221.052
1007 -221.051
1008 -221.078
1009 -221.087
1010 -221.107
1011 -221.101
1012 -221.071
1013 -221.118
1014 -221.112
1015 -221.114
1016 -221.099
1017 -221.131
1018 -221.155
1019 -221.179
1020 -221.163
1021 -221.099
1022 -221.104
1023 -221.107
1024 -221.217
1025 -221.159
1026 -221.244
1027 -221.227
1028 -221.188
1029 -221.191
1030 -221.148
1031 -221.134
1032 -221.104
1033 -221.175
1034 -221.194
1035 -221.229
1036 -221.252
1037 -221.305
1038 -221.283
1039 -221.303
1040 -221.362
1041 -221.434
1042 -221.356
1043 -221.363
1044 -221.362
1045 -221.411
1046 -221.366
1047 -221.477
1048 -221.317
1049 -221.204
1050 -221.239
1051 -221.255
1052 -221.218
1053 -221.318
1054 -221.349
1055 -221.398
1056 -221.427
1057 -221.385
1058 -221.299
1059 -221.259
1060 -221.277
1061 -221.381
1062 -221.396
1063 -221.396
1064 -221.356
1065 -221.419
1066 -221.447
1067 -221.452
1068 -221.397
1069 -221.372
1070 -221.379
1071 -221.347
1072 -221.374
1073 -221.392
1074 -221.442
1075 -221.497
1076 -221.478
1077 -221.463
1078 -221.523
1079 -221.539
1080 -221.53
1081 -221.506
1082 -221.561
1083 -221.637
1084 -221.631
1085 -221.673
1086 -221.727
1087 -221.781
1088 -221.705
1089 -221.719
1090 -221.73
1091 -221.676
1092 -221.612
1093 -221.628
1094 -221.606
1095 -221.569
1096 -221.584
1097 -221.616
1098 -221.63
1099 -221.629
1100 -221.533
1101 -221.563
1102 -221.607
1103 -221.606
1104 -221.578
1105 -221.531
1106 -221.584
1107 -221.533
1108 -221.517
1109 -221.573
1110 -221.551
1111 -221.593
1112 -221.588
1113 -221.61
1114 -221.562
1115 -221.543
1116 -221.537
1117 -221.601
1118 -221.605
1119 -221.586
1120 -221.666
1121 -221.673
1122 -221.692
1123 -221.666
1124 -221.646
1125 -221.678
1126 -221.629
1127 -221.572
1128 -221.625
1129 -221.687
1130 -221.757
1131 -221.738
1132 -221.865
1133 -221.779
1134 -221.837
1135 -221.867
1136 -221.859
1137 -221.887
1138 -221.845
1139 -221.911
1140 -221.9
1141 -221.922
1142 -221.814
1143 -221.778
1144 -221.87
1145 -221.857
1146 -221.873
1147 -221.935
1148 -222.024
1149 -222.034
1150 -222.065
1151 -222.067
1152 -222.102
1153 -222.131
1154 -222.146
1155 -222.14
1156 -222.162
1157 -222.231
1158 -222.23
1159 -222.191
1160 -222.217
1161 -222.193
1162 -222.154
1163 -222.103
1164 -222.185
1165 -222.192
1166 -222.214
1167 -222.229
1168 -222.148
1169 -222.26
1170 -222.29
1171 -222.292
1172 -222.304
1173 -222.341
1174 -222.336
1175 -222.23
1176 -222.235
1177 -222.22
1178 -222.165
1179 -222.094
1180 -222.122
1181 -222.143
1182 -222.198
1183 -222.235
1184 -222.333
1185 -222.286
1186 -222.297
1187 -222.263
1188 -222.221
1189 -222.289
1190 -222.293
1191 -222.337
1192 -222.249
1193 -222.154
1194 -222.221
1195 -222.148
1196 -222.271
1197 -222.31
1198 -222.253
1199 -222.301
1200 -222.286
1201 -222.345
1202 -222.345
1203 -222.373
1204 -222.452
1205 -222.455
1206 -222.459
1207 -222.456
1208 -222.515
1209 -222.65
1210 -222.729
1211 -222.781
1212 -222.695
1213 -222.634
1214 -222.652
1215 -222.602
1216 -222.633
1217 -222.632
1218 -222.702
1219 -222.722
1220 -222.801
1221 -222.843
1222 -222.924
1223 -222.904
1224 -222.932
1225 -222.961
1226 -222.971
1227 -223.053
1228 -223.028
1229 -223.054
1230 -223.01
1231 -222.974
1232 -223.08
1233 -223.102
1234 -223.138
1235 -223.227
1236 -223.364
1237 -223.448
1238 -223.516
1239 -223.512
1240 -223.444
1241 -223.434
1242 -223.478
1243 -223.451
1244 -223.561
1245 -223.576
1246 -223.68
1247 -223.674
1248 -223.727
1249 -223.785
1250 -223.88
1251 -223.909
1252 -223.915
1253 -223.981
1254 -224
1255 -224.044
1256 -224.043
1257 -224.092
1258 -224.174
1259 -224.16
1260 -224.168
1261 -224.201
1262 -224.256
1263 -224.258
1264 -224.316
1265 -224.285
1266 -224.297
1267 -224.253
1268 -224.254
1269 -224.371
1270 -224.417
1271 -224.409
1272 -224.365
1273 -224.459
1274 -224.437
1275 -224.503
1276 -224.549
1277 -224.564
1278 -224.611
1279 -224.749
1280 -224.724
1281 -224.804
1282 -225.008
1283 -225.09
1284 -225.135
1285 -225.154
1286 -225.246
1287 -225.323
1288 -225.388
1289 -225.474
1290 -225.512
1291 -225.609
1292 -225.658
1293 -225.708
1294 -225.732
1295 -225.766
1296 -225.792
1297 -225.815
1298 -225.913
1299 -225.956
1300 -225.964
1301 -225.966
1302 -225.901
1303 -225.969
1304 -226.114
1305 -226.305
1306 -226.306
1307 -226.293
1308 -226.379
1309 -226.504
1310 -226.58
1311 -226.571
1312 -226.632
1313 -226.723
1314 -226.738
1315 -226.871
1316 -227.135
1317 -227.149
1318 -227.172
1319 -227.06
1320 -227.135
1321 -227.211
1322 -227.282
1323 -227.408
1324 -227.482
1325 -227.573
1326 -227.601
1327 -227.687
1328 -227.718
1329 -227.7
1330 -227.781
1331 -227.805
1332 -227.822
1333 -227.784
1334 -227.877
1335 -228.047
1336 -228.148
1337 -228.27
1338 -228.369
1339 -228.423
1340 -228.484
1341 -228.694
1342 -228.71
1343 -228.793
1344 -228.913
1345 -228.973
1346 -228.976
1347 -229.031
1348 -229.142
1349 -229.212
1350 -229.309
1351 -229.292
1352 -229.501
1353 -229.447
1354 -229.432
1355 -229.526
1356 -229.507
1357 -229.483
1358 -229.62
1359 -229.728
1360 -229.803
1361 -229.873
1362 -229.917
1363 -230.017
1364 -230.066
1365 -230.195
1366 -230.383
1367 -230.377
1368 -230.424
1369 -230.558
1370 -230.531
1371 -230.639
1372 -230.755
1373 -230.8
1374 -230.944
1375 -231.053
1376 -231.027
1377 -231.105
1378 -231.259
1379 -231.371
1380 -231.404
1381 -231.45
1382 -231.608
1383 -231.602
1384 -231.663
1385 -231.809
1386 -232.05
1387 -231.968
1388 -232.162
1389 -232.208
1390 -232.294
1391 -232.415
1392 -232.435
1393 -232.563
1394 -232.517
1395 -232.566
1396 -232.726
1397 -232.853
1398 -232.987
1399 -233.16
1400 -233.224
1401 -233.3
1402 -233.376
1403 -233.482
1404 -233.467
1405 -233.505
1406 -233.706
1407 -233.778
1408 -233.815
1409 -233.89
1410 -233.92
1411 -233.953
1412 -234.033
1413 -234.13
1414 -234.19
1415 -234.459
1416 -234.604
1417 -234.648
1418 -234.684
1419 -234.95
1420 -234.968
1421 -235.008
1422 -235.126
1423 -235.376
1424 -235.442
1425 -235.509
1426 -235.578
1427 -235.793
1428 -235.845
1429 -236.056
1430 -236.21
1431 -236.313
1432 -236.433
1433 -236.585
1434 -236.607
1435 -236.669
1436 -236.807
1437 -236.912
1438 -237.09
1439 -237.186
1440 -237.209
1441 -237.326
1442 -237.36
1443 -237.433
1444 -237.571
1445 -237.706
1446 -237.677
1447 -237.767
1448 -238.047
1449 -238.155
1450 -238.151
1451 -238.13
1452 -238.225
1453 -238.327
1454 -238.409
1455 -238.358
1456 -238.478
1457 -238.571
1458 -238.612
1459 -238.799
1460 -238.823
1461 -238.869
1462 -238.855
1463 -238.929
1464 -239.058
1465 -239.1
1466 -239.163
1467 -239.357
1468 -239.39
1469 -239.407
1470 -239.664
1471 -239.764
1472 -239.859
1473 -239.967
1474 -240.038
1475 -240.203
1476 -240.247
1477 -240.28
1478 -240.483
1479 -240.603
1480 -240.859
1481 -240.935
1482 -240.916
1483 -241.013
1484 -241.03
1485 -241.11
1486 -241.088
1487 -241.119
1488 -241.238
1489 -241.27
1490 -241.254
1491 -241.315
1492 -241.466
1493 -241.459
1494 -241.463
1495 -241.601
1496 -241.659
1497 -241.747
1498 -241.957
1499 -242.238
1500 -242.322
1501 -242.471
1502 -242.48
1503 -242.508
1504 -242.658
1505 -242.623
1506 -242.742
1507 -242.86
1508 -243.018
1509 -243.145
1510 -243.373
1511 -243.518
1512 -243.429
1513 -243.505
1514 -243.47
1515 -243.51
1516 -243.64
1517 -243.684
1518 -243.871
1519 -243.901
1520 -244.007
1521 -244.137
1522 -244.307
1523 -244.363
1524 -244.442
1525 -244.444
1526 -244.41
1527 -244.544
1528 -244.621
1529 -244.562
1530 -244.712
1531 -244.816
1532 -244.936
1533 -244.9
1534 -244.888
1535 -245.077
1536 -245.156
1537 -245.155
1538 -245.184
1539 -245.344
1540 -245.483
1541 -245.556
1542 -245.674
1543 -245.791
1544 -245.823
1545 -246.03
1546 -246.092
1547 -246.12
1548 -246.065
1549 -246.036
1550 -246.212
1551 -246.432
1552 -246.529
1553 -246.601
1554 -246.768
1555 -246.885
1556 -246.89
1557 -246.889
1558 -246.913
1559 -247.039
1560 -247.129
1561 -246.953
1562 -247.125
1563 -247.286
1564 -247.392
1565 -247.501
1566 -247.567
1567 -247.667
1568 -247.768
1569 -247.815
1570 -247.903
1571 -248.106
1572 -248.185
1573 -248.109
1574 -248.149
1575 -248.167
1576 -248.307
1577 -248.329
1578 -248.464
1579 -248.504
1580 -248.508
1581 -248.627
1582 -248.735
1583 -248.885
1584 -248.967
1585 -249.15
1586 -249.308
1587 -249.364
1588 -249.455
1589 -249.408
1590 -249.436
1591 -249.501
1592 -249.511
1593 -249.739
1594 -249.733
1595 -249.727
1596 -249.805
1597 -249.945
1598 -249.823
1599 -250
1600 -250.083
1601 -250.137
1602 -250.237
1603 -250.182
1604 -250.265
1605 -250.273
1606 -250.514
1607 -250.603
1608 -250.61
1609 -250.678
1610 -250.694
1611 -250.861
1612 -250.949
1613 -251.076
1614 -251.161
1615 -251.22
1616 -251.24
1617 -251.311
1618 -251.435
1619 -251.502
1620 -251.553
1621 -251.483
1622 -251.662
1623 -251.77
1624 -251.958
1625 -251.946
1626 -252.082
1627 -252.12
1628 -252.222
1629 -252.351
1630 -252.349
1631 -252.456
1632 -252.389
1633 -252.438
1634 -252.547
1635 -252.605
1636 -252.627
1637 -252.867
1638 -252.908
1639 -252.905
1640 -252.893
1641 -253.029
1642 -253.129
1643 -253.238
1644 -253.278
1645 -253.397
1646 -253.379
1647 -253.534
1648 -253.606
1649 -253.673
1650 -253.696
1651 -253.664
1652 -253.698
1653 -253.737
1654 -253.812
1655 -253.869
1656 -253.994
1657 -254.116
1658 -254.073
1659 -254.147
1660 -254.253
1661 -254.527
1662 -254.65
1663 -254.799
1664 -254.86
1665 -254.787
1666 -254.872
1667 -255.074
1668 -255.262
1669 -255.335
1670 -255.333
1671 -255.274
1672 -255.347
1673 -255.438
1674 -255.441
1675 -255.43
1676 -255.619
1677 -255.72
1678 -255.908
1679 -255.912
1680 -255.967
1681 -256.032
1682 -256.053
1683 -255.927
1684 -256.028
1685 -256.024
1686 -256.144
1687 -256.225
1688 -256.173
1689 -256.232
1690 -256.23
1691 -256.347
1692 -256.254
1693 -256.225
1694 -256.326
1695 -256.433
1696 -256.495
1697 -256.481
1698 -256.488
1699 -256.685
1700 -256.75
1701 -256.832
1702 -256.816
1703 -256.87
1704 -256.932
1705 -256.901
1706 -256.977
1707 -257.049
1708 -257.076
1709 -257.109
1710 -257.139
1711 -257.138
1712 -257.137
1713 -257.194
1714 -257.218
1715 -257.224
1716 -257.285
1717 -257.392
1718 -257.446
1719 -257.526
1720 -257.528
1721 -257.638
1722 -257.604
1723 -257.593
1724 -257.587
1725 -257.782
1726 -257.746
1727 -257.751
1728 -257.836
1729 -257.749
1730 -257.829
1731 -257.833
1732 -257.952
1733 -257.929
1734 -257.934
1735 -258.005
1736 -257.978
1737 -258.081
1738 -258.257
1739 -258.209
1740 -258.161
1741 -258.203
1742 -258.188
1743 -258.269
1744 -258.238
1745 -258.302
1746 -258.194
1747 -258.218
1748 -258.297
1749 -258.337
1750 -258.306
1751 -258.302
1752 -258.294
1753 -258.286
1754 -258.302
1755 -258.256
1756 -258.245
1757 -258.201
1758 -258.116
1759 -258.221
1760 -258.243
1761 -258.32
1762 -258.316
1763 -258.37
1764 -258.422
1765 -258.371
1766 -258.475
1767 -258.523
1768 -258.479
1769 -258.398
1770 -258.489
1771 -258.521
1772 -258.567
1773 -258.645
1774 -258.682
1775 -258.698
1776 -258.667
1777 -258.687
1778 -258.735
1779 -258.729
1780 -258.707
1781 -258.72
1782 -258.756
1783 -258.838
1784 -258.789
1785 -258.89
1786 -258.831
1787 -258.835
1788 -258.833
1789 -258.909
1790 -258.91
1791 -258.855
1792 -258.908
1793 -258.933
1794 -258.965
1795 -258.938
1796 -258.998
1797 -258.972
1798 -259.008
1799 -259.1
1800 -259.103
1801 -259.113
1802 -259.136
1803 -259.113
1804 -259.027
1805 -259.011
1806 -259.06
1807 -259.071
1808 -259.151
1809 -259.068
1810 -258.939
1811 -258.834
1812 -258.931
1813 -258.955
1814 -258.996
1815 -259.111
1816 -259.14
1817 -259.224
1818 -259.226
1819 -259.167
1820 -259.165
1821 -259.148
1822 -259.056
1823 -259.116
1824 -259.135
1825 -259.176
1826 -259.058
1827 -258.988
1828 -259.023
1829 -259.034
1830 -259.126
1831 -259.152
1832 -259.111
1833 -259.086
1834 -259.053
1835 -259.091
1836 -259.023
1837 -259.056
1838 -259.059
1839 -259.069
1840 -259.015
1841 -259.064
1842 -258.993
1843 -258.99
1844 -259.023
1845 -259.025
1846 -259.076
1847 -259.071
1848 -259.029
1849 -258.958
1850 -258.995
1851 -258.984
1852 -259.026
1853 -259.15
1854 -259.227
1855 -259.257
1856 -259.235
1857 -259.239
1858 -259.209
1859 -259.092
1860 -259.081
1861 -259.081
1862 -259.11
1863 -259.268
1864 -259.244
1865 -259.202
1866 -259.203
1867 -259.248
1868 -259.237
1869 -259.196
1870 -259.31
1871 -259.263
1872 -259.234
1873 -259.299
1874 -259.325
1875 -259.421
1876 -259.465
1877 -259.517
1878 -259.579
1879 -259.575
1880 -259.488
1881 -259.446
1882 -259.482
1883 -259.451
1884 -259.534
1885 -259.615
1886 -259.598
1887 -259.613
1888 -259.615
1889 -259.607
1890 -259.645
1891 -259.589
1892 -259.609
1893 -259.628
1894 -259.719
1895 -259.75
1896 -259.815
1897 -259.828
1898 -259.752
1899 -259.785
1900 -259.708
1901 -259.715
1902 -259.736
1903 -259.647
1904 -259.673
1905 -259.647
1906 -259.699
1907 -259.827
1908 -259.875
1909 -259.86
1910 -259.9
1911 -259.995
1912 -260.041
1913 -259.891
1914 -259.915
1915 -259.991
1916 -259.92
1917 -259.897
1918 -259.925
1919 -259.956
1920 -260.082
1921 -260.098
1922 -260.134
1923 -260.181
1924 -260.189
1925 -260.17
1926 -260.197
1927 -260.292
1928 -260.294
1929 -260.302
1930 -260.322
1931 -260.365
1932 -260.286
1933 -260.315
1934 -260.31
1935 -260.372
1936 -260.336
1937 -260.352
1938 -260.346
1939 -260.432
1940 -260.426
1941 -260.363
1942 -260.39
1943 -260.378
1944 -260.395
1945 -260.48
1946 -260.515
1947 -260.471
1948 -260.435
1949 -260.37
1950 -260.338
1951 -260.257
1952 -260.316
1953 -260.393
1954 -260.567
1955 -260.582
1956 -260.648
1957 -260.614
1958 -260.571
1959 -260.581
1960 -260.573
1961 -260.612
1962 -260.678
1963 -260.677
1964 -260.747
1965 -260.785
1966 -260.679
1967 -260.697
1968 -260.651
1969 -260.6
1970 -260.514
1971 -260.527
1972 -260.58
1973 -260.677
1974 -260.729
1975 -260.744
1976 -260.686
1977 -260.739
1978 -260.791
1979 -260.749
1980 -260.712
1981 -260.66
1982 -260.656
1983 -260.723
1984 -260.68
1985 -260.681
1986 -260.69
1987 -260.671
1988 -260.59
1989 -260.611
1990 -260.622
1991 -260.609
1992 -260.627
1993 -260.709
1994 -260.757
1995 -260.808
1996 -260.755
1997 -260.821
1998 -260.922
1999 -260.924
2000 -260.883
2001 -261.017
2002 -261.039
2003 -260.993
2004 -260.872
2005 -260.905
2006 -260.991
2007 -260.977
2008 -260.884
2009 -260.88
2010 -260.902
2011 -260.985
2012 -260.921
2013 -260.937
2014 -260.959
2015 -261.035
2016 -260.979
2017 -261.008
2018 -261.139
2019 -261.075
2020 -261.034
2021 -260.956
2022 -260.864
2023 -261.001
2024 -261.03
2025 -261.053
2026 -261.017
2027 -261.062
2028 -261.077
2029 -261.063
2030 -261.059
2031 -261.091
2032 -261.115
2033 -261.06
2034 -260.991
2035 -261.019
2036 -261.12
2037 -261.117
2038 -261.115
2039 -261.119
2040 -261.218
2041 -261.22
2042 -261.264
2043 -261.313
2044 -261.315
2045 -261.397
2046 -261.339
2047 -261.277
2048 -261.332
2049 -261.301
2050 -261.262
2051 -261.221
2052 -261.168
2053 -261.166
2054 -261.137
2055 -261.213
2056 -261.28
2057 -261.259
2058 -261.275
2059 -261.315
2060 -261.328
2061 -261.332
2062 -261.361
2063 -261.453
2064 -261.507
2065 -261.567
2066 -261.521
2067 -261.466
2068 -261.422
2069 -261.373
2070 -261.371
2071 -261.318
2072 -261.347
2073 -261.27
2074 -261.354
2075 -261.466
2076 -261.508
2077 -261.447
2078 -261.476
2079 -261.519
2080 -261.519
2081 -261.568
2082 -261.609
2083 -261.584
2084 -261.64
2085 -261.581
2086 -261.643
2087 -261.574
2088 -261.666
2089 -261.701
2090 -261.804
2091 -261.812
2092 -261.82
2093 -261.751
2094 -261.833
2095 -261.892
2096 -261.998
2097 -262.011
2098 -262.038
2099 -261.994
2100 -262.045
2101 -262.062
2102 -262.038
2103 -261.987
2104 -261.919
2105 -262.061
2106 -262.09
2107 -262.111
2108 -262.13
2109 -262.081
2110 -262.106
2111 -262.102
2112 -262.095
2113 -262.085
2114 -262.072
2115 -262.109
2116 -262.151
2117 -262.195
2118 -262.221
2119 -262.269
2120 -262.282
2121 -262.277
2122 -262.227
2123 -262.272
2124 -262.299
2125 -262.254
2126 -262.237
2127 -262.323
2128 -262.436
2129 -262.377
2130 -262.501
2131 -262.518
2132 -262.397
2133 -262.41
2134 -262.471
2135 -262.518
2136 -262.556
2137 -262.568
2138 -262.495
2139 -262.517
2140 -262.566
2141 -262.464
2142 -262.55
2143 -262.554
2144 -262.534
2145 -262.695
2146 -262.798
2147 -262.828
2148 -262.848
2149 -262.885
2150 -262.838
2151 -262.918
2152 -262.917
2153 -262.894
2154 -262.841
2155 -262.911
2156 -262.953
2157 -263.005
2158 -263.117
2159 -263.1
2160 -263.091
2161 -263.097
2162 -263.134
2163 -263.051
2164 -263.049
2165 -262.998
2166 -263.094
2167 -263.111
2168 -263.287
2169 -263.284
2170 -263.334
2171 -263.354
2172 -263.415
2173 -263.315
2174 -263.403
2175 -263.455
2176 -263.336
2177 -263.487
2178 -263.463
2179 -263.436
2180 -263.359
2181 -263.368
2182 -263.4
2183 -263.53
2184 -263.578
2185 -263.493
2186 -263.65
2187 -263.689
2188 -263.65
2189 -263.628
2190 -263.65
2191 -263.659
2192 -263.751
2193 -263.766
2194 -263.671
2195 -263.694
2196 -263.675
2197 -263.697
2198 -263.749
2199 -263.772
2200 -263.745
2201 -263.755
2202 -263.757
2203 -263.855
2204 -264.003
2205 -264.105
2206 -264.131
2207 -264.126
2208 -264.15
2209 -264.158
2210 -264.105
2211 -264.047
2212 -263.978
2213 -264.041
2214 -264.114
2215 -264.107
2216 -264.085
2217 -264.032
2218 -264.08
2219 -264.096
2220 -264.132
2221 -264.194
2222 -264.259
2223 -264.288
2224 -264.288
2225 -264.301
2226 -264.363
2227 -264.32
2228 -264.349
2229 -264.411
2230 -264.386
2231 -264.392
2232 -264.397
2233 -264.381
2234 -264.427
2235 -264.499
2236 -264.622
2237 -264.598
2238 -264.608
2239 -264.657
2240 -264.604
2241 -264.656
2242 -264.652
2243 -264.631
2244 -264.826
2245 -264.875
2246 -264.821
2247 -264.815
2248 -264.775
2249 -264.852
2250 -264.942
2251 -264.875
2252 -264.959
2253 -264.903
2254 -264.831
2255 -264.821
2256 -264.962
2257 -265.02
2258 -265.126
2259 -265.115
2260 -265.123
2261 -265.131
2262 -265.17
2263 -265.191
2264 -265.141
2265 -265.134
2266 -265.174
2267 -265.206
2268 -265.245
2269 -265.305
2270 -265.3
2271 -265.415
2272 -265.444
2273 -265.269
2274 -265.32
2275 -265.332
2276 -265.396
2277 -265.291
2278 -265.264
2279 -265.26
2280 -265.308
2281 -265.326
2282 -265.401
2283 -265.428
2284 -265.366
2285 -265.351
2286 -265.353
2287 -265.442
2288 -265.434
2289 -265.439
2290 -265.509
2291 -265.51
2292 -265.464
2293 -265.454
2294 -265.528
2295 -265.537
2296 -265.523
2297 -265.579
2298 -265.641
2299 -265.672
2300 -265.716
2301 -265.696
2302 -265.802
2303 -265.902
2304 -265.972
2305 -265.947
2306 -265.912
2307 -265.911
2308 -265.942
2309 -265.947
2310 -265.943
2311 -265.981
2312 -266.002
2313 -266.017
2314 -266.016
2315 -266.011
2316 -266.069
2317 -266.126
2318 -266.03
2319 -266.005
2320 -266.077
2321 -266.062
2322 -266.135
2323 -266.228
2324 -266.381
2325 -266.381
2326 -266.421
2327 -266.371
2328 -266.431
2329 -266.44
2330 -266.349
2331 -266.394
2332 -266.473
2333 -266.418
2334 -266.457
2335 -266.421
2336 -266.456
2337 -266.422
2338 -266.385
2339 -266.379
2340 -266.466
2341 -266.451
2342 -266.427
2343 -266.413
2344 -266.411
2345 -266.38
2346 -266.404
2347 -266.405
2348 -266.393
2349 -266.461
2350 -266.562
2351 -266.48
2352 -266.481
2353 -266.451
2354 -266.485
2355 -266.542
2356 -266.578
2357 -266.549
2358 -266.541
2359 -266.632
2360 -266.617
2361 -266.561
2362 -266.518
2363 -266.519
2364 -266.502
2365 -266.486
2366 -266.497
2367 -266.489
2368 -266.453
2369 -266.481
2370 -266.44
2371 -266.434
2372 -266.398
2373 -266.509
2374 -266.544
2375 -266.564
2376 -266.531
2377 -266.561
2378 -266.599
2379 -266.666
2380 -266.649
2381 -266.688
2382 -266.74
2383 -266.668
2384 -266.808
2385 -266.868
2386 -266.919
2387 -266.943
2388 -266.985
2389 -266.946
2390 -266.94
2391 -267.015
2392 -266.905
2393 -266.905
2394 -266.876
2395 -266.849
2396 -266.948
2397 -266.936
2398 -266.9
2399 -266.875
2400 -266.929
2401 -266.972
2402 -266.993
2403 -266.92
2404 -266.92
2405 -266.93
2406 -266.977
2407 -266.987
2408 -266.997
2409 -267.053
2410 -266.96
2411 -267.05
2412 -267.049
2413 -267.068
2414 -267.078
2415 -267.029
2416 -267.023
2417 -267.024
2418 -267.003
2419 -266.988
2420 -267.033
2421 -267.09
2422 -267.113
2423 -267.088
2424 -267.178
2425 -267.182
2426 -267.093
2427 -266.996
2428 -267.092
2429 -267.068
2430 -267.088
2431 -267.007
2432 -267.207
2433 -267.174
2434 -267.121
2435 -267.234
2436 -267.31
2437 -267.269
2438 -267.291
2439 -267.309
2440 -267.222
2441 -267.333
2442 -267.372
2443 -267.286
2444 -267.27
2445 -267.339
2446 -267.297
2447 -267.332
2448 -267.419
2449 -267.502
2450 -267.497
2451 -267.571
2452 -267.622
2453 -267.594
2454 -267.576
2455 -267.529
2456 -267.429
2457 -267.433
2458 -267.389
2459 -267.365
2460 -267.406
2461 -267.397
2462 -267.528
2463 -267.53
2464 -267.53
2465 -267.563
2466 -267.488
2467 -267.528
2468 -267.552
2469 -267.57
2470 -267.543
2471 -267.485
2472 -267.396
2473 -267.456
2474 -267.497
2475 -267.62
2476 -267.625
2477 -267.625
2478 -267.617
2479 -267.642
2480 -267.581
2481 -267.673
2482 -267.743
2483 -267.809
2484 -267.722
2485 -267.734
2486 -267.697
2487 -267.692
2488 -267.753
2489 -267.769
2490 -267.825
2491 -267.854
2492 -267.904
2493 -267.921
2494 -267.96
2495 -267.869
2496 -267.871
2497 -267.817
2498 -267.897
2499 -267.975
2500 -267.993
2501 -267.972
2502 -268.091
2503 -268.035
2504 -267.993
2505 -267.956
2506 -267.984
2507 -267.892
2508 -267.806
2509 -267.812
2510 -267.96
2511 -267.956
2512 -267.99
2513 -268.107
2514 -268.044
2515 -268.044
2516 -268.041
2517 -268.172
2518 -268.164
2519 -268.235
2520 -268.215
2521 -268.229
2522 -268.172
2523 -268.132
2524 -268.115
2525 -268.187
2526 -268.194
2527 -268.146
2528 -268.151
2529 -268.173
2530 -268.214
2531 -268.194
2532 -268.134
2533 -268.091
2534 -268.215
2535 -268.173
2536 -268.174
2537 -268.144
2538 -268.209
2539 -268.398
2540 -268.402
2541 -268.474
2542 -268.459
2543 -268.471
2544 -268.44
2545 -268.388
2546 -268.349
2547 -268.403
2548 -268.354
2549 -268.379
2550 -268.384
2551 -268.365
2552 -268.468
2553 -268.452
2554 -268.371
2555 -268.426
2556 -268.466
2557 -268.388
2558 -268.364
2559 -268.452
2560 -268.371
2561 -268.357
2562 -268.377
2563 -268.443
2564 -268.474
2565 -268.412
2566 -268.381
2567 -268.397
2568 -268.44
2569 -268.588
2570 -268.551
2571 -268.657
2572 -268.648
2573 -268.543
2574 -268.642
2575 -268.695
2576 -268.728
2577 -268.814
2578 -268.856
2579 -268.784
2580 -268.782
2581 -268.769
2582 -268.837
2583 -268.755
2584 -268.734
2585 -268.672
2586 -268.62
2587 -268.768
2588 -268.739
2589 -268.782
2590 -268.724
2591 -268.765
2592 -268.76
2593 -268.938
2594 -268.804
2595 -268.82
2596 -268.853
2597 -268.855
2598 -268.833
2599 -268.868
2600 -268.883
2601 -268.94
2602 -268.875
2603 -268.86
2604 -268.916
2605 -268.931
2606 -268.896
2607 -268.909
2608 -268.908
2609 -268.902
2610 -268.997
2611 -268.98
2612 -268.953
2613 -269.038
2614 -269.036
2615 -269.03
2616 -268.962
2617 -268.908
2618 -268.957
2619 -268.837
2620 -268.887
2621 -268.922
2622 -268.956
2623 -268.995
2624 -269.033
2625 -269.052
2626 -269.076
2627 -269.137
2628 -269.103
2629 -269.158
2630 -269.201
2631 -269.114
2632 -269.124
2633 -269.074
2634 -269.112
2635 -269.071
2636 -269.122
2637 -269.133
2638 -269.145
2639 -269.1
2640 -269.057
2641 -269.024
2642 -269.018
2643 -268.974
2644 -268.996
2645 -268.978
2646 -268.988
2647 -269.047
2648 -268.968
2649 -268.956
2650 -268.856
2651 -268.881
2652 -268.91
2653 -268.89
2654 -268.942
2655 -269.084
2656 -269.035
2657 -269.075
2658 -269.084
2659 -269.143
2660 -269.183
2661 -269.181
2662 -269.178
2663 -269.136
2664 -269.131
2665 -269.137
2666 -269.213
2667 -269.249
2668 -269.255
2669 -269.189
2670 -269.225
2671 -269.255
2672 -269.285
2673 -269.281
2674 -269.245
2675 -269.253
2676 -269.221
2677 -269.336
2678 -269.321
2679 -269.254
2680 -269.269
2681 -269.278
2682 -269.243
2683 -269.293
2684 -269.272
2685 -269.3
2686 -269.317
2687 -269.271
2688 -269.135
2689 -269.193
2690 -269.237
2691 -269.334
2692 -269.304
2693 -269.35
2694 -269.336
2695 -269.227
2696 -269.2
2697 -269.077
2698 -269.204
2699 -269.208
2700 -269.207
2701 -269.141
2702 -269.077
2703 -269.117
2704 -269.094
2705 -269.092
2706 -269.112
2707 -269.187
2708 -269.265
2709 -269.23
2710 -269.217
2711 -269.316
2712 -269.287
2713 -269.357
2714 -269.294
2715 -269.308
2716 -269.359
2717 -269.43
2718 -269.386
2719 -269.294
2720 -269.416
2721 -269.412
2722 -269.421
2723 -269.37
2724 -269.361
2725 -269.35
2726 -269.319
2727 -269.406
2728 -269.456
2729 -269.461
2730 -269.426
2731 -269.484
2732 -269.433
2733 -269.411
2734 -269.339
2735 -269.338
2736 -269.327
2737 -269.309
2738 -269.362
2739 -269.33
2740 -269.376
2741 -269.424
2742 -269.389
2743 -269.284
2744 -269.257
2745 -269.136
2746 -269.197
2747 -269.187
2748 -269.163
2749 -269.286
2750 -269.269
2751 -269.273
2752 -269.214
2753 -269.24
2754 -269.291
2755 -269.259
2756 -269.217
2757 -269.262
2758 -269.179
2759 -269.138
2760 -269.165
2761 -269.224
2762 -269.222
2763 -269.156
2764 -269.238
2765 -269.244
2766 -269.315
2767 -269.348
2768 -269.34
2769 -269.273
2770 -269.304
2771 -269.265
2772 -269.31
2773 -269.324
2774 -269.378
2775 -269.369
2776 -269.313
2777 -269.355
2778 -269.304
2779 -269.34
2780 -269.348
2781 -269.261
2782 -269.24
2783 -269.153
2784 -269.243
2785 -269.239
2786 -269.233
2787 -269.228
2788 -269.255
2789 -269.255
2790 -269.261
2791 -269.276
2792 -269.363
2793 -269.227
2794 -269.299
2795 -269.334
2796 -269.321
2797 -269.349
2798 -269.298
2799 -269.208
2800 -269.27
2801 -269.209
2802 -269.287
2803 -269.296
2804 -269.324
2805 -269.306
2806 -269.318
2807 -269.35
2808 -269.349
2809 -269.26
2810 -269.283
2811 -269.345
2812 -269.291
2813 -269.222
2814 -269.291
2815 -269.284
2816 -269.222
2817 -269.276
2818 -269.229
2819 -269.232
2820 -269.247
2821 -269.201
2822 -269.181
2823 -269.204
2824 -269.245
2825 -269.265
2826 -269.322
2827 -269.361
2828 -269.372
2829 -269.282
2830 -269.234
2831 -269.202
2832 -269.23
2833 -269.225
2834 -269.207
2835 -269.241
2836 -269.271
2837 -269.213
2838 -269.267
2839 -269.286
2840 -269.367
2841 -269.365
2842 -269.353
2843 -269.251
2844 -269.273
2845 -269.317
2846 -269.301
2847 -269.211
2848 -269.253
2849 -269.251
2850 -269.246
2851 -269.198
2852 -269.255
2853 -269.339
2854 -269.314
2855 -269.4
2856 -269.404
2857 -269.512
2858 -269.442
2859 -269.418
2860 -269.372
2861 -269.354
2862 -269.325
2863 -269.423
2864 -269.409
2865 -269.512
2866 -269.489
2867 -269.356
2868 -269.426
2869 -269.448
2870 -269.413
2871 -269.495
2872 -269.48
2873 -269.501
2874 -269.444
2875 -269.437
2876 -269.511
2877 -269.483
2878 -269.527
2879 -269.476
2880 -269.428
2881 -269.387
2882 -269.426
2883 -269.439
2884 -269.467
2885 -269.448
2886 -269.396
2887 -269.35
2888 -269.334
2889 -269.281
2890 -269.364
2891 -269.392
2892 -269.303
2893 -269.373
2894 -269.351
2895 -269.377
2896 -269.3
2897 -269.243
2898 -269.23
2899 -269.112
2900 -269.259
2901 -269.308
2902 -269.294
2903 -269.316
2904 -269.281
2905 -269.331
2906 -269.325
2907 -269.332
2908 -269.362
2909 -269.461
2910 -269.403
2911 -269.387
2912 -269.337
2913 -269.395
2914 -269.376
2915 -269.362
2916 -269.287
2917 -269.224
2918 -269.208
2919 -269.201
2920 -269.234
2921 -269.315
2922 -269.329
2923 -269.386
2924 -269.469
2925 -269.438
2926 -269.456
2927 -269.51
2928 -269.466
2929 -269.376
2930 -269.352
2931 -269.348
2932 -269.322
2933 -269.399
2934 -269.361
2935 -269.36
2936 -269.293
2937 -269.216
2938 -269.187
2939 -269.201
2940 -269.233
2941 -269.246
2942 -269.281
2943 -269.227
2944 -269.269
2945 -269.259
2946 -269.274
2947 -269.336
2948 -269.349
2949 -269.304
2950 -269.304
2951 -269.275
2952 -269.284
2953 -269.246
2954 -269.198
2955 -269.182
2956 -269.29
2957 -269.226
2958 -269.231
2959 -269.251
2960 -269.293
2961 -269.262
2962 -269.239
2963 -269.298
2964 -269.234
2965 -269.21
2966 -269.286
2967 -269.325
2968 -269.31
2969 -269.281
2970 -269.308
2971 -269.289
2972 -269.301
2973 -269.334
2974 -269.336
2975 -269.335
2976 -269.374
2977 -269.317
2978 -269.368
2979 -269.41
2980 -269.44
2981 -269.417
2982 -269.468
2983 -269.44
2984 -269.471
2985 -269.365
2986 -269.367
2987 -269.393
2988 -269.353
2989 -269.354
2990 -269.397
2991 -269.391
2992 -269.367
2993 -269.404
2994 -269.395
2995 -269.418
2996 -269.344
2997 -269.318
2998 -269.301
2999 -269.329
3000 -269.403
