1 -270.283
2 -270.283
3 -270.283
4 -270.283
5 -270.283
6 -270.283
7 -270.283
8 -270.284
9 -270.284
10 -270.284
11 -270.284
12 -270.284
13 -270.284
14 -270.284
15 -270.285
16 -270.285
17 -270.285
18 -270.285
19 -270.285
20 -270.285
21 -270.285
22 -270.285
23 -270.286
24 -270.285
25 -270.285
26 -270.285
27 -270.286
28 -270.286
29 -270.286
30 -270.286
31 -270.286
32 -270.286
33 -270.286
34 -270.286
35 -270.287
36 -270.287
37 -270.287
38 -270.287
39 -270.287
40 -270.287
41 -270.287
42 -270.287
43 -270.287
44 -270.287
45 -270.287
46 -270.287
47 -270.287
48 -270.287
49 -270.287
50 -270.287
51 -270.287
52 -270.287
53 -270.287
54 -270.287
55 -270.287
56 -270.287
57 -270.287
58 -270.287
59 -270.287
60 -270.287
61 -270.288
62 -270.288
63 -270.288
64 -270.288
65 -270.288
66 -270.288
67 -270.289
68 -270.288
69 -270.288
70 -270.288
71 -270.288
72 -270.289
73 -270.289
74 -270.289
75 -270.289
76 -270.289
77 -270.289
78 -270.289
79 -270.289
80 -270.289
81 -270.289
82 -270.289
83 -270.289
84 -270.289
85 -270.289
86 -270.289
87 -270.289
88 -270.289
89 -270.289
90 -270.289
91 -270.29
92 -270.29
93 -270.29
94 -270.29
95 -270.29
96 -270.29
97 -270.291
98 -270.29
99 -270.29
100 -270.29
101 -270.291
102 -270.291
103 -270.291
104 -270.291
105 -270.291
106 -270.29
107 -270.29
108 -270.29
109 -270.29
110 -270.29
111 -270.29
112 -270.29
113 -270.29
114 -270.291
115 -270.29
116 -270.29
117 -270.291
118 -270.291
119 -270.291
120 -270.291
121 -270.291
122 -270.291
123 -270.291
124 -270.291
125 -270.291
126 -270.291
127 -270.291
128 -270.291
129 -270.291
130 -270.291
131 -270.291
132 -270.291
133 -270.291
134 -270.291
135 -270.291
136 -270.291
137 -270.291
138 -270.291
139 -270.291
140 -270.291
141 -270.291
142 -270.291
143 -270.291
144 -270.291
145 -270.291
146 -270.291
147 -270.291
148 -270.291
149 -270.291
150 -270.291
151 -270.291
152 -270.291
153 -270.291
154 -270.291
155 -270.292
156 -270.292
157 -270.292
158 -270.292
159 -270.292
160 -270.292
161 -270.292
162 -270.292
163 -270.292
164 -270.292
165 -270.292
166 -270.292
167 -270.292
168 -270.292
169 -270.292
170 -270.292
171 -270.292
172 -270.292
173 -270.292
174 -270.292
175 -270.292
176 -270.292
177 -270.292
178 -270.292
179 -270.292
180 -270.292
181 -270.292
182 -270.292
183 -270.292
184 -270.292
185 -270.292
186 -270.292
187 -270.291
188 -270.292
189 -270.292
190 -270.292
191 -270.292
192 -270.292
193 -270.292
194 -270.292
195 -270.292
196 -270.292
197 -270.292
198 -270.292
199 -270.292
200 -270.291
201 -270.292
202 -270.291
203 -270.291
204 -270.292
205 -270.292
206 -270.292
207 -270.292
208 -270.291
209 -270.291
210 -270.291
211 -270.291
212 -270.291
213 -270.291
214 -270.292
215 -270.292
216 -270.292
217 -270.292
218 -270.291
219 -270.291
220 -270.291
221 -270.291
222 -270.291
223 -270.291
224 -270.291
225 -270.291
226 -270.291
227 -270.291
228 -270.291
229 -270.291
230 -270.291
231 -270.291
232 -270.291
233 -270.291
234 -270.291
235 -270.291
236 -270.291
237 -270.291
238 -270.291
239 -270.291
240 -270.291
241 -270.291
242 -270.292
243 -270.292
244 -270.292
245 -270.292
246 -270.292
247 -270.292
248 -270.292
249 -270.292
250 -270.292
251 -270.292
252 -270.292
253 -270.292
254 -270.292
255 -270.292
256 -270.292
257 -270.292
258 -270.292
259 -270.292
260 -270.291
261 -270.292
262 -270.292
263 -270.292
264 -270.292
265 -270.292
266 -270.292
267 -270.291
268 -270.291
269 -270.291
270 -270.291
271 -270.291
272 -270.291
273 -270.291
274 -270.291
275 -270.291
276 -270.291
277 -270.291
278 -270.291
279 -270.291
280 -270.29
281 -270.291
282 -270.291
283 -270.291
284 -270.291
285 -270.291
286 -270.291
287 -270.291
288 -270.291
289 -270.291
290 -270.291
291 -270.291
292 -270.291
293 -270.291
294 -270.291
295 -270.291
296 -270.291
297 -270.291
298 -270.291
299 -270.291
300 -270.291
301 -270.291
302 -270.291
303 -270.29
304 -270.29
305 -270.29
306 -270.291
307 -270.291
308 -270.291
309 -270.291
310 -270.291
311 -270.291
312 -270.291
313 -270.291
314 -270.291
315 -270.291
316 -270.291
317 -270.29
318 -270.291
319 -270.291
320 -270.291
321 -270.29
322 -270.29
323 -270.29
324 -270.291
325 -270.291
326 -270.291
327 -270.291
328 -270.291
329 -270.291
330 -270.291
331 -270.291
332 -270.291
333 -270.291
334 -270.291
335 -270.291
336 -270.291
337 -270.291
338 -270.291
339 -270.291
340 -270.291
341 -270.291
342 -270.291
343 -270.291
344 -270.291
345 -270.291
346 -270.291
347 -270.291
348 -270.291
349 -270.291
350 -270.291
351 -270.291
352 -270.291
353 -270.291
354 -270.291
355 -270.291
356 -270.292
357 -270.291
358 -270.292
359 -270.292
360 -270.291
361 -270.292
362 -270.291
363 -270.292
364 -270.292
365 -270.292
366 -270.292
367 -270.292
368 -270.292
369 -270.292
370 -270.292
371 -270.292
372 -270.292
373 -270.292
374 -270.292
375 -270.292
376 -270.292
377 -270.292
378 -270.292
379 -270.292
380 -270.292
381 -270.292
382 -270.292
383 -270.292
384 -270.292
385 -270.292
386 -270.292
387 -270.292
388 -270.292
389 -270.292
390 -270.292
391 -270.292
392 -270.292
393 -270.292
394 -270.292
395 -270.292
396 -270.292
397 -270.292
398 -270.292
399 -270.292
400 -270.292
401 -270.292
402 -270.292
403 -270.292
404 -270.292
405 -270.292
406 -270.292
407 -270.292
408 -270.292
409 -270.292
410 -270.292
411 -270.292
412 -270.292
413 -270.292
414 -270.292
415 -270.292
416 -270.292
417 -270.292
418 -270.292
419 -270.292
420 -270.292
421 -270.292
422 -270.292
423 -270.292
424 -270.292
425 -270.292
426 -270.292
427 -270.292
428 -270.292
429 -270.292
430 -270.292
431 -270.292
432 -270.292
433 -270.292
434 -270.292
435 -270.292
436 -270.292
437 -270.292
438 -270.292
439 -270.292
440 -270.292
441 -270.292
442 -270.292
443 -270.292
444 -270.292
445 -270.292
446 -270.292
447 -270.292
448 -270.292
449 -270.292
450 -270.292
451 -270.292
452 -270.292
453 -270.292
454 -270.292
455 -270.292
456 -270.292
457 -270.292
458 -270.292
459 -270.291
460 -270.291
461 -270.291
462 -270.291
463 -270.291
464 -270.292
465 -270.292
466 -270.292
467 -270.292
468 -270.291
469 -270.291
470 -270.292
471 -270.291
472 -270.292
473 -270.292
474 -270.292
475 -270.292
476 -270.292
477 -270.291
478 -270.291
479 -270.291
480 -270.291
481 -270.291
482 -270.291
483 -270.291
484 -270.291
485 -270.291
486 -270.292
487 -270.292
488 -270.292
489 -270.292
490 -270.292
491 -270.292
492 -270.292
493 -270.292
494 -270.292
495 -270.292
496 -270.292
497 -270.292
498 -270.291
499 -270.291
500 -270.292
501 -270.292
502 -270.292
503 -270.292
504 -270.292
505 -270.292
506 -270.292
507 -270.292
508 -270.292
509 -270.292
510 -270.292
511 -270.292
512 -270.292
513 -270.292
514 -270.292
515 -270.292
516 -270.292
517 -270.292
518 -270.292
519 -270.292
520 -270.292
521 -270.292
522 -270.292
523 -270.291
524 -270.291
525 -270.291
526 -270.291
527 -270.291
528 -270.291
529 -270.291
530 -270.291
531 -270.291
532 -270.291
533 -270.291
534 -270.291
535 -270.291
536 -270.291
537 -270.291
538 -270.291
539 -270.291
540 -270.291
541 -270.291
542 -270.291
543 -270.291
544 -270.291
545 -270.291
546 -270.291
547 -270.291
548 -270.291
549 -270.291
550 -270.291
551 -270.291
552 -270.291
553 -270.291
554 -270.291
555 -270.291
556 -270.291
557 -270.291
558 -270.291
559 -270.291
560 -270.292
561 -270.291
562 -270.292
563 -270.292
564 -270.292
565 -270.292
566 -270.292
567 -270.292
568 -270.291
569 -270.291
570 -270.291
571 -270.291
572 -270.291
573 -270.291
574 -270.291
575 -270.291
576 -270.291
577 -270.291
578 -270.292
579 -270.292
580 -270.292
581 -270.291
582 -270.291
583 -270.291
584 -270.291
585 -270.291
586 -270.291
587 -270.291
588 -270.291
589 -270.291
590 -270.291
591 -270.291
592 -270.291
593 -270.291
594 -270.291
595 -270.291
596 -270.291
597 -270.291
598 -270.291
599 -270.291
600 -270.291
601 -270.291
602 -270.291
603 -270.292
604 -270.292
605 -270.292
606 -270.292
607 -270.291
608 -270.291
609 -270.291
610 -270.291
611 -270.291
612 -270.291
613 -270.291
614 -270.291
615 -270.291
616 -270.291
617 -270.291
618 -270.291
619 -270.291
620 -270.291
621 -270.291
622 -270.291
623 -270.291
624 -270.291
625 -270.291
626 -270.291
627 -270.291
628 -270.291
629 -270.291
630 -270.291
631 -270.291
632 -270.291
633 -270.291
634 -270.291
635 -270.291
636 -270.291
637 -270.291
638 -270.291
639 -270.291
640 -270.291
641 -270.29
642 -270.29
643 -270.291
644 -270.291
645 -270.291
646 -270.29
647 -270.291
648 -270.291
649 -270.29
650 -270.291
651 -270.291
652 -270.291
653 -270.291
654 -270.291
655 -270.291
656 -270.291
657 -270.291
658 -270.291
659 -270.291
660 -270.291
661 -270.291
662 -270.291
663 -270.291
664 -270.291
665 -270.291
666 -270.291
667 -270.29
668 -270.29
669 -270.291
670 -270.291
671 -270.291
672 -270.291
673 -270.291
674 -270.291
675 -270.291
676 -270.291
677 -270.29
678 -270.291
679 -270.291
680 -270.291
681 -270.291
682 -270.291
683 -270.291
684 -270.291
685 -270.291
686 -270.291
687 -270.291
688 -270.291
689 -270.291
690 -270.291
691 -270.291
692 -270.291
693 -270.291
694 -270.291
695 -270.291
696 -270.291
697 -270.291
698 -270.291
699 -270.291
700 -270.291
701 -270.291
702 -270.291
703 -270.291
704 -270.291
705 -270.291
706 -270.291
707 -270.291
708 -270.291
709 -270.291
710 -270.291
711 -270.291
712 -270.291
713 -270.291
714 -270.291
715 -270.291
716 -270.291
717 -270.291
718 -270.291
719 -270.291
720 -270.291
721 -270.291
722 -270.291
723 -270.291
724 -270.291
725 -270.291
726 -270.291
727 -270.291
728 -270.291
729 -270.291
730 -270.291
731 -270.291
732 -270.291
733 -270.291
734 -270.291
735 -270.291
736 -270.291
737 -270.291
738 -270.291
739 -270.291
740 -270.291
741 -270.292
742 -270.292
743 -270.292
744 -270.292
745 -270.292
746 -270.292
747 -270.292
748 -270.292
749 -270.292
750 -270.292
751 -270.292
752 -270.292
753 -270.292
754 -270.292
755 -270.292
756 -270.292
757 -270.292
758 -270.292
759 -270.292
760 -270.292
761 -270.292
762 -270.292
763 -270.292
764 -270.292
765 -270.292
766 -270.292
767 -270.291
768 -270.291
769 -270.291
770 -270.291
771 -270.291
772 -270.291
773 -270.291
774 -270.291
775 -270.291
776 -270.291
777 -270.291
778 -270.291
779 -270.291
780 -270.291
781 -270.291
782 -270.291
783 -270.291
784 -270.291
785 -270.291
786 -270.291
787 -270.291
788 -270.291
789 -270.291
790 -270.291
791 -270.291
792 -270.291
793 -270.291
794 -270.291
795 -270.291
796 -270.291
797 -270.291
798 -270.291
799 -270.291
800 -270.291
801 -270.291
802 -270.291
803 -270.291
804 -270.291
805 -270.291
806 -270.291
807 -270.291
808 -270.291
809 -270.291
810 -270.291
811 -270.291
812 -270.291
813 -270.291
814 -270.291
815 -270.291
816 -270.291
817 -270.291
818 -270.291
819 -270.291
820 -270.291
821 -270.291
822 -270.291
823 -270.291
824 -270.291
825 -270.291
826 -270.291
827 -270.291
828 -270.291
829 -270.292
830 -270.291
831 -270.291
832 -270.291
833 -270.291
834 -270.291
835 -270.291
836 -270.291
837 -270.291
838 -270.291
839 -270.291
840 -270.291
841 -270.291
842 -270.291
843 -270.291
844 -270.291
845 -270.291
846 -270.291
847 -270.291
848 -270.291
849 -270.291
850 -270.291
851 -270.29
852 -270.29
853 -270.29
854 -270.29
855 -270.29
856 -270.29
857 -270.29
858 -270.29
859 -270.29
860 -270.29
861 -270.29
862 -270.291
863 -270.291
864 -270.291
865 -270.291
866 -270.291
867 -270.291
868 -270.292
869 -270.292
870 -270.292
871 -270.292
872 -270.292
873 -270.292
874 -270.292
875 -270.292
876 -270.292
877 -270.292
878 -270.292
879 -270.292
880 -270.292
881 -270.292
882 -270.292
883 -270.291
884 -270.292
885 -270.292
886 -270.291
887 -270.291
888 -270.292
889 -270.292
890 -270.292
891 -270.292
892 -270.292
893 -270.292
894 -270.291
895 -270.291
896 -270.291
897 -270.291
898 -270.291
899 -270.291
900 -270.291
901 -270.291
902 -270.291
903 -270.292
904 -270.291
905 -270.291
906 -270.291
907 -270.291
908 -270.291
909 -270.291
910 -270.291
911 -270.291
912 -270.291
913 -270.291
914 -270.291
915 -270.291
916 -270.291
917 -270.291
918 -270.291
919 -270.291
920 -270.291
921 -270.291
922 -270.291
923 -270.291
924 -270.291
925 -270.291
926 -270.291
927 -270.291
928 -270.291
929 -270.291
930 -270.291
931 -270.292
932 -270.292
933 -270.292
934 -270.292
935 -270.292
936 -270.292
937 -270.292
938 -270.292
939 -270.292
940 -270.292
941 -270.292
942 -270.292
943 -270.291
944 -270.291
945 -270.291
946 -270.291
947 -270.291
948 -270.291
949 -270.291
950 -270.291
951 -270.291
952 -270.291
953 -270.291
954 -270.29
955 -270.29
956 -270.29
957 -270.29
958 -270.29
959 -270.29
960 -270.29
961 -270.289
962 -270.29
963 -270.29
964 -270.29
965 -270.289
966 -270.29
967 -270.29
968 -270.29
969 -270.291
970 -270.291
971 -270.291
972 -270.291
973 -270.291
974 -270.291
975 -270.291
976 -270.292
977 -270.292
978 -270.292
979 -270.292
980 -270.292
981 -270.292
982 -270.292
983 -270.292
984 -270.292
985 -270.292
986 -270.292
987 -270.292
988 -270.292
989 -270.292
990 -270.292
991 -270.292
992 -270.292
993 -270.292
994 -270.292
995 -270.292
996 -270.292
997 -270.292
998 -270.292
999 -270.292
1000 -270.292
1001 -270.291
1002 -270.291
1003 -270.291
1004 -270.292
1005 -270.292
1006 -270.291
1007 -270.291
1008 -270.291
1009 -270.291
1010 -270.291
1011 -270.292
1012 -270.291
1013 -270.291
1014 -270.291
1015 -270.291
1016 -270.291
1017 -270.291
1018 -270.291
1019 -270.291
1020 -270.291
1021 -270.291
1022 -270.292
1023 -270.292
1024 -270.292
1025 -270.292
1026 -270.292
1027 -270.292
1028 -270.292
1029 -270.292
1030 -270.292
1031 -270.292
1032 -270.292
1033 -270.292
1034 -270.292
1035 -270.292
1036 -270.292
1037 -270.292
1038 -270.292
1039 -270.292
1040 -270.292
1041 -270.292
1042 -270.292
1043 -270.292
1044 -270.291
1045 -270.291
1046 -270.291
1047 -270.291
1048 -270.291
1049 -270.291
1050 -270.291
1051 -270.291
1052 -270.291
1053 -270.291
1054 -270.291
1055 -270.291
1056 -270.291
1057 -270.291
1058 -270.292
1059 -270.291
1060 -270.292
1061 -270.292
1062 -270.292
1063 -270.292
1064 -270.292
1065 -270.291
1066 -270.291
1067 -270.292
1068 -270.291
1069 -270.292
1070 -270.292
1071 -270.291
1072 -270.291
1073 -270.291
1074 -270.291
1075 -270.291
1076 -270.292
1077 -270.292
1078 -270.291
1079 -270.291
1080 -270.291
1081 -270.291
1082 -270.291
1083 -270.291
1084 -270.291
1085 -270.291
1086 -270.291
1087 -270.292
1088 -270.292
1089 -270.291
1090 -270.291
1091 -270.292
1092 -270.292
1093 -270.292
1094 -270.292
1095 -270.292
1096 -270.292
1097 -270.292
1098 -270.292
1099 -270.292
1100 -270.292
1101 -270.292
1102 -270.292
1103 -270.292
1104 -270.292
1105 -270.292
1106 -270.292
1107 -270.292
1108 -270.292
1109 -270.292
1110 -270.292
1111 -270.292
1112 -270.292
1113 -270.292
1114 -270.292
1115 -270.292
1116 -270.292
1117 -270.292
1118 -270.292
1119 -270.292
1120 -270.292
1121 -270.292
1122 -270.292
1123 -270.292
1124 -270.292
1125 -270.291
1126 -270.291
1127 -270.292
1128 -270.292
1129 -270.292
1130 -270.292
1131 -270.292
1132 -270.292
1133 -270.292
1134 -270.292
1135 -270.292
1136 -270.292
1137 -270.291
1138 -270.291
1139 -270.292
1140 -270.292
1141 -270.291
1142 -270.291
1143 -270.291
1144 -270.291
1145 -270.291
1146 -270.292
1147 -270.292
1148 -270.292
1149 -270.292
1150 -270.292
1151 -270.292
1152 -270.292
1153 -270.292
1154 -270.292
1155 -270.292
1156 -270.292
1157 -270.292
1158 -270.292
1159 -270.292
1160 -270.292
1161 -270.292
1162 -270.292
1163 -270.292
1164 -270.292
1165 -270.292
1166 -270.293
1167 -270.292
1168 -270.292
1169 -270.292
1170 -270.292
1171 -270.292
1172 -270.292
1173 -270.292
1174 -270.292
1175 -270.292
1176 -270.292
1177 -270.292
1178 -270.292
1179 -270.293
1180 -270.292
1181 -270.292
1182 -270.292
1183 -270.292
1184 -270.292
1185 -270.292
1186 -270.292
1187 -270.292
1188 -270.292
1189 -270.292
1190 -270.292
1191 -270.292
1192 -270.292
1193 -270.292
1194 -270.292
1195 -270.292
1196 -270.292
1197 -270.292
1198 -270.292
1199 -270.292
1200 -270.292
1201 -270.292
1202 -270.292
1203 -270.292
1204 -270.292
1205 -270.293
1206 -270.293
1207 -270.293
1208 -270.293
1209 -270.293
1210 -270.293
1211 -270.293
1212 -270.293
1213 -270.292
1214 -270.292
1215 -270.292
1216 -270.292
1217 -270.292
1218 -270.292
1219 -270.293
1220 -270.293
1221 -270.293
1222 -270.293
1223 -270.292
1224 -270.292
1225 -270.292
1226 -270.292
1227 -270.292
1228 -270.292
1229 -270.292
1230 -270.292
1231 -270.292
1232 -270.292
1233 -270.292
1234 -270.292
1235 -270.292
1236 -270.292
1237 -270.292
1238 -270.292
1239 -270.292
1240 -270.292
1241 -270.292
1242 -270.292
1243 -270.292
1244 -270.292
1245 -270.292
1246 -270.292
1247 -270.292
1248 -270.291
1249 -270.291
1250 -270.291
1251 -270.291
1252 -270.291
1253 -270.291
1254 -270.291
1255 -270.291
1256 -270.291
1257 -270.291
1258 -270.291
1259 -270.291
1260 -270.291
1261 -270.291
1262 -270.291
1263 -270.291
1264 -270.292
1265 -270.292
1266 -270.292
1267 -270.292
1268 -270.292
1269 -270.292
1270 -270.292
1271 -270.291
1272 -270.291
1273 -270.291
1274 -270.291
1275 -270.291
1276 -270.291
1277 -270.291
1278 -270.291
1279 -270.292
1280 -270.292
1281 -270.292
1282 -270.291
1283 -270.291
1284 -270.291
1285 -270.291
1286 -270.291
1287 -270.291
1288 -270.291
1289 -270.292
1290 -270.292
1291 -270.292
1292 -270.292
1293 -270.292
1294 -270.292
1295 -270.292
1296 -270.292
1297 -270.292
1298 -270.292
1299 -270.292
1300 -270.292
1301 -270.292
1302 -270.292
1303 -270.292
1304 -270.292
1305 -270.292
1306 -270.292
1307 -270.292
1308 -270.292
1309 -270.292
1310 -270.292
1311 -270.292
1312 -270.292
1313 -270.292
1314 -270.292
1315 -270.292
1316 -270.292
1317 -270.292
1318 -270.292
1319 -270.292
1320 -270.292
1321 -270.292
1322 -270.292
1323 -270.292
1324 -270.292
1325 -270.292
1326 -270.291
1327 -270.291
1328 -270.292
1329 -270.291
1330 -270.291
1331 -270.291
1332 -270.291
1333 -270.291
1334 -270.291
1335 -270.291
1336 -270.291
1337 -270.291
1338 -270.291
1339 -270.291
1340 -270.291
1341 -270.291
1342 -270.291
1343 -270.291
1344 -270.291
1345 -270.291
1346 -270.291
1347 -270.291
1348 -270.29
1349 -270.291
1350 -270.291
1351 -270.291
1352 -270.291
1353 -270.291
1354 -270.291
1355 -270.291
1356 -270.291
1357 -270.291
1358 -270.291
1359 -270.291
1360 -270.291
1361 -270.29
1362 -270.29
1363 -270.291
1364 -270.291
1365 -270.291
1366 -270.291
1367 -270.291
1368 -270.291
1369 -270.291
1370 -270.291
1371 -270.291
1372 -270.291
1373 -270.291
1374 -270.291
1375 -270.291
1376 -270.291
1377 -270.291
1378 -270.292
1379 -270.292
1380 -270.292
1381 -270.292
1382 -270.292
1383 -270.292
1384 -270.291
1385 -270.291
1386 -270.291
1387 -270.291
1388 -270.291
1389 -270.291
1390 -270.291
1391 -270.291
1392 -270.291
1393 -270.291
1394 -270.291
1395 -270.291
1396 -270.291
1397 -270.291
1398 -270.291
1399 -270.291
1400 -270.291
1401 -270.291
1402 -270.291
1403 -270.291
1404 -270.291
1405 -270.291
1406 -270.291
1407 -270.291
1408 -270.29
1409 -270.29
1410 -270.29
1411 -270.29
1412 -270.291
1413 -270.29
1414 -270.29
1415 -270.29
1416 -270.29
1417 -270.29
1418 -270.29
1419 -270.29
1420 -270.29
1421 -270.29
1422 -270.29
1423 -270.29
1424 -270.29
1425 -270.29
1426 -270.29
1427 -270.29
1428 -270.29
1429 -270.29
1430 -270.29
1431 -270.29
1432 -270.29
1433 -270.29
1434 -270.29
1435 -270.29
1436 -270.29
1437 -270.29
1438 -270.29
1439 -270.29
1440 -270.29
1441 -270.29
1442 -270.29
1443 -270.29
1444 -270.29
1445 -270.29
1446 -270.29
1447 -270.29
1448 -270.29
1449 -270.29
1450 -270.29
1451 -270.29
1452 -270.29
1453 -270.29
1454 -270.29
1455 -270.29
1456 -270.29
1457 -270.29
1458 -270.29
1459 -270.29
1460 -270.29
1461 -270.29
1462 -270.29
1463 -270.29
1464 -270.29
1465 -270.29
1466 -270.29
1467 -270.29
1468 -270.29
1469 -270.29
1470 -270.29
1471 -270.29
1472 -270.29
1473 -270.29
1474 -270.29
1475 -270.29
1476 -270.29
1477 -270.291
1478 -270.291
1479 -270.291
1480 -270.291
1481 -270.29
1482 -270.29
1483 -270.291
1484 -270.291
1485 -270.291
1486 -270.291
1487 -270.291
1488 -270.291
1489 -270.291
1490 -270.291
1491 -270.291
1492 -270.291
1493 -270.291
1494 -270.291
1495 -270.291
1496 -270.291
1497 -270.291
1498 -270.291
1499 -270.291
1500 -270.291
1501 -270.291
1502 -270.291
1503 -270.291
1504 -270.291
1505 -270.291
1506 -270.291
1507 -270.291
1508 -270.291
1509 -270.291
1510 -270.291
1511 -270.291
1512 -270.292
1513 -270.291
1514 -270.291
1515 -270.291
1516 -270.291
1517 -270.291
1518 -270.291
1519 -270.291
1520 -270.291
1521 -270.291
1522 -270.291
1523 -270.291
1524 -270.291
1525 -270.291
1526 -270.291
1527 -270.291
1528 -270.291
1529 -270.291
1530 -270.291
1531 -270.291
1532 -270.291
1533 -270.292
1534 -270.291
1535 -270.291
1536 -270.291
1537 -270.291
1538 -270.291
1539 -270.292
1540 -270.292
1541 -270.292
1542 -270.292
1543 -270.292
1544 -270.292
1545 -270.292
1546 -270.292
1547 -270.292
1548 -270.292
1549 -270.292
1550 -270.292
1551 -270.292
1552 -270.292
1553 -270.292
1554 -270.292
1555 -270.292
1556 -270.292
1557 -270.292
1558 -270.292
1559 -270.292
1560 -270.292
1561 -270.292
1562 -270.292
1563 -270.292
1564 -270.292
1565 -270.292
1566 -270.292
1567 -270.292
1568 -270.292
1569 -270.292
1570 -270.292
1571 -270.292
1572 -270.292
1573 -270.292
1574 -270.292
1575 -270.292
1576 -270.292
1577 -270.292
1578 -270.292
1579 -270.292
1580 -270.292
1581 -270.237
1582 -270.249
1583 -270.254
1584 -270.253
1585 -270.256
1586 -270.257
1587 -270.257
1588 -270.268
1589 -270.268
1590 -270.268
1591 -270.268
1592 -270.269
1593 -270.274
1594 -270.276
1595 -270.276
1596 -270.277
1597 -270.277
1598 -270.278
1599 -270.278
1600 -270.278
1601 -270.278
1602 -270.278
1603 -270.278
1604 -270.278
1605 -270.278
1606 -270.279
1607 -270.278
1608 -270.278
1609 -270.279
1610 -270.279
1611 -270.279
1612 -270.279
1613 -270.279
1614 -270.279
1615 -270.279
1616 -270.279
1617 -270.279
1618 -270.279
1619 -270.279
1620 -270.279
1621 -270.279
1622 -270.279
1623 -270.281
1624 -270.281
1625 -270.281
1626 -270.283
1627 -270.283
1628 -270.283
1629 -270.283
1630 -270.283
1631 -270.283
1632 -270.283
1633 -270.283
1634 -270.283
1635 -270.283
1636 -270.283
1637 -270.283
1638 -270.283
1639 -270.283
1640 -270.283
1641 -270.283
1642 -270.283
1643 -270.283
1644 -270.283
1645 -270.283
1646 -270.283
1647 -270.283
1648 -270.283
1649 -270.283
1650 -270.283
1651 -270.283
1652 -270.283
1653 -270.283
1654 -270.283
1655 -270.283
1656 -270.283
1657 -270.283
1658 -270.283
1659 -270.283
1660 -270.282
1661 -270.282
1662 -270.282
1663 -270.282
1664 -270.282
1665 -270.283
1666 -270.283
1667 -270.283
1668 -270.283
1669 -270.283
1670 -270.282
1671 -270.282
1672 -270.282
1673 -270.283
1674 -270.283
1675 -270.283
1676 -270.284
1677 -270.284
1678 -270.284
1679 -270.284
1680 -270.284
1681 -270.284
1682 -270.284
1683 -270.284
1684 -270.284
1685 -270.284
1686 -270.284
1687 -270.284
1688 -270.284
1689 -270.284
1690 -270.284
1691 -270.284
1692 -270.284
1693 -270.284
1694 -270.284
1695 -270.285
1696 -270.285
1697 -270.285
1698 -270.285
1699 -270.285
1700 -270.285
1701 -270.285
1702 -270.286
1703 -270.286
1704 -270.285
1705 -270.285
1706 -270.285
1707 -270.285
1708 -270.285
1709 -270.285
1710 -270.285
1711 -270.285
1712 -270.285
1713 -270.285
1714 -270.285
1715 -270.285
1716 -270.285
1717 -270.285
1718 -270.285
1719 -270.285
1720 -270.285
1721 -270.285
1722 -270.285
1723 -270.285
1724 -270.285
1725 -270.285
1726 -270.285
1727 -270.285
1728 -270.288
1729 -270.288
1730 -270.288
1731 -270.288
1732 -270.289
1733 -270.289
1734 -270.289
1735 -270.289
1736 -270.289
1737 -270.289
1738 -270.289
1739 -270.289
1740 -270.289
1741 -270.289
1742 -270.289
1743 -270.289
1744 -270.289
1745 -270.289
1746 -270.289
1747 -270.289
1748 -270.289
1749 -270.289
1750 -270.289
1751 -270.29
1752 -270.29
1753 -270.29
1754 -270.29
1755 -270.29
1756 -270.29
1757 -270.29
1758 -270.29
1759 -270.29
1760 -270.291
1761 -270.291
1762 -270.29
1763 -270.29
1764 -270.291
1765 -270.29
1766 -270.29
1767 -270.29
1768 -270.29
1769 -270.29
1770 -270.29
1771 -270.29
1772 -270.29
1773 -270.291
1774 -270.29
1775 -270.29
1776 -270.291
1777 -270.291
1778 -270.291
1779 -270.291
1780 -270.291
1781 -270.291
1782 -270.291
1783 -270.291
1784 -270.29
1785 -270.291
1786 -270.29
1787 -270.291
1788 -270.291
1789 -270.291
1790 -270.291
1791 -270.291
1792 -270.29
1793 -270.29
1794 -270.291
1795 -270.29
1796 -270.29
1797 -270.29
1798 -270.29
1799 -270.29
1800 -270.291
1801 -270.291
1802 -270.291
1803 -270.291
1804 -270.29
1805 -270.29
1806 -270.29
1807 -270.29
1808 -270.29
1809 -270.29
1810 -270.29
1811 -270.29
1812 -270.291
1813 -270.291
1814 -270.291
1815 -270.291
1816 -270.29
1817 -270.291
1818 -270.291
1819 -270.291
1820 -270.291
1821 -270.29
1822 -270.29
1823 -270.29
1824 -270.29
1825 -270.29
1826 -270.29
1827 -270.29
1828 -270.29
1829 -270.29
1830 -270.29
1831 -270.29
1832 -270.29
1833 -270.29
1834 -270.29
1835 -270.29
1836 -270.29
1837 -270.29
1838 -270.291
1839 -270.291
1840 -270.291
1841 -270.291
1842 -270.291
1843 -270.291
1844 -270.291
1845 -270.291
1846 -270.291
1847 -270.291
1848 -270.291
1849 -270.291
1850 -270.291
1851 -270.291
1852 -270.291
1853 -270.291
1854 -270.291
1855 -270.291
1856 -270.291
1857 -270.291
1858 -270.291
1859 -270.291
1860 -270.291
1861 -270.291
1862 -270.291
1863 -270.291
1864 -270.291
1865 -270.291
1866 -270.291
1867 -270.291
1868 -270.291
1869 -270.291
1870 -270.291
1871 -270.291
1872 -270.291
1873 -270.291
1874 -270.291
1875 -270.291
1876 -270.291
1877 -270.291
1878 -270.291
1879 -270.291
1880 -270.291
1881 -270.291
1882 -270.291
1883 -270.291
1884 -270.291
1885 -270.291
1886 -270.291
1887 -270.292
1888 -270.292
1889 -270.292
1890 -270.292
1891 -270.292
1892 -270.292
1893 -270.292
1894 -270.292
1895 -270.292
1896 -270.292
1897 -270.292
1898 -270.292
1899 -270.292
1900 -270.292
1901 -270.292
1902 -270.292
1903 -270.292
1904 -270.292
1905 -270.292
1906 -270.292
1907 -270.292
1908 -270.292
1909 -270.292
1910 -270.292
1911 -270.292
1912 -270.292
1913 -270.292
1914 -270.292
1915 -270.292
1916 -270.292
1917 -270.292
1918 -270.292
1919 -270.292
1920 -270.292
1921 -270.293
1922 -270.292
1923 -270.292
1924 -270.292
1925 -270.292
1926 -270.292
1927 -270.292
1928 -270.292
1929 -270.292
1930 -270.292
1931 -270.292
1932 -270.292
1933 -270.293
1934 -270.292
1935 -270.292
1936 -270.292
1937 -270.292
1938 -270.292
1939 -270.292
1940 -270.292
1941 -270.293
1942 -270.293
1943 -270.293
1944 -270.293
1945 -270.293
1946 -270.293
1947 -270.293
1948 -270.293
1949 -270.293
1950 -270.293
1951 -270.293
1952 -270.293
1953 -270.293
1954 -270.293
1955 -270.293
1956 -270.293
1957 -270.293
1958 -270.293
1959 -270.293
1960 -270.292
1961 -270.292
1962 -270.292
1963 -270.292
1964 -270.292
1965 -270.292
1966 -270.292
1967 -270.292
1968 -270.292
1969 -270.292
1970 -270.293
1971 -270.293
1972 -270.293
1973 -270.293
1974 -270.293
1975 -270.293
1976 -270.293
1977 -270.293
1978 -270.293
1979 -270.293
1980 -270.293
1981 -270.293
1982 -270.293
1983 -270.293
1984 -270.293
1985 -270.293
1986 -270.293
1987 -270.293
1988 -270.293
1989 -270.293
1990 -270.293
1991 -270.293
1992 -270.293
1993 -270.293
1994 -270.293
1995 -270.293
1996 -270.293
1997 -270.293
1998 -270.293
1999 -270.293
2000 -270.293
2001 -270.293
2002 -270.293
2003 -270.293
2004 -270.292
2005 -270.293
2006 -270.293
2007 -270.293
2008 -270.293
2009 -270.293
2010 -270.293
2011 -270.293
2012 -270.293
2013 -270.293
2014 -270.293
2015 -270.293
2016 -270.292
2017 -270.292
2018 -270.293
2019 -270.292
2020 -270.292
2021 -270.292
2022 -270.292
2023 -270.293
2024 -270.293
2025 -270.293
2026 -270.293
2027 -270.282
2028 -270.282
2029 -270.29
2030 -270.29
2031 -270.29
2032 -270.29
2033 -270.29
2034 -270.29
2035 -270.29
2036 -270.29
2037 -270.29
2038 -270.29
2039 -270.29
2040 -270.29
2041 -270.292
2042 -270.292
2043 -270.292
2044 -270.292
2045 -270.292
2046 -270.292
2047 -270.292
2048 -270.292
2049 -270.292
2050 -270.292
2051 -270.292
2052 -270.292
2053 -270.292
2054 -270.292
2055 -270.292
2056 -270.291
2057 -270.291
2058 -270.292
2059 -270.292
2060 -270.292
2061 -270.292
2062 -270.292
2063 -270.292
2064 -270.292
2065 -270.292
2066 -270.292
2067 -270.292
2068 -270.292
2069 -270.292
2070 -270.292
2071 -270.292
2072 -270.292
2073 -270.292
2074 -270.292
2075 -270.292
2076 -270.292
2077 -270.292
2078 -270.292
2079 -270.292
2080 -270.292
2081 -270.292
2082 -270.292
2083 -270.292
2084 -270.292
2085 -270.292
2086 -270.292
2087 -270.292
2088 -270.292
2089 -270.292
2090 -270.292
2091 -270.292
2092 -270.292
2093 -270.292
2094 -270.292
2095 -270.292
2096 -270.292
2097 -270.292
2098 -270.292
2099 -270.292
2100 -270.292
2101 -270.291
2102 -270.291
2103 -270.292
2104 -270.292
2105 -270.292
2106 -270.292
2107 -270.292
2108 -270.292
2109 -270.292
2110 -270.292
2111 -270.292
2112 -270.292
2113 -270.292
2114 -270.292
2115 -270.292
2116 -270.292
2117 -270.292
2118 -270.292
2119 -270.292
2120 -270.292
2121 -270.292
2122 -270.292
2123 -270.292
2124 -270.292
2125 -270.292
2126 -270.292
2127 -270.292
2128 -270.292
2129 -270.292
2130 -270.293
2131 -270.293
2132 -270.292
2133 -270.292
2134 -270.292
2135 -270.292
2136 -270.292
2137 -270.292
2138 -270.292
2139 -270.292
2140 -270.292
2141 -270.292
2142 -270.292
2143 -270.292
2144 -270.292
2145 -270.292
2146 -270.292
2147 -270.292
2148 -270.292
2149 -270.292
2150 -270.292
2151 -270.292
2152 -270.292
2153 -270.292
2154 -270.292
2155 -270.292
2156 -270.292
2157 -270.292
2158 -270.292
2159 -270.292
2160 -270.292
2161 -270.292
2162 -270.292
2163 -270.292
2164 -270.292
2165 -270.292
2166 -270.292
2167 -270.292
2168 -270.292
2169 -270.292
2170 -270.291
2171 -270.291
2172 -270.291
2173 -270.291
2174 -270.291
2175 -270.29
2176 -270.29
2177 -270.291
2178 -270.29
2179 -270.29
2180 -270.291
2181 -270.291
2182 -270.291
2183 -270.291
2184 -270.291
2185 -270.291
2186 -270.29
2187 -270.291
2188 -270.29
2189 -270.29
2190 -270.291
2191 -270.291
2192 -270.29
2193 -270.291
2194 -270.291
2195 -270.291
2196 -270.291
2197 -270.291
2198 -270.291
2199 -270.291
2200 -270.291
2201 -270.291
2202 -270.291
2203 -270.291
2204 -270.291
2205 -270.291
2206 -270.291
2207 -270.291
2208 -270.291
2209 -270.291
2210 -270.291
2211 -270.291
2212 -270.291
2213 -270.291
2214 -270.291
2215 -270.291
2216 -270.291
2217 -270.291
2218 -270.291
2219 -270.291
2220 -270.291
2221 -270.291
2222 -270.291
2223 -270.291
2224 -270.291
2225 -270.291
2226 -270.291
2227 -270.291
2228 -270.291
2229 -270.291
2230 -270.291
2231 -270.291
2232 -270.291
2233 -270.291
2234 -270.291
2235 -270.291
2236 -270.291
2237 -270.291
2238 -270.291
2239 -270.291
2240 -270.291
2241 -270.291
2242 -270.291
2243 -270.29
2244 -270.291
2245 -270.291
2246 -270.291
2247 -270.291
2248 -270.291
2249 -270.291
2250 -270.291
2251 -270.291
2252 -270.291
2253 -270.291
2254 -270.291
2255 -270.291
2256 -270.291
2257 -270.29
2258 -270.291
2259 -270.291
2260 -270.291
2261 -270.291
2262 -270.291
2263 -270.291
2264 -270.291
2265 -270.292
2266 -270.292
2267 -270.292
2268 -270.292
2269 -270.292
2270 -270.292
2271 -270.292
2272 -270.292
2273 -270.292
2274 -270.292
2275 -270.292
2276 -270.292
2277 -270.292
2278 -270.292
2279 -270.292
2280 -270.292
2281 -270.292
2282 -270.292
2283 -270.292
2284 -270.292
2285 -270.292
2286 -270.292
2287 -270.292
2288 -270.292
2289 -270.292
2290 -270.292
2291 -270.292
2292 -270.292
2293 -270.292
2294 -270.292
2295 -270.292
2296 -270.292
2297 -270.292
2298 -270.293
2299 -270.292
2300 -270.292
2301 -270.293
2302 -270.293
2303 -270.293
2304 -270.293
2305 -270.293
2306 -270.293
2307 -270.293
2308 -270.293
2309 -270.293
2310 -270.293
2311 -270.293
2312 -270.293
2313 -270.293
2314 -270.293
2315 -270.292
2316 -270.292
2317 -270.292
2318 -270.292
2319 -270.292
2320 -270.292
2321 -270.292
2322 -270.292
2323 -270.292
2324 -270.292
2325 -270.292
2326 -270.292
2327 -270.292
2328 -270.292
2329 -270.292
2330 -270.292
2331 -270.292
2332 -270.292
2333 -270.292
2334 -270.292
2335 -270.292
2336 -270.292
2337 -270.292
2338 -270.292
2339 -270.292
2340 -270.292
2341 -270.292
2342 -270.292
2343 -270.292
2344 -270.292
2345 -270.292
2346 -270.292
2347 -270.292
2348 -270.292
2349 -270.292
2350 -270.291
2351 -270.292
2352 -270.292
2353 -270.292
2354 -270.292
2355 -270.292
2356 -270.292
2357 -270.292
2358 -270.292
2359 -270.292
2360 -270.292
2361 -270.291
2362 -270.291
2363 -270.291
2364 -270.291
2365 -270.291
2366 -270.291
2367 -270.291
2368 -270.291
2369 -270.291
2370 -270.291
2371 -270.291
2372 -270.291
2373 -270.291
2374 -270.291
2375 -270.291
2376 -270.291
2377 -270.291
2378 -270.291
2379 -270.291
2380 -270.291
2381 -270.291
2382 -270.291
2383 -270.291
2384 -270.291
2385 -270.291
2386 -270.291
2387 -270.291
2388 -270.291
2389 -270.291
2390 -270.291
2391 -270.291
2392 -270.291
2393 -270.291
2394 -270.291
2395 -270.291
2396 -270.292
2397 -270.291
2398 -270.291
2399 -270.291
2400 -270.291
2401 -270.291
2402 -270.291
2403 -270.291
2404 -270.291
2405 -270.291
2406 -270.291
2407 -270.291
2408 -270.291
2409 -270.291
2410 -270.291
2411 -270.291
2412 -270.291
2413 -270.291
2414 -270.291
2415 -270.291
2416 -270.291
2417 -270.291
2418 -270.291
2419 -270.292
2420 -270.292
2421 -270.292
2422 -270.292
2423 -270.292
2424 -270.292
2425 -270.292
2426 -270.292
2427 -270.292
2428 -270.292
2429 -270.292
2430 -270.292
2431 -270.292
2432 -270.292
2433 -270.292
2434 -270.292
2435 -270.292
2436 -270.292
2437 -270.292
2438 -270.292
2439 -270.292
2440 -270.292
2441 -270.292
2442 -270.292
2443 -270.292
2444 -270.292
2445 -270.293
2446 -270.293
2447 -270.293
2448 -270.293
2449 -270.266
2450 -270.266
2451 -270.266
2452 -270.266
2453 -270.266
2454 -270.266
2455 -270.28
2456 -270.28
2457 -270.28
2458 -270.28
2459 -270.287
2460 -270.287
2461 -270.286
2462 -270.286
2463 -270.286
2464 -270.286
2465 -270.287
2466 -270.289
2467 -270.29
2468 -270.29
2469 -270.29
2470 -270.29
2471 -270.291
2472 -270.29
2473 -270.291
2474 -270.29
2475 -270.29
2476 -270.291
2477 -270.291
2478 -270.291
2479 -270.291
2480 -270.291
2481 -270.291
2482 -270.291
2483 -270.291
2484 -270.29
2485 -270.29
2486 -270.29
2487 -270.29
2488 -270.29
2489 -270.29
2490 -270.29
2491 -270.29
2492 -270.29
2493 -270.29
2494 -270.29
2495 -270.29
2496 -270.29
2497 -270.29
2498 -270.291
2499 -270.291
2500 -270.291
2501 -270.291
2502 -270.291
2503 -270.291
2504 -270.291
2505 -270.291
2506 -270.291
2507 -270.291
2508 -270.291
2509 -270.291
2510 -270.291
2511 -270.291
2512 -270.291
2513 -270.291
2514 -270.291
2515 -270.292
2516 -270.292
2517 -270.291
2518 -270.291
2519 -270.291
2520 -270.291
2521 -270.291
2522 -270.291
2523 -270.291
2524 -270.291
2525 -270.291
2526 -270.291
2527 -270.291
2528 -270.291
2529 -270.291
2530 -270.291
2531 -270.291
2532 -270.291
2533 -270.291
2534 -270.291
2535 -270.291
2536 -270.291
2537 -270.291
2538 -270.291
2539 -270.291
2540 -270.291
2541 -270.291
2542 -270.291
2543 -270.291
2544 -270.291
2545 -270.291
2546 -270.291
2547 -270.291
2548 -270.291
2549 -270.291
2550 -270.291
2551 -270.291
2552 -270.291
2553 -270.291
2554 -270.291
2555 -270.291
2556 -270.291
2557 -270.291
2558 -270.291
2559 -270.291
2560 -270.291
2561 -270.29
2562 -270.29
2563 -270.29
2564 -270.29
2565 -270.29
2566 -270.29
2567 -270.29
2568 -270.29
2569 -270.291
2570 -270.291
2571 -270.291
2572 -270.291
2573 -270.291
2574 -270.291
2575 -270.291
2576 -270.291
2577 -270.291
2578 -270.291
2579 -270.291
2580 -270.291
2581 -270.291
2582 -270.291
2583 -270.292
2584 -270.292
2585 -270.292
2586 -270.292
2587 -270.292
2588 -270.292
2589 -270.292
2590 -270.291
2591 -270.291
2592 -270.292
2593 -270.292
2594 -270.291
2595 -270.291
2596 -270.292
2597 -270.292
2598 -270.292
2599 -270.292
2600 -270.292
2601 -270.292
2602 -270.292
2603 -270.292
2604 -270.292
2605 -270.292
2606 -270.292
2607 -270.292
2608 -270.292
2609 -270.292
2610 -270.292
2611 -270.292
2612 -270.292
2613 -270.292
2614 -270.292
2615 -270.291
2616 -270.291
2617 -270.291
2618 -270.291
2619 -270.291
2620 -270.291
2621 -270.291
2622 -270.291
2623 -270.291
2624 -270.291
2625 -270.292
2626 -270.292
2627 -270.292
2628 -270.292
2629 -270.292
2630 -270.292
2631 -270.292
2632 -270.292
2633 -270.292
2634 -270.292
2635 -270.292
2636 -270.292
2637 -270.292
2638 -270.292
2639 -270.292
2640 -270.292
2641 -270.292
2642 -270.292
2643 -270.292
2644 -270.292
2645 -270.292
2646 -270.292
2647 -270.292
2648 -270.292
2649 -270.292
2650 -270.292
2651 -270.292
2652 -270.292
2653 -270.291
2654 -270.291
2655 -270.291
2656 -270.291
2657 -270.292
2658 -270.292
2659 -270.292
2660 -270.292
2661 -270.292
2662 -270.292
2663 -270.292
2664 -270.292
2665 -270.292
2666 -270.292
2667 -270.292
2668 -270.292
2669 -270.292
2670 -270.292
2671 -270.291
2672 -270.291
2673 -270.292
2674 -270.291
2675 -270.292
2676 -270.292
2677 -270.292
2678 -270.292
2679 -270.292
2680 -270.292
2681 -270.292
2682 -270.292
2683 -270.292
2684 -270.292
2685 -270.292
2686 -270.292
2687 -270.292
2688 -270.292
2689 -270.292
2690 -270.292
2691 -270.292
2692 -270.292
2693 -270.292
2694 -270.292
2695 -270.292
2696 -270.292
2697 -270.292
2698 -270.292
2699 -270.292
2700 -270.292
2701 -270.292
2702 -270.292
2703 -270.292
2704 -270.292
2705 -270.292
2706 -270.292
2707 -270.292
2708 -270.292
2709 -270.292
2710 -270.292
2711 -270.292
2712 -270.292
2713 -270.292
2714 -270.292
2715 -270.292
2716 -270.292
2717 -270.292
2718 -270.292
2719 -270.292
2720 -270.292
2721 -270.292
2722 -270.292
2723 -270.292
2724 -270.292
2725 -270.292
2726 -270.292
2727 -270.292
2728 -270.292
2729 -270.292
2730 -270.292
2731 -270.292
2732 -270.292
2733 -270.292
2734 -270.292
2735 -270.292
2736 -270.292
2737 -270.292
2738 -270.292
2739 -270.292
2740 -270.292
2741 -270.292
2742 -270.292
2743 -270.292
2744 -270.292
2745 -270.292
2746 -270.291
2747 -270.292
2748 -270.292
2749 -270.291
2750 -270.291
2751 -270.291
2752 -270.291
2753 -270.291
2754 -270.291
2755 -270.291
2756 -270.291
2757 -270.291
2758 -270.291
2759 -270.291
2760 -270.291
2761 -270.291
2762 -270.291
2763 -270.291
2764 -270.291
2765 -270.29
2766 -270.29
2767 -270.29
2768 -270.29
2769 -270.29
2770 -270.29
2771 -270.29
2772 -270.29
2773 -270.29
2774 -270.29
2775 -270.29
2776 -270.29
2777 -270.291
2778 -270.291
2779 -270.291
2780 -270.291
2781 -270.291
2782 -270.291
2783 -270.291
2784 -270.291
2785 -270.291
2786 -270.291
2787 -270.291
2788 -270.291
2789 -270.291
2790 -270.291
2791 -270.291
2792 -270.291
2793 -270.291
2794 -270.291
2795 -270.291
2796 -270.291
2797 -270.291
2798 -270.291
2799 -270.291
2800 -270.291
2801 -270.291
2802 -270.291
2803 -270.29
2804 -270.291
2805 -270.291
2806 -270.291
2807 -270.291
2808 -270.291
2809 -270.29
2810 -270.29
2811 -270.29
2812 -270.291
2813 -270.291
2814 -270.29
2815 -270.29
2816 -270.29
2817 -270.291
2818 -270.291
2819 -270.291
2820 -270.291
2821 -270.291
2822 -270.291
2823 -270.291
2824 -270.291
2825 -270.291
2826 -270.291
2827 -270.291
2828 -270.291
2829 -270.291
2830 -270.291
2831 -270.291
2832 -270.291
2833 -270.291
2834 -270.291
2835 -270.291
2836 -270.291
2837 -270.291
2838 -270.291
2839 -270.291
2840 -270.291
2841 -270.291
2842 -270.291
2843 -270.291
2844 -270.291
2845 -270.291
2846 -270.291
2847 -270.291
2848 -270.291
2849 -270.291
2850 -270.291
2851 -270.291
2852 -270.291
2853 -270.291
2854 -270.29
2855 -270.291
2856 -270.291
2857 -270.291
2858 -270.291
2859 -270.291
2860 -270.29
2861 -270.29
2862 -270.291
2863 -270.291
2864 -270.291
2865 -270.29
2866 -270.29
2867 -270.29
2868 -270.29
2869 -270.29
2870 -270.291
2871 -270.291
2872 -270.291
2873 -270.291
2874 -270.291
2875 -270.291
2876 -270.291
2877 -270.291
2878 -270.29
2879 -270.291
2880 -270.291
2881 -270.291
2882 -270.291
2883 -270.291
2884 -270.291
2885 -270.291
2886 -270.291
2887 -270.291
2888 -270.291
2889 -270.291
2890 -270.291
2891 -270.291
2892 -270.291
2893 -270.291
2894 -270.291
2895 -270.291
2896 -270.291
2897 -270.291
2898 -270.291
2899 -270.291
2900 -270.291
2901 -270.291
2902 -270.291
2903 -270.291
2904 -270.291
2905 -270.291
2906 -270.291
2907 -270.291
2908 -270.291
2909 -270.29
2910 -270.29
2911 -270.29
2912 -270.29
2913 -270.29
2914 -270.29
2915 -270.29
2916 -270.29
2917 -270.29
2918 -270.291
2919 -270.291
2920 -270.29
2921 -270.29
2922 -270.29
2923 -270.29
2924 -270.29
2925 -270.29
2926 -270.291
2927 -270.291
2928 -270.291
2929 -270.291
2930 -270.291
2931 -270.291
2932 -270.291
2933 -270.291
2934 -270.291
2935 -270.291
2936 -270.291
2937 -270.291
2938 -270.291
2939 -270.291
2940 -270.292
2941 -270.292
2942 -270.292
2943 -270.292
2944 -270.292
2945 -270.292
2946 -270.292
2947 -270.292
2948 -270.292
2949 -270.292
2950 -270.292
2951 -270.292
2952 -270.292
2953 -270.292
2954 -270.292
2955 -270.292
2956 -270.292
2957 -270.292
2958 -270.292
2959 -270.292
2960 -270.292
2961 -270.292
2962 -270.292
2963 -270.292
2964 -270.292
2965 -270.291
2966 -270.291
2967 -270.291
2968 -270.291
2969 -270.291
2970 -270.291
2971 -270.291
2972 -270.291
2973 -270.291
2974 -270.291
2975 -270.291
2976 -270.291
2977 -270.291
2978 -270.291
2979 -270.291
2980 -270.291
2981 -270.291
2982 -270.291
2983 -270.291
2984 -270.291
2985 -270.291
2986 -270.291
2987 -270.291
2988 -270.291
2989 -270.291
2990 -270.291
2991 -270.291
2992 -270.291
2993 -270.291
2994 -270.291
2995 -270.291
2996 -270.291
2997 -270.291
2998 -270.291
2999 -270.291
3000 -270.291
