1 -269.827
2 -269.842
3 -269.86
4 -269.872
5 -269.891
6 -269.887
7 -269.879
8 -269.888
9 -269.914
10 -269.91
11 -269.916
12 -269.927
13 -269.939
14 -269.958
15 -269.963
16 -269.975
17 -269.966
18 -269.968
19 -269.959
20 -269.962
21 -269.974
22 -269.979
23 -269.988
24 -269.985
25 -269.989
26 -269.987
27 -269.988
28 -269.985
29 -269.983
30 -269.985
31 -269.995
32 -270.001
33 -270.012
34 -270.016
35 -270.028
36 -270.012
37 -270.022
38 -270.021
39 -269.998
40 -269.999
41 -270.005
42 -270.028
43 -270.031
44 -270.011
45 -270.012
46 -270.015
47 -270.029
48 -270.028
49 -270.03
50 -270.035
51 -270.023
52 -270.024
53 -270.027
54 -270.051
55 -270.043
56 -270.034
57 -270.027
58 -270.028
59 -270.013
60 -270.018
61 -270.032
62 -270.028
63 -270.035
64 -270.029
65 -270.029
66 -270.027
67 -270.046
68 -270.043
69 -270.044
70 -270.055
71 -270.046
72 -270.044
73 -270.06
74 -270.069
75 -270.073
76 -270.067
77 -270.061
78 -270.07
79 -270.085
80 -270.085
81 -270.082
82 -270.075
83 -270.061
84 -270.076
85 -270.078
86 -270.049
87 -270.044
88 -270.019
89 -270.01
90 -270.015
91 -270.003
92 -269.991
93 -269.987
94 -269.991
95 -269.981
96 -269.985
97 -269.989
98 -269.996
99 -269.988
100 -269.967
101 -269.963
102 -269.962
103 -269.963
104 -269.953
105 -269.956
106 -269.964
107 -269.987
108 -269.989
109 -269.985
110 -270.016
111 -270.01
112 -270.007
113 -270.009
114 -270.039
115 -270.046
116 -270.067
117 -270.065
118 -270.069
119 -270.076
120 -270.083
121 -270.079
122 -270.046
123 -270.047
124 -270.042
125 -270.029
126 -270.048
127 -270.052
128 -270.058
129 -270.049
130 -270.046
131 -270.053
132 -270.051
133 -270.056
134 -270.054
135 -270.04
136 -270.021
137 -270.009
138 -270.007
139 -270.016
140 -270.014
141 -270.043
142 -270.038
143 -270.048
144 -270.039
145 -270.051
146 -270.044
147 -270.056
148 -270.048
149 -270.042
150 -270.025
151 -270.029
152 -270.04
153 -270.032
154 -270.034
155 -270.045
156 -270.059
157 -270.062
158 -270.039
159 -270.041
160 -270.053
161 -270.072
162 -270.062
163 -270.069
164 -270.056
165 -270.057
166 -270.059
167 -270.048
168 -270.037
169 -270.053
170 -270.061
171 -270.061
172 -270.08
173 -270.077
174 -270.069
175 -270.059
176 -270.064
177 -270.071
178 -270.066
179 -270.071
180 -270.067
181 -270.069
182 -270.073
183 -270.078
184 -270.06
185 -270.061
186 -270.073
187 -270.08
188 -270.075
189 -270.086
190 -270.072
191 -270.065
192 -270.061
193 -270.061
194 -270.072
195 -270.083
196 -270.09
197 -270.102
198 -270.106
199 -270.099
200 -270.088
201 -270.08
202 -270.07
203 -270.058
204 -270.06
205 -270.072
206 -270.068
207 -270.069
208 -270.07
209 -270.082
210 -270.077
211 -270.082
212 -270.074
213 -270.066
214 -270.07
215 -270.083
216 -270.087
217 -270.077
218 -270.086
219 -270.083
220 -270.094
221 -270.105
222 -270.102
223 -270.084
224 -270.082
225 -270.079
226 -270.061
227 -270.05
228 -270.052
229 -270.077
230 -270.072
231 -270.056
232 -270.057
233 -270.066
234 -270.081
235 -270.087
236 -270.084
237 -270.081
238 -270.076
239 -270.076
240 -270.087
241 -270.084
242 -270.085
243 -270.08
244 -270.089
245 -270.091
246 -270.089
247 -270.084
248 -270.076
249 -270.073
250 -270.078
251 -270.043
252 -270.044
253 -270.03
254 -270.039
255 -270.047
256 -270.045
257 -270.052
258 -270.055
259 -270.044
260 -270.02
261 -270.025
262 -270.011
263 -270.026
264 -270.02
265 -270.024
266 -270.029
267 -270.032
268 -270.023
269 -270.021
270 -270.022
271 -270.03
272 -270.038
273 -270.046
274 -270.061
275 -270.063
276 -270.076
277 -270.071
278 -270.073
279 -270.062
280 -270.062
281 -270.074
282 -270.083
283 -270.081
284 -270.09
285 -270.092
286 -270.09
287 -270.081
288 -270.091
289 -270.085
290 -270.091
291 -270.096
292 -270.095
293 -270.097
294 -270.104
295 -270.112
296 -270.126
297 -270.112
298 -270.1
299 -270.089
300 -270.076
301 -270.078
302 -270.083
303 -270.094
304 -270.09
305 -270.095
306 -270.096
307 -270.087
308 -270.089
309 -270.089
310 -270.085
311 -270.088
312 -270.097
313 -270.09
314 -270.085
315 -270.056
316 -270.056
317 -270.054
318 -270.071
319 -270.065
320 -270.058
321 -270.061
322 -270.06
323 -270.059
324 -270.05
325 -270.059
326 -270.059
327 -270.067
328 -270.071
329 -270.056
330 -270.071
331 -270.08
332 -270.068
333 -270.064
334 -270.063
335 -270.065
336 -270.07
337 -270.07
338 -270.071
339 -270.062
340 -270.071
341 -270.085
342 -270.1
343 -270.106
344 -270.098
345 -270.09
346 -270.095
347 -270.107
348 -270.121
349 -270.119
350 -270.097
351 -270.097
352 -270.099
353 -270.091
354 -270.1
355 -270.083
356 -270.08
357 -270.068
358 -270.068
359 -270.07
360 -270.068
361 -270.066
362 -270.071
363 -270.069
364 -270.074
365 -270.077
366 -270.084
367 -270.084
368 -270.073
369 -270.088
370 -270.08
371 -270.07
372 -270.062
373 -270.062
374 -270.069
375 -270.053
376 -270.048
377 -270.064
378 -270.047
379 -270.025
380 -270.031
381 -270.038
382 -270.027
383 -270.033
384 -270.043
385 -270.045
386 -270.046
387 -270.047
388 -270.045
389 -270.036
390 -270.042
391 -270.04
392 -270.04
393 -270.061
394 -270.056
395 -270.054
396 -270.057
397 -270.083
398 -270.073
399 -270.074
400 -270.07
401 -270.064
402 -270.062
403 -270.064
404 -270.068
405 -270.064
406 -270.071
407 -270.078
408 -270.068
409 -270.045
410 -270.045
411 -270.045
412 -270.044
413 -270.047
414 -270.031
415 -270.028
416 -270.032
417 -270.045
418 -270.038
419 -270.034
420 -270.041
421 -270.04
422 -270.041
423 -270.035
424 -270.054
425 -270.062
426 -270.059
427 -270.061
428 -270.058
429 -270.046
430 -270.024
431 -269.985
432 -270.006
433 -270.013
434 -270.019
435 -270.037
436 -270.022
437 -270.03
438 -270.027
439 -270.024
440 -270.027
441 -270.019
442 -270.007
443 -270.008
444 -270.033
445 -270.03
446 -270.029
447 -270.023
448 -270.02
449 -270.009
450 -270.013
451 -270.022
452 -270.025
453 -270.029
454 -270.03
455 -270.025
456 -270.016
457 -270.036
458 -270.043
459 -270.044
460 -270.038
461 -270.04
462 -270.04
463 -270.035
464 -270.034
465 -270.051
466 -270.045
467 -270.041
468 -270.053
469 -270.041
470 -270.072
471 -270.066
472 -270.064
473 -270.073
474 -270.073
475 -270.072
476 -270.075
477 -270.062
478 -270.055
479 -270.061
480 -270.064
481 -270.068
482 -270.062
483 -270.076
484 -270.07
485 -270.067
486 -270.064
487 -270.045
488 -270.03
489 -270.041
490 -270.048
491 -270.053
492 -270.075
493 -270.069
494 -270.062
495 -270.056
496 -270.025
497 -270.04
498 -270.022
499 -270.026
500 -270.021
501 -270.01
502 -269.997
503 -269.993
504 -270.009
505 -270.019
506 -270.019
507 -270.012
508 -270.015
509 -269.998
510 -270.002
511 -269.999
512 -270.005
513 -270.015
514 -270.011
515 -270.019
516 -270.02
517 -270.019
518 -270.01
519 -270.01
520 -270.001
521 -270.017
522 -270.021
523 -270.027
524 -270.036
525 -270.035
526 -270.046
527 -270.047
528 -270.055
529 -270.056
530 -270.047
531 -270.045
532 -270.048
533 -270.055
534 -270.059
535 -270.055
536 -270.055
537 -270.056
538 -270.049
539 -270.067
540 -270.059
541 -270.056
542 -270.057
543 -270.053
544 -270.051
545 -270.04
546 -270.058
547 -270.074
548 -270.079
549 -270.087
550 -270.075
551 -270.087
552 -270.09
553 -270.088
554 -270.089
555 -270.074
556 -270.071
557 -270.062
558 -270.055
559 -270.072
560 -270.084
561 -270.081
562 -270.088
563 -270.085
564 -270.089
565 -270.094
566 -270.09
567 -270.083
568 -270.077
569 -270.075
570 -270.07
571 -270.052
572 -270.055
573 -270.047
574 -270.05
575 -270.055
576 -270.043
577 -270.062
578 -270.057
579 -270.063
580 -270.061
581 -270.068
582 -270.061
583 -270.054
584 -270.04
585 -270.028
586 -270.045
587 -270.06
588 -270.044
589 -270.06
590 -270.061
591 -270.061
592 -270.059
593 -270.07
594 -270.089
595 -270.074
596 -270.082
597 -270.082
598 -270.094
599 -270.105
600 -270.108
601 -270.105
602 -270.096
603 -270.086
604 -270.086
605 -270.075
606 -270.084
607 -270.092
608 -270.088
609 -270.083
610 -270.084
611 -270.065
612 -270.064
613 -270.06
614 -270.073
615 -270.061
616 -270.052
617 -270.072
618 -270.052
619 -270.05
620 -270.041
621 -270.041
622 -270.047
623 -270.032
624 -270.035
625 -270.04
626 -270.057
627 -270.07
628 -270.067
629 -270.058
630 -270.091
631 -270.081
632 -270.109
633 -270.114
634 -270.109
635 -270.107
636 -270.086
637 -270.088
638 -270.068
639 -270.067
640 -270.058
641 -270.072
642 -270.062
643 -270.042
644 -270.056
645 -270.057
646 -270.083
647 -270.08
648 -270.091
649 -270.095
650 -270.075
651 -270.071
652 -270.068
653 -270.071
654 -270.065
655 -270.063
656 -270.054
657 -270.055
658 -270.042
659 -270.051
660 -270.046
661 -270.057
662 -270.052
663 -270.054
664 -270.071
665 -270.079
666 -270.087
667 -270.075
668 -270.073
669 -270.065
670 -270.053
671 -270.057
672 -270.06
673 -270.064
674 -270.05
675 -270.056
676 -270.044
677 -270.052
678 -270.036
679 -270.037
680 -270.037
681 -270.054
682 -270.026
683 -270.044
684 -270.046
685 -270.063
686 -270.06
687 -270.079
688 -270.072
689 -270.067
690 -270.068
691 -270.086
692 -270.091
693 -270.078
694 -270.087
695 -270.089
696 -270.089
697 -270.088
698 -270.096
699 -270.094
700 -270.091
701 -270.093
702 -270.09
703 -270.083
704 -270.099
705 -270.092
706 -270.106
707 -270.094
708 -270.106
709 -270.096
710 -270.096
711 -270.092
712 -270.083
713 -270.08
714 -270.076
715 -270.079
716 -270.075
717 -270.078
718 -270.068
719 -270.062
720 -270.057
721 -270.049
722 -270.06
723 -270.076
724 -270.076
725 -270.08
726 -270.085
727 -270.084
728 -270.073
729 -270.085
730 -270.094
731 -270.066
732 -270.051
733 -270.064
734 -270.076
735 -270.069
736 -270.069
737 -270.078
738 -270.078
739 -270.079
740 -270.095
741 -270.094
742 -270.102
743 -270.092
744 -270.091
745 -270.084
746 -270.07
747 -270.071
748 -270.081
749 -270.071
750 -270.081
751 -270.069
752 -270.068
753 -270.055
754 -270.049
755 -270.049
756 -270.039
757 -270.034
758 -270.029
759 -270.039
760 -270.023
761 -270.023
762 -270.026
763 -270.026
764 -270.008
765 -270.022
766 -270.021
767 -270.024
768 -270.017
769 -270.009
770 -270.014
771 -270.022
772 -270.021
773 -270.019
774 -270.01
775 -269.997
776 -270.004
777 -270.002
778 -269.998
779 -269.996
780 -270.036
781 -270.046
782 -270.043
783 -270.044
784 -270.041
785 -270.027
786 -270.032
787 -270.05
788 -270.02
789 -270.022
790 -270.029
791 -270.034
792 -270.017
793 -270.028
794 -270.042
795 -270.03
796 -270.029
797 -270.022
798 -270.019
799 -270.018
800 -270.035
801 -270.035
802 -270.036
803 -270.037
804 -270.048
805 -270.062
806 -270.044
807 -270.041
808 -270.05
809 -270.041
810 -270.056
811 -270.054
812 -270.047
813 -270.049
814 -270.058
815 -270.064
816 -270.064
817 -270.045
818 -270.041
819 -270.016
820 -270.021
821 -270.023
822 -270.021
823 -270.021
824 -270.034
825 -270.056
826 -270.075
827 -270.069
828 -270.067
829 -270.053
830 -270.049
831 -270.044
832 -270.048
833 -270.038
834 -270.044
835 -270.063
836 -270.073
837 -270.072
838 -270.054
839 -270.06
840 -270.071
841 -270.075
842 -270.087
843 -270.098
844 -270.104
845 -270.09
846 -270.086
847 -270.1
848 -270.098
849 -270.09
850 -270.1
851 -270.095
852 -270.094
853 -270.082
854 -270.084
855 -270.072
856 -270.08
857 -270.086
858 -270.084
859 -270.074
860 -270.062
861 -270.049
862 -270.054
863 -270.052
864 -270.035
865 -270.039
866 -270.044
867 -270.032
868 -270.039
869 -270.031
870 -270.023
871 -270.015
872 -270.008
873 -269.994
874 -270.001
875 -270.021
876 -270.043
877 -270.048
878 -270.041
879 -270.017
880 -270.018
881 -270.026
882 -270.029
883 -270.032
884 -270.05
885 -270.043
886 -270.038
887 -270.044
888 -270.055
889 -270.063
890 -270.063
891 -270.075
892 -270.07
893 -270.062
894 -270.061
895 -270.049
896 -270.034
897 -270.029
898 -270.038
899 -270.044
900 -270.047
901 -270.049
902 -270.051
903 -270.049
904 -270.06
905 -270.067
906 -270.061
907 -270.052
908 -270.048
909 -270.041
910 -270.033
911 -270.039
912 -270.054
913 -270.053
914 -270.038
915 -270.04
916 -270.032
917 -270.04
918 -270.048
919 -270.057
920 -270.058
921 -270.071
922 -270.078
923 -270.074
924 -270.072
925 -270.09
926 -270.086
927 -270.076
928 -270.079
929 -270.075
930 -270.061
931 -270.071
932 -270.058
933 -270.05
934 -270.049
935 -270.043
936 -270.054
937 -270.045
938 -270.054
939 -270.06
940 -270.071
941 -270.076
942 -270.073
943 -270.08
944 -270.084
945 -270.073
946 -270.079
947 -270.072
948 -270.058
949 -270.06
950 -270.069
951 -270.061
952 -270.059
953 -270.06
954 -270.065
955 -270.054
956 -270.067
957 -270.065
958 -270.062
959 -270.068
960 -270.071
961 -270.074
962 -270.066
963 -270.059
964 -270.079
965 -270.078
966 -270.075
967 -270.086
968 -270.07
969 -270.075
970 -270.076
971 -270.092
972 -270.088
973 -270.083
974 -270.07
975 -270.07
976 -270.062
977 -270.082
978 -270.079
979 -270.078
980 -270.086
981 -270.089
982 -270.071
983 -270.065
984 -270.065
985 -270.076
986 -270.072
987 -270.06
988 -270.059
989 -270.064
990 -270.066
991 -270.069
992 -270.071
993 -270.082
994 -270.08
995 -270.084
996 -270.075
997 -270.075
998 -270.07
999 -270.073
1000 -270.06
1001 -270.058
1002 -270.055
1003 -270.046
1004 -270.05
1005 -270.055
1006 -270.062
1007 -270.066
1008 -270.06
1009 -270.058
1010 -270.067
1011 -270.068
1012 -270.075
1013 -270.083
1014 -270.087
1015 -270.075
1016 -270.076
1017 -270.078
1018 -270.074
1019 -270.073
1020 -270.08
1021 -270.094
1022 -270.085
1023 -270.089
1024 -270.086
1025 -270.091
1026 -270.081
1027 -270.072
1028 -270.075
1029 -270.06
1030 -270.067
1031 -270.07
1032 -270.09
1033 -270.075
1034 -270.072
1035 -270.077
1036 -270.075
1037 -270.072
1038 -270.07
1039 -270.089
1040 -270.09
1041 -270.081
1042 -270.081
1043 -270.073
1044 -270.067
1045 -270.081
1046 -270.087
1047 -270.097
1048 -270.067
1049 -270.062
1050 -270.065
1051 -270.076
1052 -270.076
1053 -270.084
1054 -270.087
1055 -270.085
1056 -270.073
1057 -270.07
1058 -270.07
1059 -270.061
1060 -270.052
1061 -270.047
1062 -270.056
1063 -270.042
1064 -270.039
1065 -270.046
1066 -270.044
1067 -270.028
1068 -270.047
1069 -270.046
1070 -270.065
1071 -270.072
1072 -270.067
1073 -270.077
1074 -270.081
1075 -270.071
1076 -270.053
1077 -270.055
1078 -270.065
1079 -270.056
1080 -270.054
1081 -270.041
1082 -270.045
1083 -270.033
1084 -270.034
1085 -270.029
1086 -270.034
1087 -270.036
1088 -270.032
1089 -270.029
1090 -270.016
1091 -270.015
1092 -270.014
1093 -270.006
1094 -269.995
1095 -270.012
1096 -270.028
1097 -270.011
1098 -270.016
1099 -269.995
1100 -270.01
1101 -270.012
1102 -270
1103 -270.017
1104 -270.026
1105 -270.033
1106 -270.054
1107 -270.044
1108 -270.038
1109 -270.04
1110 -270.03
1111 -270.034
1112 -270.029
1113 -270.023
1114 -270.032
1115 -270.026
1116 -270.031
1117 -270.031
1118 -270.045
1119 -270.04
1120 -270.035
1121 -270.038
1122 -270.022
1123 -270.015
1124 -270.017
1125 -270.027
1126 -270.014
1127 -270.002
1128 -270.012
1129 -270.026
1130 -270.007
1131 -269.997
1132 -270.023
1133 -270.026
1134 -270.052
1135 -270.052
1136 -270.046
1137 -270.03
1138 -270.027
1139 -270.025
1140 -270.035
1141 -270.023
1142 -270.029
1143 -270.03
1144 -270.022
1145 -270.021
1146 -270.024
1147 -270.024
1148 -270.037
1149 -270.034
1150 -270.035
1151 -270.048
1152 -270.055
1153 -270.072
1154 -270.07
1155 -270.07
1156 -270.066
1157 -270.063
1158 -270.071
1159 -270.065
1160 -270.071
1161 -270.067
1162 -270.059
1163 -270.067
1164 -270.051
1165 -270.055
1166 -270.052
1167 -270.068
1168 -270.065
1169 -270.071
1170 -270.064
1171 -270.067
1172 -270.075
1173 -270.073
1174 -270.039
1175 -270.05
1176 -270.063
1177 -270.057
1178 -270.059
1179 -270.073
1180 -270.062
1181 -270.064
1182 -270.048
1183 -270.041
1184 -270.051
1185 -270.035
1186 -270.036
1187 -270.051
1188 -270.049
1189 -270.053
1190 -270.055
1191 -270.064
1192 -270.052
1193 -270.073
1194 -270.076
1195 -270.078
1196 -270.073
1197 -270.065
1198 -270.068
1199 -270.064
1200 -270.058
1201 -270.05
1202 -270.036
1203 -270.024
1204 -270.023
1205 -270.015
1206 -270.021
1207 -270.033
1208 -270.023
1209 -270.048
1210 -270.057
1211 -270.051
1212 -270.053
1213 -270.053
1214 -270.07
1215 -270.049
1216 -270.051
1217 -270.054
1218 -270.057
1219 -270.043
1220 -270.032
1221 -270.03
1222 -270.045
1223 -270.04
1224 -270.045
1225 -270.046
1226 -270.043
1227 -270.041
1228 -270.042
1229 -270.066
1230 -270.072
1231 -270.062
1232 -270.077
1233 -270.075
1234 -270.067
1235 -270.06
1236 -270.059
1237 -270.075
1238 -270.059
1239 -270.05
1240 -270.047
1241 -270.04
1242 -270.053
1243 -270.045
1244 -270.052
1245 -270.041
1246 -270.045
1247 -270.047
1248 -270.05
1249 -270.051
1250 -270.048
1251 -270.052
1252 -270.036
1253 -270.044
1254 -270.056
1255 -270.059
1256 -270.039
1257 -270.029
1258 -270.04
1259 -270.041
1260 -270.025
1261 -270.024
1262 -270.008
1263 -270.011
1264 -270.006
1265 -270.011
1266 -270.005
1267 -270.024
1268 -270.005
1269 -269.999
1270 -270.014
1271 -270.014
1272 -270.034
1273 -270.024
1274 -270.016
1275 -270.025
1276 -270.037
1277 -270.04
1278 -270.047
1279 -270.041
1280 -270.021
1281 -270.037
1282 -270.056
1283 -270.045
1284 -270.045
1285 -270.046
1286 -270.035
1287 -270.046
1288 -270.052
1289 -270.065
1290 -270.063
1291 -270.058
1292 -270.06
1293 -270.062
1294 -270.046
1295 -270.053
1296 -270.042
1297 -270.059
1298 -270.063
1299 -270.064
1300 -270.074
1301 -270.079
1302 -270.071
1303 -270.074
1304 -270.066
1305 -270.071
1306 -270.074
1307 -270.077
1308 -270.066
1309 -270.062
1310 -270.073
1311 -270.077
1312 -270.079
1313 -270.067
1314 -270.071
1315 -270.053
1316 -270.06
1317 -270.051
1318 -270.05
1319 -270.035
1320 -270.034
1321 -270.025
1322 -270.033
1323 -270.04
1324 -270.038
1325 -270.06
1326 -270.04
1327 -270.052
1328 -270.051
1329 -270.038
1330 -270.018
1331 -270.002
1332 -270.002
1333 -270.017
1334 -270.027
1335 -270.021
1336 -270.022
1337 -270.044
1338 -270.035
1339 -270.026
1340 -270.017
1341 -270.031
1342 -270.04
1343 -270.031
1344 -270.026
1345 -270.018
1346 -270.012
1347 -270.008
1348 -270.018
1349 -270.018
1350 -270.029
1351 -270.038
1352 -270.041
1353 -270.036
1354 -270.026
1355 -270.016
1356 -270.036
1357 -270.019
1358 -270.029
1359 -270.027
1360 -269.998
1361 -270.003
1362 -269.998
1363 -270.013
1364 -270.015
1365 -270.015
1366 -270.025
1367 -270.025
1368 -270.008
1369 -270.001
1370 -269.987
1371 -269.998
1372 -269.999
1373 -269.994
1374 -270.004
1375 -270.015
1376 -270.023
1377 -270.021
1378 -270.017
1379 -270.02
1380 -270.014
1381 -270.023
1382 -269.996
1383 -270.025
1384 -270.033
1385 -270.031
1386 -270.04
1387 -270.065
1388 -270.044
1389 -270.04
1390 -270.066
1391 -270.067
1392 -270.065
1393 -270.074
1394 -270.092
1395 -270.083
1396 -270.062
1397 -270.073
1398 -270.078
1399 -270.073
1400 -270.068
1401 -270.065
1402 -270.065
1403 -270.057
1404 -270.053
1405 -270.04
1406 -270.04
1407 -270.017
1408 -270.008
1409 -270.027
1410 -270.037
1411 -270.038
1412 -270.016
1413 -270.027
1414 -270.038
1415 -270.045
1416 -270.069
1417 -270.041
1418 -270.044
1419 -270.046
1420 -270.043
1421 -270.033
1422 -270.014
1423 -270.023
1424 -270.03
1425 -270.035
1426 -270.03
1427 -270.024
1428 -270.022
1429 -270.042
1430 -270.038
1431 -270.055
1432 -270.063
1433 -270.065
1434 -270.06
1435 -270.048
1436 -270.057
1437 -270.055
1438 -270.054
1439 -270.054
1440 -270.055
1441 -270.055
1442 -270.059
1443 -270.056
1444 -270.058
1445 -270.044
1446 -270.038
1447 -270.047
1448 -270.053
1449 -270.056
1450 -270.067
1451 -270.075
1452 -270.075
1453 -270.071
1454 -270.06
1455 -270.075
1456 -270.085
1457 -270.088
1458 -270.086
1459 -270.073
1460 -270.092
1461 -270.086
1462 -270.079
1463 -270.082
1464 -270.075
1465 -270.075
1466 -270.093
1467 -270.09
1468 -270.074
1469 -270.073
1470 -270.076
1471 -270.056
1472 -270.05
1473 -270.026
1474 -270.023
1475 -270.039
1476 -270.045
1477 -270.054
1478 -270.067
1479 -270.069
1480 -270.063
1481 -270.065
1482 -270.056
1483 -270.043
1484 -270.051
1485 -270.057
1486 -270.06
1487 -270.056
1488 -270.06
1489 -270.066
1490 -270.062
1491 -270.072
1492 -270.064
1493 -270.057
1494 -270.072
1495 -270.079
1496 -270.068
1497 -270.061
1498 -270.074
1499 -270.069
1500 -270.076
1501 -270.061
1502 -270.063
1503 -270.05
1504 -270.045
1505 -270.041
1506 -270.048
1507 -270.054
1508 -270.037
1509 -270.045
1510 -270.044
1511 -270.047
1512 -270.039
1513 -270.036
1514 -270.044
1515 -270.038
1516 -270.047
1517 -270.034
1518 -270.062
1519 -270.05
1520 -270.063
1521 -270.06
1522 -270.082
1523 -270.081
1524 -270.086
1525 -270.096
1526 -270.092
1527 -270.079
1528 -270.061
1529 -270.077
1530 -270.077
1531 -270.078
1532 -270.089
1533 -270.083
1534 -270.07
1535 -270.073
1536 -270.062
1537 -270.072
1538 -270.069
1539 -270.083
1540 -270.076
1541 -270.069
1542 -270.073
1543 -270.089
1544 -270.086
1545 -270.1
1546 -270.088
1547 -270.081
1548 -270.07
1549 -270.07
1550 -270.075
1551 -270.073
1552 -270.068
1553 -270.056
1554 -270.054
1555 -270.048
1556 -270.054
1557 -270.048
1558 -270.066
1559 -270.063
1560 -270.065
1561 -270.055
1562 -270.052
1563 -270.068
1564 -270.078
1565 -270.065
1566 -270.073
1567 -270.067
1568 -270.061
1569 -270.057
1570 -270.063
1571 -270.073
1572 -270.062
1573 -270.054
1574 -270.057
1575 -270.056
1576 -270.073
1577 -270.068
1578 -270.063
1579 -270.045
1580 -270.054
1581 -270.072
1582 -270.076
1583 -270.077
1584 -270.075
1585 -270.078
1586 -270.068
1587 -270.071
1588 -270.088
1589 -270.078
1590 -270.092
1591 -270.09
1592 -270.093
1593 -270.082
1594 -270.079
1595 -270.077
1596 -270.071
1597 -270.06
1598 -270.07
1599 -270.062
1600 -270.068
1601 -270.061
1602 -270.078
1603 -270.074
1604 -270.077
1605 -270.09
1606 -270.081
1607 -270.082
1608 -270.084
1609 -270.09
1610 -270.097
1611 -270.084
1612 -270.089
1613 -270.084
1614 -270.092
1615 -270.081
1616 -270.078
1617 -270.055
1618 -270.031
1619 -270.023
1620 -270.045
1621 -270.026
1622 -270.053
1623 -270.056
1624 -270.062
1625 -270.067
1626 -270.073
1627 -270.061
1628 -270.075
1629 -270.073
1630 -270.075
1631 -270.076
1632 -270.079
1633 -270.063
1634 -270.06
1635 -270.064
1636 -270.05
1637 -270.048
1638 -270.046
1639 -270.042
1640 -270.026
1641 -270.015
1642 -270.021
1643 -270.012
1644 -270.036
1645 -270.023
1646 -270.027
1647 -270.022
1648 -270.041
1649 -270.053
1650 -270.056
1651 -270.063
1652 -270.079
1653 -270.074
1654 -270.069
1655 -270.063
1656 -270.067
1657 -270.05
1658 -270.051
1659 -270.053
1660 -270.051
1661 -270.037
1662 -270.049
1663 -270.056
1664 -270.051
1665 -270.071
1666 -270.066
1667 -270.082
1668 -270.083
1669 -270.077
1670 -270.076
1671 -270.073
1672 -270.067
1673 -270.062
1674 -270.059
1675 -270.031
1676 -270.023
1677 -270
1678 -270.017
1679 -270.038
1680 -270.049
1681 -269.869
1682 -269.878
1683 -269.929
1684 -269.923
1685 -269.943
1686 -269.948
1687 -269.958
1688 -269.948
1689 -269.952
1690 -269.957
1691 -269.958
1692 -269.972
1693 -269.975
1694 -269.995
1695 -270.031
1696 -270.045
1697 -270.036
1698 -270.04
1699 -270.025
1700 -270.048
1701 -270.042
1702 -270.035
1703 -270.028
1704 -270.042
1705 -270.033
1706 -270.038
1707 -270.016
1708 -270.033
1709 -270.051
1710 -270.047
1711 -270.036
1712 -270.037
1713 -270.04
1714 -270.028
1715 -270.028
1716 -270.022
1717 -270.021
1718 -270.021
1719 -270.013
1720 -270.015
1721 -270.014
1722 -270.018
1723 -270.023
1724 -269.929
1725 -269.928
1726 -269.943
1727 -269.952
1728 -269.957
1729 -269.954
1730 -269.953
1731 -269.948
1732 -269.948
1733 -269.964
1734 -269.962
1735 -269.973
1736 -269.983
1737 -270.011
1738 -270.012
1739 -270.016
1740 -270.019
1741 -270.025
1742 -270.013
1743 -270.013
1744 -270.03
1745 -270.033
1746 -270.061
1747 -270.073
1748 -270.063
1749 -270.061
1750 -270.048
1751 -270.044
1752 -270.051
1753 -270.056
1754 -270.05
1755 -270.043
1756 -270.052
1757 -270.05
1758 -270.043
1759 -270.053
1760 -270.052
1761 -270.058
1762 -270.063
1763 -270.06
1764 -270.053
1765 -270.05
1766 -270.051
1767 -270.036
1768 -270.062
1769 -270.069
1770 -270.063
1771 -270.069
1772 -270.077
1773 -270.077
1774 -270.078
1775 -270.076
1776 -270.092
1777 -270.105
1778 -270.101
1779 -270.088
1780 -270.093
1781 -270.098
1782 -270.097
1783 -270.094
1784 -270.081
1785 -270.078
1786 -270.075
1787 -270.076
1788 -270.07
1789 -270.071
1790 -270.087
1791 -270.084
1792 -270.077
1793 -270.085
1794 -270.075
1795 -270.076
1796 -270.066
1797 -270.057
1798 -270.062
1799 -270.056
1800 -270.048
1801 -270.059
1802 -270.067
1803 -270.083
1804 -270.06
1805 -270.053
1806 -270.047
1807 -270.061
1808 -270.056
1809 -270.074
1810 -270.096
1811 -270.086
1812 -270.08
1813 -270.067
1814 -270.062
1815 -270.069
1816 -270.071
1817 -270.073
1818 -270.074
1819 -270.074
1820 -270.081
1821 -270.081
1822 -270.078
1823 -270.078
1824 -270.071
1825 -270.068
1826 -270.072
1827 -270.083
1828 -270.082
1829 -270.055
1830 -270.056
1831 -270.053
1832 -270.043
1833 -270.046
1834 -270.04
1835 -270.02
1836 -270.013
1837 -270.005
1838 -270.006
1839 -269.993
1840 -269.985
1841 -269.987
1842 -270.001
1843 -269.996
1844 -269.989
1845 -269.978
1846 -269.989
1847 -269.994
1848 -270.003
1849 -270.009
1850 -269.995
1851 -270.019
1852 -270.016
1853 -270.028
1854 -270.019
1855 -270.027
1856 -270.037
1857 -270.055
1858 -270.061
1859 -270.054
1860 -270.041
1861 -270.052
1862 -270.054
1863 -270.059
1864 -270.059
1865 -270.055
1866 -270.06
1867 -270.056
1868 -270.054
1869 -270.061
1870 -270.07
1871 -270.078
1872 -270.062
1873 -270.057
1874 -270.055
1875 -270.063
1876 -270.04
1877 -270.041
1878 -270.04
1879 -270.013
1880 -270.015
1881 -270.021
1882 -270.028
1883 -270.021
1884 -270.021
1885 -270.032
1886 -270.011
1887 -270.019
1888 -270.017
1889 -270.014
1890 -270.012
1891 -270.02
1892 -270.022
1893 -270.023
1894 -270.033
1895 -270.048
1896 -270.043
1897 -270.04
1898 -270.043
1899 -270.033
1900 -270.04
1901 -270.055
1902 -270.061
1903 -270.054
1904 -270.036
1905 -270.035
1906 -270.023
1907 -270.037
1908 -270.047
1909 -270.049
1910 -270.05
1911 -270.046
1912 -270.053
1913 -270.051
1914 -270.051
1915 -270.052
1916 -270.055
1917 -270.042
1918 -270.044
1919 -270.052
1920 -270.054
1921 -270.048
1922 -270.054
1923 -270.052
1924 -270.064
1925 -270.05
1926 -270.046
1927 -270.053
1928 -270.039
1929 -270.044
1930 -270.044
1931 -270.059
1932 -270.078
1933 -270.073
1934 -270.072
1935 -270.062
1936 -270.075
1937 -270.092
1938 -270.095
1939 -270.096
1940 -270.084
1941 -270.087
1942 -270.074
1943 -270.064
1944 -270.073
1945 -270.082
1946 -270.082
1947 -270.078
1948 -270.07
1949 -270.088
1950 -270.092
1951 -270.078
1952 -270.079
1953 -270.056
1954 -270.037
1955 -270.058
1956 -270.055
1957 -270.059
1958 -270.059
1959 -270.058
1960 -270.045
1961 -270.037
1962 -270.031
1963 -270.045
1964 -270.047
1965 -270.063
1966 -270.068
1967 -270.083
1968 -270.083
1969 -270.071
1970 -270.085
1971 -270.087
1972 -270.073
1973 -270.058
1974 -270.04
1975 -270.033
1976 -270.028
1977 -270.03
1978 -270.052
1979 -270.055
1980 -270.05
1981 -270.035
1982 -270.031
1983 -270.03
1984 -270.035
1985 -270.041
1986 -270.038
1987 -270.053
1988 -270.047
1989 -270.045
1990 -270.042
1991 -270.046
1992 -270.052
1993 -270.055
1994 -270.052
1995 -270.055
1996 -270.052
1997 -270.061
1998 -270.063
1999 -270.058
2000 -270.074
2001 -270.069
2002 -270.064
2003 -270.071
2004 -270.077
2005 -270.089
2006 -270.08
2007 -270.073
2008 -270.064
2009 -270.06
2010 -270.063
2011 -270.065
2012 -270.063
2013 -270.054
2014 -270.051
2015 -270.047
2016 -270.054
2017 -270.045
2018 -270.044
2019 -270.057
2020 -270.059
2021 -270.044
2022 -270.038
2023 -270.058
2024 -270.069
2025 -270.056
2026 -270.055
2027 -270.032
2028 -270.023
2029 -270.038
2030 -270.034
2031 -270.032
2032 -270.014
2033 -270.026
2034 -270.025
2035 -270.029
2036 -270.042
2037 -270.055
2038 -270.061
2039 -270.061
2040 -270.052
2041 -270.062
2042 -270.08
2043 -270.078
2044 -270.079
2045 -270.092
2046 -270.063
2047 -270.053
2048 -270.037
2049 -270.037
2050 -270.053
2051 -270.057
2052 -270.046
2053 -270.041
2054 -270.03
2055 -270.034
2056 -270.016
2057 -270.017
2058 -270.014
2059 -269.996
2060 -269.985
2061 -269.991
2062 -269.973
2063 -269.967
2064 -269.973
2065 -269.972
2066 -269.983
2067 -269.982
2068 -270.008
2069 -270.013
2070 -270.01
2071 -269.998
2072 -269.993
2073 -269.988
2074 -269.984
2075 -269.986
2076 -269.984
2077 -269.994
2078 -270.003
2079 -270.011
2080 -270.011
2081 -270.021
2082 -270.023
2083 -270.021
2084 -270.024
2085 -270.034
2086 -270.027
2087 -270.023
2088 -270.017
2089 -270.021
2090 -270.019
2091 -270.031
2092 -270.004
2093 -270.01
2094 -270.026
2095 -270.029
2096 -270.025
2097 -270.027
2098 -270.042
2099 -270.037
2100 -270.038
2101 -270.049
2102 -270.038
2103 -270.054
2104 -270.047
2105 -270.054
2106 -270.054
2107 -270.052
2108 -270.045
2109 -270.048
2110 -270.061
2111 -270.072
2112 -270.037
2113 -270.036
2114 -270.019
2115 -270.017
2116 -270.02
2117 -270.037
2118 -270.046
2119 -270.036
2120 -270.034
2121 -270.045
2122 -270.05
2123 -270.042
2124 -270.063
2125 -270.074
2126 -270.075
2127 -270.077
2128 -270.064
2129 -270.068
2130 -270.056
2131 -270.055
2132 -270.066
2133 -270.076
2134 -270.083
2135 -270.09
2136 -270.07
2137 -270.067
2138 -270.058
2139 -270.067
2140 -270.077
2141 -270.077
2142 -270.06
2143 -270.07
2144 -270.059
2145 -270.067
2146 -270.061
2147 -270.05
2148 -270.033
2149 -270.041
2150 -270.041
2151 -270.053
2152 -270.05
2153 -270.05
2154 -270.048
2155 -270.046
2156 -270.044
2157 -270.029
2158 -270.035
2159 -270.029
2160 -270.021
2161 -270.025
2162 -270.066
2163 -270.07
2164 -270.073
2165 -270.09
2166 -270.074
2167 -270.061
2168 -270.065
2169 -270.052
2170 -270.065
2171 -270.079
2172 -270.072
2173 -270.051
2174 -270.048
2175 -270.046
2176 -270.051
2177 -270.049
2178 -270.051
2179 -270.059
2180 -270.032
2181 -270.037
2182 -270.042
2183 -270.045
2184 -270.05
2185 -270.042
2186 -270.051
2187 -270.062
2188 -270.059
2189 -270.057
2190 -270.039
2191 -270.046
2192 -270.053
2193 -270.057
2194 -270.053
2195 -270.059
2196 -270.066
2197 -270.068
2198 -270.062
2199 -270.053
2200 -270.043
2201 -270.049
2202 -270.051
2203 -270.071
2204 -270.079
2205 -270.076
2206 -270.073
2207 -270.076
2208 -270.066
2209 -270.057
2210 -270.05
2211 -270.039
2212 -270.031
2213 -270.033
2214 -270.027
2215 -270.02
2216 -270.039
2217 -270.035
2218 -270.025
2219 -270.016
2220 -270.01
2221 -270.014
2222 -270.017
2223 -270.014
2224 -270.026
2225 -270.029
2226 -270.028
2227 -270.016
2228 -270.024
2229 -270.024
2230 -270.027
2231 -270.029
2232 -270.043
2233 -270.042
2234 -270.045
2235 -270.043
2236 -270.022
2237 -270.013
2238 -270.023
2239 -270.026
2240 -270.023
2241 -270.023
2242 -270.029
2243 -270.031
2244 -270.024
2245 -270.035
2246 -270.039
2247 -270.017
2248 -270.014
2249 -270.021
2250 -270.027
2251 -270.038
2252 -270.049
2253 -270.047
2254 -270.03
2255 -270.035
2256 -270.035
2257 -270.037
2258 -270.037
2259 -270.042
2260 -270.057
2261 -270.071
2262 -270.064
2263 -270.05
2264 -270.047
2265 -270.058
2266 -270.069
2267 -270.057
2268 -270.053
2269 -270.058
2270 -270.058
2271 -270.05
2272 -270.043
2273 -270.058
2274 -270.052
2275 -270.04
2276 -270.04
2277 -270.045
2278 -270.041
2279 -270.035
2280 -270.032
2281 -270.031
2282 -270.04
2283 -270.033
2284 -270.039
2285 -270.049
2286 -270.057
2287 -270.064
2288 -270.067
2289 -270.07
2290 -270.071
2291 -270.073
2292 -270.066
2293 -270.061
2294 -270.067
2295 -270.042
2296 -270.058
2297 -270.055
2298 -270.059
2299 -270.058
2300 -270.054
2301 -270.058
2302 -270.047
2303 -270.059
2304 -270.062
2305 -270.064
2306 -270.059
2307 -270.053
2308 -270.061
2309 -270.055
2310 -270.059
2311 -270.058
2312 -270.063
2313 -270.064
2314 -270.062
2315 -270.07
2316 -270.069
2317 -270.081
2318 -270.072
2319 -270.063
2320 -270.063
2321 -270.057
2322 -270.024
2323 -270.031
2324 -270.013
2325 -270.013
2326 -270.029
2327 -270.026
2328 -270.044
2329 -270.051
2330 -270.053
2331 -270.072
2332 -270.061
2333 -270.071
2334 -270.073
2335 -270.062
2336 -270.066
2337 -270.06
2338 -270.053
2339 -270.048
2340 -270.058
2341 -270.057
2342 -270.063
2343 -270.07
2344 -270.069
2345 -270.049
2346 -270.048
2347 -270.043
2348 -270.046
2349 -270.034
2350 -270.033
2351 -270.036
2352 -270.044
2353 -270.051
2354 -270.061
2355 -270.071
2356 -270.07
2357 -270.057
2358 -270.05
2359 -270.059
2360 -270.057
2361 -270.058
2362 -270.049
2363 -270.037
2364 -270.041
2365 -270.069
2366 -270.064
2367 -270.064
2368 -270.069
2369 -270.062
2370 -270.054
2371 -270.044
2372 -270.044
2373 -270.051
2374 -270.04
2375 -270.031
2376 -270.027
2377 -270.027
2378 -270.058
2379 -270.056
2380 -270.06
2381 -270.063
2382 -270.057
2383 -270.059
2384 -270.051
2385 -270.049
2386 -270.048
2387 -270.037
2388 -270.03
2389 -270.033
2390 -270.031
2391 -270.025
2392 -270.031
2393 -270.031
2394 -270.03
2395 -270.043
2396 -270.044
2397 -270.053
2398 -270.056
2399 -270.053
2400 -270.047
2401 -270.052
2402 -270.053
2403 -270.063
2404 -270.055
2405 -270.064
2406 -270.055
2407 -270.043
2408 -270.035
2409 -270.047
2410 -270.045
2411 -270.045
2412 -270.04
2413 -270.048
2414 -270.036
2415 -270.033
2416 -270.034
2417 -270.033
2418 -270.046
2419 -270.049
2420 -270.048
2421 -270.064
2422 -270.081
2423 -270.085
2424 -270.086
2425 -270.079
2426 -270.07
2427 -270.078
2428 -270.093
2429 -270.091
2430 -270.089
2431 -270.075
2432 -270.068
2433 -270.063
2434 -270.057
2435 -270.063
2436 -270.063
2437 -270.065
2438 -270.066
2439 -270.071
2440 -270.079
2441 -270.078
2442 -270.079
2443 -270.072
2444 -270.07
2445 -270.066
2446 -270.053
2447 -270.048
2448 -270.037
2449 -270.033
2450 -270.053
2451 -270.062
2452 -270.062
2453 -270.051
2454 -270.051
2455 -270.048
2456 -270.054
2457 -270.05
2458 -270.042
2459 -270.053
2460 -270.055
2461 -270.057
2462 -270.073
2463 -270.075
2464 -270.079
2465 -270.073
2466 -270.093
2467 -270.111
2468 -270.096
2469 -270.095
2470 -270.096
2471 -270.096
2472 -270.099
2473 -270.102
2474 -270.076
2475 -270.076
2476 -270.077
2477 -270.083
2478 -270.089
2479 -270.102
2480 -270.108
2481 -270.115
2482 -270.109
2483 -270.118
2484 -270.122
2485 -270.116
2486 -270.117
2487 -270.1
2488 -270.102
2489 -270.118
2490 -270.121
2491 -270.12
2492 -270.106
2493 -270.117
2494 -270.114
2495 -270.117
2496 -270.104
2497 -270.084
2498 -270.083
2499 -270.079
2500 -270.083
2501 -270.086
2502 -270.081
2503 -270.091
2504 -270.099
2505 -270.114
2506 -270.125
2507 -270.105
2508 -270.093
2509 -270.101
2510 -270.097
2511 -270.095
2512 -270.088
2513 -270.079
2514 -270.079
2515 -270.071
2516 -270.076
2517 -270.067
2518 -270.074
2519 -270.07
2520 -270.052
2521 -270.042
2522 -270.036
2523 -270.037
2524 -270.03
2525 -270.009
2526 -270.026
2527 -270.026
2528 -270.029
2529 -270.036
2530 -270.042
2531 -270.039
2532 -270.05
2533 -270.051
2534 -270.034
2535 -270.024
2536 -270.019
2537 -270.019
2538 -270.027
2539 -270.045
2540 -270.025
2541 -270.038
2542 -270.05
2543 -270.056
2544 -270.069
2545 -270.09
2546 -270.087
2547 -270.096
2548 -270.091
2549 -270.094
2550 -270.103
2551 -270.096
2552 -270.078
2553 -270.085
2554 -270.084
2555 -270.082
2556 -270.077
2557 -270.079
2558 -270.068
2559 -270.084
2560 -270.086
2561 -270.076
2562 -270.066
2563 -270.057
2564 -270.05
2565 -270.053
2566 -270.032
2567 -270.057
2568 -270.06
2569 -270.065
2570 -270.055
2571 -270.039
2572 -270.047
2573 -270.045
2574 -270.049
2575 -270.061
2576 -270.036
2577 -270.044
2578 -270.041
2579 -270.036
2580 -270.045
2581 -270.053
2582 -270.05
2583 -270.048
2584 -270.052
2585 -270.048
2586 -270.041
2587 -270.052
2588 -270.053
2589 -270.048
2590 -270.032
2591 -270.037
2592 -270.029
2593 -270.031
2594 -270.023
2595 -270.025
2596 -270.035
2597 -270.04
2598 -270.038
2599 -270.034
2600 -270.037
2601 -270.045
2602 -270.049
2603 -270.044
2604 -270.046
2605 -270.038
2606 -270.031
2607 -270.008
2608 -270.025
2609 -270.027
2610 -270.011
2611 -270.029
2612 -270.028
2613 -270.039
2614 -270.01
2615 -270.029
2616 -270.019
2617 -270.02
2618 -270.03
2619 -270.038
2620 -270.034
2621 -270.034
2622 -270.028
2623 -270.023
2624 -270.029
2625 -270.028
2626 -270.03
2627 -270.041
2628 -270.044
2629 -270.055
2630 -270.05
2631 -270.058
2632 -270.059
2633 -270.061
2634 -270.064
2635 -270.075
2636 -270.067
2637 -270.048
2638 -270.051
2639 -270.047
2640 -270.054
2641 -270.068
2642 -270.077
2643 -270.071
2644 -270.083
2645 -270.087
2646 -270.084
2647 -270.093
2648 -270.09
2649 -270.075
2650 -270.066
2651 -270.068
2652 -270.056
2653 -270.071
2654 -270.065
2655 -270.059
2656 -270.072
2657 -270.084
2658 -270.084
2659 -270.086
2660 -270.094
2661 -270.086
2662 -270.096
2663 -270.097
2664 -270.101
2665 -270.095
2666 -270.079
2667 -270.065
2668 -270.061
2669 -270.067
2670 -270.078
2671 -270.088
2672 -270.082
2673 -270.078
2674 -270.081
2675 -270.1
2676 -270.089
2677 -270.106
2678 -270.101
2679 -270.088
2680 -270.103
2681 -270.103
2682 -270.086
2683 -270.084
2684 -270.084
2685 -270.075
2686 -270.074
2687 -270.068
2688 -270.066
2689 -270.078
2690 -270.08
2691 -270.067
2692 -270.065
2693 -270.072
2694 -269.991
2695 -269.993
2696 -269.987
2697 -269.989
2698 -269.986
2699 -269.969
2700 -269.981
2701 -269.977
2702 -269.995
2703 -270.02
2704 -270.028
2705 -270.02
2706 -269.991
2707 -269.998
2708 -270.003
2709 -270.009
2710 -270.023
2711 -270.033
2712 -270.044
2713 -270.036
2714 -270.019
2715 -270.025
2716 -270.026
2717 -270.043
2718 -270.062
2719 -270.074
2720 -270.061
2721 -270.052
2722 -270.066
2723 -270.068
2724 -270.08
2725 -270.084
2726 -270.087
2727 -270.08
2728 -270.089
2729 -270.053
2730 -270.054
2731 -270.03
2732 -270.031
2733 -270.029
2734 -270.031
2735 -270.035
2736 -270.032
2737 -270.036
2738 -270.042
2739 -270.039
2740 -270.061
2741 -270.058
2742 -270.058
2743 -270.057
2744 -270.067
2745 -270.063
2746 -270.08
2747 -270.068
2748 -270.052
2749 -270.046
2750 -270.046
2751 -270.046
2752 -270.047
2753 -270.063
2754 -270.05
2755 -270.035
2756 -270.036
2757 -270.038
2758 -270.036
2759 -270.043
2760 -270.037
2761 -270.042
2762 -270.042
2763 -270.034
2764 -270.023
2765 -270.009
2766 -270.005
2767 -270.007
2768 -270.023
2769 -270.022
2770 -270.043
2771 -270.051
2772 -270.058
2773 -270.064
2774 -270.031
2775 -270.032
2776 -270.053
2777 -270.039
2778 -270.054
2779 -270.047
2780 -270.053
2781 -270.055
2782 -270.058
2783 -270.061
2784 -270.049
2785 -270.055
2786 -270.068
2787 -270.076
2788 -270.07
2789 -270.073
2790 -270.068
2791 -270.066
2792 -270.073
2793 -270.075
2794 -270.085
2795 -270.08
2796 -270.082
2797 -270.074
2798 -270.061
2799 -270.06
2800 -270.055
2801 -270.054
2802 -270.045
2803 -270.039
2804 -270.025
2805 -270.036
2806 -270.012
2807 -270.025
2808 -270.026
2809 -270.034
2810 -270.029
2811 -270.034
2812 -270.022
2813 -270.036
2814 -270.039
2815 -270.045
2816 -270.057
2817 -270.057
2818 -270.061
2819 -270.062
2820 -270.073
2821 -270.079
2822 -270.069
2823 -270.088
2824 -270.09
2825 -270.081
2826 -270.076
2827 -270.081
2828 -270.08
2829 -270.09
2830 -270.068
2831 -270.06
2832 -270.066
2833 -270.074
2834 -270.055
2835 -270.053
2836 -270.062
2837 -270.066
2838 -270.043
2839 -270.043
2840 -270.005
2841 -270.014
2842 -270.013
2843 -269.995
2844 -270.005
2845 -270.011
2846 -270.011
2847 -269.989
2848 -270.006
2849 -270.034
2850 -270.031
2851 -270.025
2852 -270.023
2853 -270.02
2854 -270.029
2855 -270.023
2856 -270.027
2857 -270.022
2858 -270.042
2859 -270.035
2860 -270.03
2861 -270.039
2862 -270.029
2863 -270.035
2864 -270.028
2865 -270.043
2866 -270.038
2867 -270.045
2868 -270.043
2869 -270.017
2870 -270.031
2871 -270.041
2872 -270.034
2873 -270.051
2874 -270.044
2875 -270.055
2876 -270.052
2877 -270.069
2878 -270.068
2879 -270.077
2880 -270.067
2881 -270.085
2882 -270.066
2883 -270.071
2884 -270.077
2885 -270.085
2886 -270.09
2887 -270.087
2888 -270.092
2889 -270.096
2890 -270.085
2891 -270.086
2892 -270.076
2893 -270.077
2894 -270.083
2895 -270.067
2896 -270.068
2897 -270.062
2898 -270.064
2899 -270.066
2900 -270.059
2901 -270.055
2902 -270.057
2903 -270.056
2904 -270.055
2905 -270.068
2906 -270.085
2907 -270.056
2908 -270.061
2909 -270.08
2910 -270.084
2911 -270.08
2912 -270.078
2913 -270.074
2914 -270.065
2915 -270.068
2916 -270.072
2917 -270.074
2918 -270.082
2919 -270.067
2920 -270.081
2921 -270.077
2922 -270.086
2923 -270.086
2924 -270.09
2925 -270.085
2926 -270.085
2927 -270.085
2928 -270.076
2929 -270.083
2930 -270.088
2931 -270.066
2932 -270.065
2933 -270.052
2934 -270.051
2935 -270.043
2936 -270.033
2937 -270.045
2938 -270.034
2939 -270.038
2940 -270.034
2941 -270.043
2942 -270.021
2943 -270.021
2944 -270.017
2945 -270.013
2946 -270.012
2947 -270.019
2948 -270.009
2949 -270.014
2950 -270.022
2951 -270.023
2952 -270.019
2953 -270.016
2954 -270.008
2955 -270.026
2956 -270.014
2957 -270.023
2958 -270.023
2959 -270.037
2960 -270.054
2961 -270.049
2962 -270.051
2963 -270.054
2964 -270.046
2965 -270.045
2966 -270.029
2967 -270.044
2968 -270.038
2969 -270.036
2970 -270.028
2971 -270.024
2972 -270.027
2973 -270.046
2974 -270.044
2975 -270.03
2976 -270.025
2977 -270.038
2978 -270.069
2979 -270.075
2980 -270.075
2981 -270.068
2982 -270.06
2983 -270.057
2984 -270.052
2985 -270.059
2986 -270.056
2987 -270.062
2988 -270.068
2989 -270.068
2990 -270.062
2991 -270.072
2992 -270.07
2993 -270.072
2994 -270.062
2995 -270.054
2996 -270.06
2997 -270.051
2998 -270.042
2999 -270.028
3000 -270.035
