1 -270.172
2 -270.18
3 -270.186
4 -270.19
5 -270.191
6 -270.191
7 -270.193
8 -270.191
9 -270.192
10 -270.196
11 -270.195
12 -270.198
13 -270.197
14 -270.198
15 -270.197
16 -270.198
17 -270.2
18 -270.2
19 -270.201
20 -270.205
21 -270.206
22 -270.206
23 -270.209
24 -270.21
25 -270.215
26 -270.213
27 -270.216
28 -270.218
29 -270.218
30 -270.217
31 -270.219
32 -270.216
33 -270.216
34 -270.214
35 -270.214
36 -270.213
37 -270.216
38 -270.215
39 -270.215
40 -270.217
41 -270.217
42 -270.216
43 -270.215
44 -270.215
45 -270.216
46 -270.215
47 -270.217
48 -270.219
49 -270.221
50 -270.22
51 -270.219
52 -270.219
53 -270.217
54 -270.215
55 -270.214
56 -270.215
57 -270.217
58 -270.219
59 -270.223
60 -270.224
61 -270.221
62 -270.222
63 -270.222
64 -270.221
65 -270.228
66 -270.23
67 -270.229
68 -270.229
69 -270.229
70 -270.229
71 -270.231
72 -270.232
73 -270.229
74 -270.229
75 -270.23
76 -270.231
77 -270.233
78 -270.234
79 -270.234
80 -270.23
81 -270.231
82 -270.233
83 -270.234
84 -270.236
85 -270.238
86 -270.241
87 -270.241
88 -270.243
89 -270.241
90 -270.24
91 -270.239
92 -270.24
93 -270.238
94 -270.238
95 -270.236
96 -270.236
97 -270.236
98 -270.237
99 -270.236
100 -270.235
101 -270.235
102 -270.233
103 -270.234
104 -270.233
105 -270.231
106 -270.23
107 -270.23
108 -270.23
109 -270.23
110 -270.23
111 -270.23
112 -270.229
113 -270.224
114 -270.225
115 -270.223
116 -270.223
117 -270.223
118 -270.223
119 -270.224
120 -270.225
121 -270.227
122 -270.231
123 -270.228
124 -270.228
125 -270.226
126 -270.23
127 -270.229
128 -270.23
129 -270.23
130 -270.229
131 -270.23
132 -270.23
133 -270.234
134 -270.234
135 -270.234
136 -270.234
137 -270.235
138 -270.235
139 -270.24
140 -270.241
141 -270.24
142 -270.242
143 -270.24
144 -270.24
145 -270.242
146 -270.243
147 -270.247
148 -270.248
149 -270.246
150 -270.245
151 -270.248
152 -270.249
153 -270.247
154 -270.249
155 -270.247
156 -270.247
157 -270.247
158 -270.245
159 -270.245
160 -270.246
161 -270.247
162 -270.243
163 -270.242
164 -270.244
165 -270.245
166 -270.243
167 -270.241
168 -270.244
169 -270.243
170 -270.242
171 -270.242
172 -270.244
173 -270.244
174 -270.242
175 -270.242
176 -270.242
177 -270.243
178 -270.244
179 -270.243
180 -270.239
181 -270.239
182 -270.237
183 -270.238
184 -270.236
185 -270.236
186 -270.235
187 -270.232
188 -270.232
189 -270.233
190 -270.234
191 -270.237
192 -270.238
193 -270.238
194 -270.239
195 -270.237
196 -270.237
197 -270.229
198 -270.231
199 -270.231
200 -270.231
201 -270.231
202 -270.233
203 -270.233
204 -270.235
205 -270.235
206 -270.236
207 -270.237
208 -270.235
209 -270.234
210 -270.235
211 -270.238
212 -270.238
213 -270.239
214 -270.238
215 -270.239
216 -270.238
217 -270.233
218 -270.232
219 -270.232
220 -270.234
221 -270.232
222 -270.235
223 -270.235
224 -270.234
225 -270.232
226 -270.234
227 -270.235
228 -270.235
229 -270.237
230 -270.235
231 -270.234
232 -270.238
233 -270.236
234 -270.235
235 -270.236
236 -270.236
237 -270.237
238 -270.234
239 -270.234
240 -270.236
241 -270.236
242 -270.235
243 -270.237
244 -270.24
245 -270.239
246 -270.238
247 -270.24
248 -270.245
249 -270.245
250 -270.246
251 -270.246
252 -270.246
253 -270.244
254 -270.244
255 -270.241
256 -270.24
257 -270.24
258 -270.24
259 -270.239
260 -270.238
261 -270.238
262 -270.241
263 -270.241
264 -270.237
265 -270.239
266 -270.238
267 -270.239
268 -270.24
269 -270.239
270 -270.239
271 -270.239
272 -270.239
273 -270.237
274 -270.237
275 -270.238
276 -270.238
277 -270.237
278 -270.238
279 -270.239
280 -270.239
281 -270.239
282 -270.238
283 -270.238
284 -270.235
285 -270.235
286 -270.234
287 -270.233
288 -270.233
289 -270.238
290 -270.238
291 -270.237
292 -270.236
293 -270.239
294 -270.243
295 -270.244
296 -270.242
297 -270.241
298 -270.24
299 -270.24
300 -270.238
301 -270.24
302 -270.242
303 -270.241
304 -270.239
305 -270.239
306 -270.239
307 -270.238
308 -270.238
309 -270.236
310 -270.238
311 -270.237
312 -270.236
313 -270.234
314 -270.231
315 -270.235
316 -270.237
317 -270.239
318 -270.235
319 -270.232
320 -270.232
321 -270.234
322 -270.235
323 -270.234
324 -270.234
325 -270.235
326 -270.232
327 -270.235
328 -270.235
329 -270.236
330 -270.234
331 -270.234
332 -270.229
333 -270.229
334 -270.229
335 -270.231
336 -270.233
337 -270.232
338 -270.232
339 -270.234
340 -270.234
341 -270.227
342 -270.225
343 -270.225
344 -270.223
345 -270.226
346 -270.23
347 -270.232
348 -270.235
349 -270.237
350 -270.237
351 -270.236
352 -270.241
353 -270.239
354 -270.238
355 -270.238
356 -270.238
357 -270.239
358 -270.237
359 -270.238
360 -270.238
361 -270.238
362 -270.237
363 -270.234
364 -270.236
365 -270.24
366 -270.241
367 -270.239
368 -270.239
369 -270.236
370 -270.236
371 -270.235
372 -270.235
373 -270.235
374 -270.235
375 -270.234
376 -270.232
377 -270.23
378 -270.231
379 -270.23
380 -270.231
381 -270.228
382 -270.229
383 -270.229
384 -270.23
385 -270.228
386 -270.227
387 -270.226
388 -270.23
389 -270.236
390 -270.24
391 -270.24
392 -270.241
393 -270.238
394 -270.237
395 -270.236
396 -270.235
397 -270.236
398 -270.237
399 -270.236
400 -270.234
401 -270.236
402 -270.235
403 -270.234
404 -270.232
405 -270.231
406 -270.231
407 -270.232
408 -270.234
409 -270.234
410 -270.235
411 -270.236
412 -270.237
413 -270.239
414 -270.238
415 -270.24
416 -270.24
417 -270.241
418 -270.24
419 -270.24
420 -270.241
421 -270.241
422 -270.242
423 -270.241
424 -270.239
425 -270.24
426 -270.239
427 -270.239
428 -270.24
429 -270.238
430 -270.238
431 -270.237
432 -270.236
433 -270.235
434 -270.234
435 -270.236
436 -270.236
437 -270.236
438 -270.235
439 -270.236
440 -270.234
441 -270.236
442 -270.237
443 -270.24
444 -270.24
445 -270.242
446 -270.241
447 -270.24
448 -270.239
449 -270.238
450 -270.241
451 -270.241
452 -270.243
453 -270.243
454 -270.24
455 -270.241
456 -270.24
457 -270.241
458 -270.24
459 -270.239
460 -270.239
461 -270.237
462 -270.231
463 -270.233
464 -270.235
465 -270.237
466 -270.236
467 -270.238
468 -270.237
469 -270.234
470 -270.234
471 -270.232
472 -270.231
473 -270.232
474 -270.231
475 -270.232
476 -270.232
477 -270.234
478 -270.236
479 -270.24
480 -270.241
481 -270.241
482 -270.241
483 -270.24
484 -270.24
485 -270.241
486 -270.237
487 -270.235
488 -270.237
489 -270.238
490 -270.235
491 -270.235
492 -270.235
493 -270.234
494 -270.231
495 -270.229
496 -270.227
497 -270.227
498 -270.227
499 -270.229
500 -270.229
501 -270.23
502 -270.231
503 -270.232
504 -270.234
505 -270.237
506 -270.237
507 -270.236
508 -270.235
509 -270.235
510 -270.237
511 -270.238
512 -270.241
513 -270.242
514 -270.241
515 -270.242
516 -270.242
517 -270.238
518 -270.238
519 -270.236
520 -270.234
521 -270.232
522 -270.233
523 -270.231
524 -270.233
525 -270.232
526 -270.232
527 -270.231
528 -270.231
529 -270.236
530 -270.238
531 -270.241
532 -270.24
533 -270.239
534 -270.238
535 -270.237
536 -270.234
537 -270.231
538 -270.231
539 -270.229
540 -270.232
541 -270.23
542 -270.23
543 -270.232
544 -270.232
545 -270.231
546 -270.229
547 -270.232
548 -270.232
549 -270.232
550 -270.235
551 -270.233
552 -270.228
553 -270.226
554 -270.225
555 -270.226
556 -270.226
557 -270.226
558 -270.225
559 -270.225
560 -270.226
561 -270.229
562 -270.231
563 -270.232
564 -270.231
565 -270.235
566 -270.235
567 -270.239
568 -270.24
569 -270.236
570 -270.237
571 -270.233
572 -270.231
573 -270.232
574 -270.227
575 -270.227
576 -270.227
577 -270.225
578 -270.225
579 -270.224
580 -270.228
581 -270.228
582 -270.227
583 -270.23
584 -270.229
585 -270.23
586 -270.232
587 -270.227
588 -270.226
589 -270.226
590 -270.229
591 -270.231
592 -270.234
593 -270.234
594 -270.234
595 -270.233
596 -270.232
597 -270.231
598 -270.232
599 -270.233
600 -270.232
601 -270.232
602 -270.233
603 -270.233
604 -270.235
605 -270.234
606 -270.234
607 -270.23
608 -270.23
609 -270.23
610 -270.231
611 -270.231
612 -270.232
613 -270.234
614 -270.233
615 -270.231
616 -270.23
617 -270.235
618 -270.233
619 -270.234
620 -270.233
621 -270.236
622 -270.236
623 -270.237
624 -270.235
625 -270.234
626 -270.232
627 -270.232
628 -270.232
629 -270.233
630 -270.233
631 -270.235
632 -270.234
633 -270.238
634 -270.24
635 -270.239
636 -270.24
637 -270.24
638 -270.241
639 -270.241
640 -270.239
641 -270.237
642 -270.232
643 -270.235
644 -270.232
645 -270.232
646 -270.231
647 -270.233
648 -270.232
649 -270.234
650 -270.233
651 -270.233
652 -270.231
653 -270.234
654 -270.234
655 -270.234
656 -270.233
657 -270.232
658 -270.232
659 -270.233
660 -270.235
661 -270.233
662 -270.233
663 -270.233
664 -270.233
665 -270.233
666 -270.236
667 -270.233
668 -270.228
669 -270.224
670 -270.226
671 -270.225
672 -270.226
673 -270.225
674 -270.225
675 -270.223
676 -270.222
677 -270.223
678 -270.228
679 -270.229
680 -270.225
681 -270.223
682 -270.227
683 -270.227
684 -270.226
685 -270.228
686 -270.227
687 -270.227
688 -270.227
689 -270.226
690 -270.223
691 -270.222
692 -270.225
693 -270.225
694 -270.225
695 -270.224
696 -270.226
697 -270.224
698 -270.223
699 -270.225
700 -270.228
701 -270.229
702 -270.231
703 -270.232
704 -270.232
705 -270.234
706 -270.235
707 -270.236
708 -270.237
709 -270.238
710 -270.237
711 -270.238
712 -270.238
713 -270.238
714 -270.237
715 -270.238
716 -270.24
717 -270.241
718 -270.236
719 -270.235
720 -270.233
721 -270.231
722 -270.235
723 -270.238
724 -270.236
725 -270.239
726 -270.24
727 -270.24
728 -270.241
729 -270.242
730 -270.246
731 -270.244
732 -270.242
733 -270.241
734 -270.24
735 -270.242
736 -270.243
737 -270.243
738 -270.242
739 -270.242
740 -270.245
741 -270.241
742 -270.24
743 -270.241
744 -270.244
745 -270.243
746 -270.244
747 -270.246
748 -270.245
749 -270.247
750 -270.247
751 -270.248
752 -270.245
753 -270.246
754 -270.245
755 -270.245
756 -270.247
757 -270.243
758 -270.244
759 -270.243
760 -270.241
761 -270.237
762 -270.24
763 -270.24
764 -270.24
765 -270.241
766 -270.242
767 -270.242
768 -270.243
769 -270.243
770 -270.242
771 -270.241
772 -270.241
773 -270.241
774 -270.237
775 -270.236
776 -270.238
777 -270.237
778 -270.237
779 -270.234
780 -270.232
781 -270.234
782 -270.232
783 -270.233
784 -270.229
785 -270.227
786 -270.229
787 -270.231
788 -270.234
789 -270.236
790 -270.235
791 -270.234
792 -270.235
793 -270.231
794 -270.236
795 -270.238
796 -270.238
797 -270.238
798 -270.237
799 -270.239
800 -270.238
801 -270.239
802 -270.239
803 -270.241
804 -270.237
805 -270.233
806 -270.234
807 -270.237
808 -270.234
809 -270.231
810 -270.232
811 -270.236
812 -270.237
813 -270.239
814 -270.239
815 -270.239
816 -270.239
817 -270.239
818 -270.238
819 -270.237
820 -270.236
821 -270.236
822 -270.234
823 -270.234
824 -270.234
825 -270.232
826 -270.227
827 -270.226
828 -270.228
829 -270.23
830 -270.231
831 -270.231
832 -270.232
833 -270.232
834 -270.234
835 -270.239
836 -270.234
837 -270.236
838 -270.239
839 -270.241
840 -270.242
841 -270.24
842 -270.237
843 -270.175
844 -270.174
845 -270.175
846 -270.18
847 -270.179
848 -270.178
849 -270.183
850 -270.182
851 -270.184
852 -270.193
853 -270.194
854 -270.192
855 -270.192
856 -270.191
857 -270.191
858 -270.191
859 -270.19
860 -270.187
861 -270.191
862 -270.192
863 -270.196
864 -270.199
865 -270.221
866 -270.22
867 -270.22
868 -270.222
869 -270.223
870 -270.222
871 -270.223
872 -270.224
873 -270.227
874 -270.227
875 -270.227
876 -270.23
877 -270.23
878 -270.227
879 -270.226
880 -270.227
881 -270.229
882 -270.231
883 -270.231
884 -270.232
885 -270.235
886 -270.237
887 -270.238
888 -270.235
889 -270.235
890 -270.233
891 -270.234
892 -270.234
893 -270.235
894 -270.234
895 -270.236
896 -270.236
897 -270.239
898 -270.238
899 -270.239
900 -270.239
901 -270.237
902 -270.235
903 -270.237
904 -270.236
905 -270.238
906 -270.238
907 -270.236
908 -270.236
909 -270.238
910 -270.239
911 -270.24
912 -270.238
913 -270.242
914 -270.244
915 -270.243
916 -270.243
917 -270.242
918 -270.241
919 -270.242
920 -270.239
921 -270.24
922 -270.237
923 -270.236
924 -270.236
925 -270.239
926 -270.24
927 -270.238
928 -270.24
929 -270.239
930 -270.24
931 -270.238
932 -270.239
933 -270.239
934 -270.238
935 -270.238
936 -270.242
937 -270.242
938 -270.241
939 -270.24
940 -270.24
941 -270.239
942 -270.239
943 -270.238
944 -270.239
945 -270.238
946 -270.237
947 -270.239
948 -270.24
949 -270.236
950 -270.237
951 -270.237
952 -270.237
953 -270.235
954 -270.237
955 -270.238
956 -270.242
957 -270.241
958 -270.237
959 -270.238
960 -270.237
961 -270.233
962 -270.235
963 -270.237
964 -270.236
965 -270.237
966 -270.236
967 -270.235
968 -270.233
969 -270.234
970 -270.232
971 -270.233
972 -270.237
973 -270.238
974 -270.24
975 -270.241
976 -270.24
977 -270.239
978 -270.238
979 -270.239
980 -270.24
981 -270.24
982 -270.238
983 -270.238
984 -270.235
985 -270.235
986 -270.235
987 -270.238
988 -270.234
989 -270.234
990 -270.233
991 -270.233
992 -270.233
993 -270.234
994 -270.232
995 -270.233
996 -270.234
997 -270.234
998 -270.235
999 -270.235
1000 -270.237
1001 -270.236
1002 -270.237
1003 -270.237
1004 -270.237
1005 -270.237
1006 -270.237
1007 -270.239
1008 -270.239
1009 -270.238
1010 -270.238
1011 -270.239
1012 -270.24
1013 -270.239
1014 -270.24
1015 -270.239
1016 -270.237
1017 -270.236
1018 -270.237
1019 -270.237
1020 -270.237
1021 -270.235
1022 -270.232
1023 -270.235
1024 -270.236
1025 -270.234
1026 -270.232
1027 -270.233
1028 -270.234
1029 -270.234
1030 -270.239
1031 -270.237
1032 -270.236
1033 -270.234
1034 -270.233
1035 -270.233
1036 -270.213
1037 -270.213
1038 -270.213
1039 -270.211
1040 -270.21
1041 -270.211
1042 -270.212
1043 -270.211
1044 -270.213
1045 -270.212
1046 -270.211
1047 -270.212
1048 -270.214
1049 -270.222
1050 -270.227
1051 -270.228
1052 -270.228
1053 -270.23
1054 -270.229
1055 -270.23
1056 -270.229
1057 -270.228
1058 -270.228
1059 -270.235
1060 -270.233
1061 -270.237
1062 -270.236
1063 -270.235
1064 -270.236
1065 -270.237
1066 -270.233
1067 -270.232
1068 -270.237
1069 -270.238
1070 -270.234
1071 -270.233
1072 -270.233
1073 -270.237
1074 -270.235
1075 -270.235
1076 -270.237
1077 -270.239
1078 -270.239
1079 -270.24
1080 -270.245
1081 -270.245
1082 -270.245
1083 -270.245
1084 -270.243
1085 -270.243
1086 -270.244
1087 -270.244
1088 -270.243
1089 -270.243
1090 -270.242
1091 -270.242
1092 -270.243
1093 -270.241
1094 -270.238
1095 -270.236
1096 -270.233
1097 -270.233
1098 -270.235
1099 -270.234
1100 -270.233
1101 -270.228
1102 -270.229
1103 -270.224
1104 -270.226
1105 -270.228
1106 -270.229
1107 -270.23
1108 -270.231
1109 -270.23
1110 -270.231
1111 -270.231
1112 -270.239
1113 -270.239
1114 -270.239
1115 -270.241
1116 -270.237
1117 -270.235
1118 -270.236
1119 -270.235
1120 -270.236
1121 -270.238
1122 -270.24
1123 -270.238
1124 -270.237
1125 -270.236
1126 -270.235
1127 -270.234
1128 -270.234
1129 -270.232
1130 -270.232
1131 -270.223
1132 -270.222
1133 -270.224
1134 -270.222
1135 -270.221
1136 -270.222
1137 -270.221
1138 -270.221
1139 -270.223
1140 -270.221
1141 -270.221
1142 -270.221
1143 -270.221
1144 -270.221
1145 -270.22
1146 -270.223
1147 -270.223
1148 -270.223
1149 -270.223
1150 -270.222
1151 -270.223
1152 -270.222
1153 -270.224
1154 -270.222
1155 -270.223
1156 -270.226
1157 -270.228
1158 -270.228
1159 -270.228
1160 -270.229
1161 -270.228
1162 -270.231
1163 -270.23
1164 -270.228
1165 -270.229
1166 -270.232
1167 -270.228
1168 -270.227
1169 -270.225
1170 -270.221
1171 -270.221
1172 -270.222
1173 -270.219
1174 -270.219
1175 -270.214
1176 -270.213
1177 -270.215
1178 -270.219
1179 -270.219
1180 -270.219
1181 -270.219
1182 -270.217
1183 -270.218
1184 -270.217
1185 -270.219
1186 -270.219
1187 -270.218
1188 -270.218
1189 -270.216
1190 -270.218
1191 -270.219
1192 -270.221
1193 -270.219
1194 -270.222
1195 -270.22
1196 -270.223
1197 -270.224
1198 -270.221
1199 -270.222
1200 -270.224
1201 -270.225
1202 -270.222
1203 -270.222
1204 -270.225
1205 -270.226
1206 -270.227
1207 -270.231
1208 -270.232
1209 -270.231
1210 -270.23
1211 -270.228
1212 -270.227
1213 -270.229
1214 -270.23
1215 -270.223
1216 -270.226
1217 -270.225
1218 -270.226
1219 -270.221
1220 -270.221
1221 -270.226
1222 -270.225
1223 -270.224
1224 -270.227
1225 -270.228
1226 -270.228
1227 -270.227
1228 -270.226
1229 -270.225
1230 -270.224
1231 -270.229
1232 -270.229
1233 -270.231
1234 -270.232
1235 -270.233
1236 -270.237
1237 -270.236
1238 -270.238
1239 -270.239
1240 -270.239
1241 -270.241
1242 -270.24
1243 -270.239
1244 -270.239
1245 -270.24
1246 -270.245
1247 -270.245
1248 -270.247
1249 -270.245
1250 -270.245
1251 -270.244
1252 -270.243
1253 -270.243
1254 -270.245
1255 -270.244
1256 -270.239
1257 -270.241
1258 -270.241
1259 -270.24
1260 -270.242
1261 -270.241
1262 -270.241
1263 -270.235
1264 -270.236
1265 -270.242
1266 -270.24
1267 -270.241
1268 -270.239
1269 -270.239
1270 -270.237
1271 -270.234
1272 -270.232
1273 -270.23
1274 -270.232
1275 -270.232
1276 -270.231
1277 -270.231
1278 -270.232
1279 -270.23
1280 -270.23
1281 -270.23
1282 -270.232
1283 -270.228
1284 -270.226
1285 -270.226
1286 -270.225
1287 -270.226
1288 -270.229
1289 -270.229
1290 -270.23
1291 -270.231
1292 -270.23
1293 -270.231
1294 -270.23
1295 -270.232
1296 -270.233
1297 -270.232
1298 -270.23
1299 -270.237
1300 -270.237
1301 -270.238
1302 -270.239
1303 -270.238
1304 -270.237
1305 -270.239
1306 -270.239
1307 -270.239
1308 -270.24
1309 -270.239
1310 -270.237
1311 -270.236
1312 -270.234
1313 -270.235
1314 -270.235
1315 -270.238
1316 -270.24
1317 -270.242
1318 -270.242
1319 -270.244
1320 -270.245
1321 -270.238
1322 -270.24
1323 -270.24
1324 -270.239
1325 -270.242
1326 -270.24
1327 -270.243
1328 -270.239
1329 -270.238
1330 -270.237
1331 -270.238
1332 -270.239
1333 -270.239
1334 -270.238
1335 -270.239
1336 -270.24
1337 -270.241
1338 -270.238
1339 -270.239
1340 -270.239
1341 -270.24
1342 -270.24
1343 -270.24
1344 -270.242
1345 -270.243
1346 -270.244
1347 -270.245
1348 -270.246
1349 -270.245
1350 -270.246
1351 -270.246
1352 -270.247
1353 -270.243
1354 -270.243
1355 -270.244
1356 -270.245
1357 -270.247
1358 -270.245
1359 -270.246
1360 -270.243
1361 -270.243
1362 -270.244
1363 -270.242
1364 -270.243
1365 -270.24
1366 -270.24
1367 -270.24
1368 -270.241
1369 -270.24
1370 -270.237
1371 -270.237
1372 -270.238
1373 -270.238
1374 -270.239
1375 -270.238
1376 -270.238
1377 -270.238
1378 -270.242
1379 -270.241
1380 -270.241
1381 -270.241
1382 -270.239
1383 -270.238
1384 -270.241
1385 -270.24
1386 -270.24
1387 -270.239
1388 -270.241
1389 -270.243
1390 -270.243
1391 -270.242
1392 -270.244
1393 -270.244
1394 -270.24
1395 -270.241
1396 -270.241
1397 -270.242
1398 -270.241
1399 -270.241
1400 -270.242
1401 -270.238
1402 -270.236
1403 -270.237
1404 -270.235
1405 -270.236
1406 -270.239
1407 -270.237
1408 -270.237
1409 -270.236
1410 -270.236
1411 -270.237
1412 -270.236
1413 -270.236
1414 -270.233
1415 -270.234
1416 -270.234
1417 -270.235
1418 -270.236
1419 -270.235
1420 -270.236
1421 -270.238
1422 -270.236
1423 -270.237
1424 -270.239
1425 -270.239
1426 -270.241
1427 -270.242
1428 -270.24
1429 -270.241
1430 -270.244
1431 -270.243
1432 -270.244
1433 -270.242
1434 -270.24
1435 -270.245
1436 -270.243
1437 -270.243
1438 -270.242
1439 -270.241
1440 -270.241
1441 -270.241
1442 -270.242
1443 -270.243
1444 -270.243
1445 -270.24
1446 -270.24
1447 -270.24
1448 -270.241
1449 -270.24
1450 -270.237
1451 -270.238
1452 -270.238
1453 -270.24
1454 -270.241
1455 -270.24
1456 -270.241
1457 -270.242
1458 -270.243
1459 -270.242
1460 -270.241
1461 -270.237
1462 -270.238
1463 -270.241
1464 -270.245
1465 -270.242
1466 -270.244
1467 -270.245
1468 -270.244
1469 -270.244
1470 -270.244
1471 -270.245
1472 -270.246
1473 -270.246
1474 -270.248
1475 -270.247
1476 -270.246
1477 -270.246
1478 -270.249
1479 -270.248
1480 -270.248
1481 -270.25
1482 -270.25
1483 -270.248
1484 -270.247
1485 -270.248
1486 -270.246
1487 -270.245
1488 -270.245
1489 -270.245
1490 -270.246
1491 -270.246
1492 -270.243
1493 -270.242
1494 -270.245
1495 -270.244
1496 -270.243
1497 -270.243
1498 -270.243
1499 -270.241
1500 -270.241
1501 -270.242
1502 -270.244
1503 -270.245
1504 -270.241
1505 -270.24
1506 -270.241
1507 -270.246
1508 -270.247
1509 -270.247
1510 -270.243
1511 -270.245
1512 -270.247
1513 -270.245
1514 -270.245
1515 -270.247
1516 -270.247
1517 -270.247
1518 -270.247
1519 -270.246
1520 -270.246
1521 -270.246
1522 -270.245
1523 -270.244
1524 -270.246
1525 -270.248
1526 -270.249
1527 -270.249
1528 -270.249
1529 -270.249
1530 -270.249
1531 -270.25
1532 -270.247
1533 -270.246
1534 -270.246
1535 -270.246
1536 -270.243
1537 -270.242
1538 -270.242
1539 -270.244
1540 -270.243
1541 -270.244
1542 -270.24
1543 -270.239
1544 -270.239
1545 -270.238
1546 -270.239
1547 -270.24
1548 -270.24
1549 -270.243
1550 -270.245
1551 -270.244
1552 -270.243
1553 -270.241
1554 -270.241
1555 -270.241
1556 -270.243
1557 -270.243
1558 -270.241
1559 -270.241
1560 -270.241
1561 -270.244
1562 -270.244
1563 -270.243
1564 -270.242
1565 -270.239
1566 -270.238
1567 -270.239
1568 -270.239
1569 -270.239
1570 -270.241
1571 -270.238
1572 -270.234
1573 -270.23
1574 -270.231
1575 -270.23
1576 -270.233
1577 -270.24
1578 -270.24
1579 -270.238
1580 -270.24
1581 -270.24
1582 -270.239
1583 -270.24
1584 -270.24
1585 -270.242
1586 -270.245
1587 -270.246
1588 -270.248
1589 -270.245
1590 -270.248
1591 -270.248
1592 -270.248
1593 -270.246
1594 -270.247
1595 -270.248
1596 -270.248
1597 -270.248
1598 -270.246
1599 -270.247
1600 -270.248
1601 -270.249
1602 -270.249
1603 -270.248
1604 -270.248
1605 -270.247
1606 -270.247
1607 -270.248
1608 -270.247
1609 -270.245
1610 -270.247
1611 -270.245
1612 -270.244
1613 -270.244
1614 -270.244
1615 -270.245
1616 -270.243
1617 -270.24
1618 -270.242
1619 -270.243
1620 -270.243
1621 -270.243
1622 -270.242
1623 -270.246
1624 -270.247
1625 -270.247
1626 -270.244
1627 -270.239
1628 -270.243
1629 -270.242
1630 -270.241
1631 -270.24
1632 -270.237
1633 -270.236
1634 -270.235
1635 -270.242
1636 -270.241
1637 -270.242
1638 -270.242
1639 -270.241
1640 -270.242
1641 -270.242
1642 -270.242
1643 -270.239
1644 -270.24
1645 -270.235
1646 -270.235
1647 -270.235
1648 -270.235
1649 -270.236
1650 -270.239
1651 -270.239
1652 -270.237
1653 -270.234
1654 -270.232
1655 -270.233
1656 -270.231
1657 -270.231
1658 -270.235
1659 -270.235
1660 -270.236
1661 -270.237
1662 -270.237
1663 -270.237
1664 -270.236
1665 -270.236
1666 -270.235
1667 -270.236
1668 -270.236
1669 -270.233
1670 -270.234
1671 -270.233
1672 -270.233
1673 -270.232
1674 -270.231
1675 -270.23
1676 -270.23
1677 -270.232
1678 -270.233
1679 -270.233
1680 -270.233
1681 -270.235
1682 -270.234
1683 -270.234
1684 -270.238
1685 -270.239
1686 -270.238
1687 -270.236
1688 -270.236
1689 -270.235
1690 -270.236
1691 -270.238
1692 -270.236
1693 -270.235
1694 -270.237
1695 -270.236
1696 -270.234
1697 -270.231
1698 -270.232
1699 -270.233
1700 -270.231
1701 -270.231
1702 -270.233
1703 -270.231
1704 -270.23
1705 -270.232
1706 -270.232
1707 -270.23
1708 -270.229
1709 -270.229
1710 -270.228
1711 -270.226
1712 -270.225
1713 -270.221
1714 -270.223
1715 -270.223
1716 -270.218
1717 -270.218
1718 -270.217
1719 -270.222
1720 -270.22
1721 -270.223
1722 -270.222
1723 -270.218
1724 -270.218
1725 -270.219
1726 -270.219
1727 -270.22
1728 -270.224
1729 -270.227
1730 -270.229
1731 -270.227
1732 -270.226
1733 -270.226
1734 -270.228
1735 -270.232
1736 -270.231
1737 -270.232
1738 -270.232
1739 -270.231
1740 -270.234
1741 -270.236
1742 -270.237
1743 -270.235
1744 -270.234
1745 -270.235
1746 -270.238
1747 -270.237
1748 -270.236
1749 -270.238
1750 -270.238
1751 -270.239
1752 -270.237
1753 -270.236
1754 -270.237
1755 -270.238
1756 -270.234
1757 -270.232
1758 -270.231
1759 -270.233
1760 -270.231
1761 -270.229
1762 -270.227
1763 -270.228
1764 -270.226
1765 -270.226
1766 -270.229
1767 -270.231
1768 -270.227
1769 -270.226
1770 -270.223
1771 -270.224
1772 -270.227
1773 -270.223
1774 -270.229
1775 -270.228
1776 -270.227
1777 -270.228
1778 -270.229
1779 -270.226
1780 -270.229
1781 -270.23
1782 -270.233
1783 -270.232
1784 -270.233
1785 -270.233
1786 -270.234
1787 -270.235
1788 -270.234
1789 -270.234
1790 -270.233
1791 -270.233
1792 -270.233
1793 -270.234
1794 -270.236
1795 -270.235
1796 -270.235
1797 -270.234
1798 -270.235
1799 -270.236
1800 -270.235
1801 -270.235
1802 -270.235
1803 -270.235
1804 -270.234
1805 -270.234
1806 -270.235
1807 -270.235
1808 -270.237
1809 -270.235
1810 -270.236
1811 -270.236
1812 -270.236
1813 -270.236
1814 -270.237
1815 -270.238
1816 -270.239
1817 -270.238
1818 -270.237
1819 -270.24
1820 -270.238
1821 -270.24
1822 -270.242
1823 -270.24
1824 -270.237
1825 -270.235
1826 -270.236
1827 -270.236
1828 -270.238
1829 -270.238
1830 -270.241
1831 -270.24
1832 -270.241
1833 -270.239
1834 -270.239
1835 -270.239
1836 -270.243
1837 -270.243
1838 -270.246
1839 -270.246
1840 -270.245
1841 -270.246
1842 -270.247
1843 -270.245
1844 -270.243
1845 -270.242
1846 -270.24
1847 -270.239
1848 -270.237
1849 -270.24
1850 -270.241
1851 -270.24
1852 -270.238
1853 -270.239
1854 -270.239
1855 -270.237
1856 -270.24
1857 -270.241
1858 -270.239
1859 -270.241
1860 -270.239
1861 -270.238
1862 -270.239
1863 -270.239
1864 -270.241
1865 -270.239
1866 -270.239
1867 -270.241
1868 -270.239
1869 -270.239
1870 -270.241
1871 -270.24
1872 -270.239
1873 -270.239
1874 -270.239
1875 -270.239
1876 -270.239
1877 -270.241
1878 -270.241
1879 -270.241
1880 -270.241
1881 -270.24
1882 -270.24
1883 -270.24
1884 -270.241
1885 -270.239
1886 -270.238
1887 -270.237
1888 -270.237
1889 -270.238
1890 -270.24
1891 -270.236
1892 -270.238
1893 -270.237
1894 -270.238
1895 -270.236
1896 -270.237
1897 -270.239
1898 -270.238
1899 -270.239
1900 -270.238
1901 -270.24
1902 -270.242
1903 -270.239
1904 -270.241
1905 -270.241
1906 -270.239
1907 -270.238
1908 -270.235
1909 -270.236
1910 -270.238
1911 -270.241
1912 -270.24
1913 -270.24
1914 -270.24
1915 -270.241
1916 -270.241
1917 -270.241
1918 -270.239
1919 -270.24
1920 -270.237
1921 -270.236
1922 -270.24
1923 -270.24
1924 -270.24
1925 -270.241
1926 -270.24
1927 -270.24
1928 -270.241
1929 -270.238
1930 -270.169
1931 -270.17
1932 -270.17
1933 -270.169
1934 -270.175
1935 -270.173
1936 -270.172
1937 -270.171
1938 -270.171
1939 -270.171
1940 -270.172
1941 -270.175
1942 -270.173
1943 -270.179
1944 -270.18
1945 -270.18
1946 -270.181
1947 -270.181
1948 -270.178
1949 -270.18
1950 -270.178
1951 -270.184
1952 -270.184
1953 -270.182
1954 -270.184
1955 -270.188
1956 -270.189
1957 -270.187
1958 -270.191
1959 -270.192
1960 -270.207
1961 -270.207
1962 -270.209
1963 -270.207
1964 -270.205
1965 -270.217
1966 -270.218
1967 -270.218
1968 -270.217
1969 -270.217
1970 -270.219
1971 -270.222
1972 -270.223
1973 -270.226
1974 -270.225
1975 -270.225
1976 -270.226
1977 -270.225
1978 -270.224
1979 -270.228
1980 -270.228
1981 -270.229
1982 -270.229
1983 -270.229
1984 -270.231
1985 -270.232
1986 -270.232
1987 -270.234
1988 -270.233
1989 -270.234
1990 -270.237
1991 -270.237
1992 -270.24
1993 -270.237
1994 -270.238
1995 -270.239
1996 -270.244
1997 -270.244
1998 -270.247
1999 -270.246
2000 -270.246
2001 -270.248
2002 -270.249
2003 -270.246
2004 -270.248
2005 -270.249
2006 -270.248
2007 -270.212
2008 -270.212
2009 -270.214
2010 -270.232
2011 -270.234
2012 -270.233
2013 -270.234
2014 -270.233
2015 -270.243
2016 -270.239
2017 -270.238
2018 -270.238
2019 -270.238
2020 -270.236
2021 -270.241
2022 -270.239
2023 -270.238
2024 -270.235
2025 -270.235
2026 -270.237
2027 -270.237
2028 -270.239
2029 -270.231
2030 -270.226
2031 -270.222
2032 -270.222
2033 -270.22
2034 -270.221
2035 -270.219
2036 -270.222
2037 -270.222
2038 -270.225
2039 -270.224
2040 -270.224
2041 -270.222
2042 -270.223
2043 -270.223
2044 -270.224
2045 -270.225
2046 -270.227
2047 -270.229
2048 -270.23
2049 -270.23
2050 -270.231
2051 -270.228
2052 -270.229
2053 -270.227
2054 -270.224
2055 -270.226
2056 -270.229
2057 -270.229
2058 -270.228
2059 -270.227
2060 -270.231
2061 -270.229
2062 -270.232
2063 -270.233
2064 -270.232
2065 -270.233
2066 -270.232
2067 -270.233
2068 -270.234
2069 -270.234
2070 -270.234
2071 -270.236
2072 -270.235
2073 -270.235
2074 -270.235
2075 -270.234
2076 -270.235
2077 -270.234
2078 -270.234
2079 -270.24
2080 -270.241
2081 -270.24
2082 -270.236
2083 -270.231
2084 -270.232
2085 -270.232
2086 -270.232
2087 -270.23
2088 -270.229
2089 -270.229
2090 -270.231
2091 -270.232
2092 -270.233
2093 -270.234
2094 -270.231
2095 -270.231
2096 -270.232
2097 -270.231
2098 -270.233
2099 -270.23
2100 -270.232
2101 -270.235
2102 -270.237
2103 -270.24
2104 -270.24
2105 -270.243
2106 -270.244
2107 -270.245
2108 -270.242
2109 -270.243
2110 -270.24
2111 -270.241
2112 -270.242
2113 -270.241
2114 -270.242
2115 -270.243
2116 -270.241
2117 -270.239
2118 -270.241
2119 -270.241
2120 -270.239
2121 -270.239
2122 -270.239
2123 -270.237
2124 -270.245
2125 -270.246
2126 -270.249
2127 -270.25
2128 -270.248
2129 -270.248
2130 -270.248
2131 -270.247
2132 -270.247
2133 -270.245
2134 -270.245
2135 -270.245
2136 -270.244
2137 -270.246
2138 -270.247
2139 -270.247
2140 -270.248
2141 -270.246
2142 -270.246
2143 -270.247
2144 -270.248
2145 -270.25
2146 -270.25
2147 -270.251
2148 -270.251
2149 -270.249
2150 -270.251
2151 -270.251
2152 -270.249
2153 -270.247
2154 -270.246
2155 -270.246
2156 -270.247
2157 -270.247
2158 -270.247
2159 -270.249
2160 -270.249
2161 -270.247
2162 -270.246
2163 -270.246
2164 -270.247
2165 -270.246
2166 -270.247
2167 -270.248
2168 -270.246
2169 -270.247
2170 -270.245
2171 -270.246
2172 -270.245
2173 -270.244
2174 -270.245
2175 -270.243
2176 -270.239
2177 -270.242
2178 -270.244
2179 -270.24
2180 -270.239
2181 -270.24
2182 -270.24
2183 -270.244
2184 -270.242
2185 -270.243
2186 -270.242
2187 -270.244
2188 -270.243
2189 -270.244
2190 -270.246
2191 -270.245
2192 -270.246
2193 -270.246
2194 -270.245
2195 -270.247
2196 -270.245
2197 -270.245
2198 -270.245
2199 -270.244
2200 -270.248
2201 -270.249
2202 -270.249
2203 -270.248
2204 -270.249
2205 -270.249
2206 -270.248
2207 -270.247
2208 -270.246
2209 -270.244
2210 -270.245
2211 -270.245
2212 -270.244
2213 -270.241
2214 -270.241
2215 -270.242
2216 -270.242
2217 -270.241
2218 -270.239
2219 -270.242
2220 -270.242
2221 -270.242
2222 -270.243
2223 -270.243
2224 -270.243
2225 -270.244
2226 -270.244
2227 -270.239
2228 -270.24
2229 -270.239
2230 -270.238
2231 -270.238
2232 -270.235
2233 -270.235
2234 -270.234
2235 -270.231
2236 -270.232
2237 -270.23
2238 -270.23
2239 -270.23
2240 -270.231
2241 -270.234
2242 -270.234
2243 -270.232
2244 -270.233
2245 -270.234
2246 -270.234
2247 -270.236
2248 -270.237
2249 -270.238
2250 -270.236
2251 -270.236
2252 -270.238
2253 -270.239
2254 -270.24
2255 -270.237
2256 -270.239
2257 -270.239
2258 -270.238
2259 -270.239
2260 -270.239
2261 -270.238
2262 -270.238
2263 -270.238
2264 -270.239
2265 -270.239
2266 -270.237
2267 -270.24
2268 -270.24
2269 -270.239
2270 -270.239
2271 -270.238
2272 -270.235
2273 -270.234
2274 -270.237
2275 -270.236
2276 -270.235
2277 -270.233
2278 -270.233
2279 -270.233
2280 -270.233
2281 -270.235
2282 -270.235
2283 -270.236
2284 -270.233
2285 -270.229
2286 -270.231
2287 -270.233
2288 -270.233
2289 -270.233
2290 -270.232
2291 -270.233
2292 -270.235
2293 -270.235
2294 -270.237
2295 -270.239
2296 -270.238
2297 -270.237
2298 -270.236
2299 -270.236
2300 -270.238
2301 -270.239
2302 -270.24
2303 -270.241
2304 -270.242
2305 -270.237
2306 -270.242
2307 -270.242
2308 -270.243
2309 -270.24
2310 -270.239
2311 -270.237
2312 -270.238
2313 -270.238
2314 -270.235
2315 -270.234
2316 -270.233
2317 -270.234
2318 -270.239
2319 -270.237
2320 -270.236
2321 -270.237
2322 -270.237
2323 -270.236
2324 -270.237
2325 -270.237
2326 -270.239
2327 -270.24
2328 -270.241
2329 -270.24
2330 -270.24
2331 -270.242
2332 -270.241
2333 -270.242
2334 -270.243
2335 -270.243
2336 -270.243
2337 -270.245
2338 -270.247
2339 -270.247
2340 -270.247
2341 -270.245
2342 -270.247
2343 -270.246
2344 -270.246
2345 -270.246
2346 -270.244
2347 -270.244
2348 -270.247
2349 -270.249
2350 -270.241
2351 -270.24
2352 -270.244
2353 -270.246
2354 -270.246
2355 -270.245
2356 -270.245
2357 -270.248
2358 -270.245
2359 -270.248
2360 -270.249
2361 -270.249
2362 -270.249
2363 -270.248
2364 -270.248
2365 -270.247
2366 -270.247
2367 -270.247
2368 -270.247
2369 -270.247
2370 -270.246
2371 -270.244
2372 -270.24
2373 -270.24
2374 -270.238
2375 -270.238
2376 -270.242
2377 -270.241
2378 -270.239
2379 -270.239
2380 -270.24
2381 -270.242
2382 -270.242
2383 -270.244
2384 -270.245
2385 -270.245
2386 -270.246
2387 -270.25
2388 -270.249
2389 -270.249
2390 -270.249
2391 -270.249
2392 -270.247
2393 -270.244
2394 -270.245
2395 -270.246
2396 -270.248
2397 -270.248
2398 -270.248
2399 -270.246
2400 -270.245
2401 -270.244
2402 -270.244
2403 -270.242
2404 -270.241
2405 -270.239
2406 -270.238
2407 -270.235
2408 -270.238
2409 -270.237
2410 -270.237
2411 -270.239
2412 -270.239
2413 -270.24
2414 -270.238
2415 -270.236
2416 -270.238
2417 -270.237
2418 -270.235
2419 -270.238
2420 -270.238
2421 -270.242
2422 -270.243
2423 -270.244
2424 -270.243
2425 -270.241
2426 -270.235
2427 -270.232
2428 -270.233
2429 -270.233
2430 -270.238
2431 -270.235
2432 -270.234
2433 -270.234
2434 -270.236
2435 -270.236
2436 -270.238
2437 -270.237
2438 -270.237
2439 -270.236
2440 -270.238
2441 -270.24
2442 -270.242
2443 -270.242
2444 -270.243
2445 -270.242
2446 -270.242
2447 -270.242
2448 -270.241
2449 -270.237
2450 -270.239
2451 -270.238
2452 -270.24
2453 -270.239
2454 -270.239
2455 -270.238
2456 -270.239
2457 -270.238
2458 -270.238
2459 -270.238
2460 -270.238
2461 -270.24
2462 -270.236
2463 -270.241
2464 -270.24
2465 -270.243
2466 -270.24
2467 -270.24
2468 -270.239
2469 -270.239
2470 -270.238
2471 -270.238
2472 -270.24
2473 -270.24
2474 -270.241
2475 -270.241
2476 -270.239
2477 -270.238
2478 -270.237
2479 -270.235
2480 -270.233
2481 -270.234
2482 -270.235
2483 -270.234
2484 -270.233
2485 -270.231
2486 -270.23
2487 -270.23
2488 -270.228
2489 -270.228
2490 -270.229
2491 -270.23
2492 -270.23
2493 -270.229
2494 -270.232
2495 -270.234
2496 -270.232
2497 -270.231
2498 -270.233
2499 -270.232
2500 -270.237
2501 -270.236
2502 -270.232
2503 -270.233
2504 -270.236
2505 -270.234
2506 -270.236
2507 -270.238
2508 -270.239
2509 -270.239
2510 -270.234
2511 -270.232
2512 -270.232
2513 -270.23
2514 -270.229
2515 -270.231
2516 -270.232
2517 -270.232
2518 -270.232
2519 -270.233
2520 -270.233
2521 -270.232
2522 -270.231
2523 -270.23
2524 -270.231
2525 -270.229
2526 -270.231
2527 -270.227
2528 -270.227
2529 -270.228
2530 -270.228
2531 -270.228
2532 -270.228
2533 -270.229
2534 -270.233
2535 -270.232
2536 -270.23
2537 -270.232
2538 -270.233
2539 -270.237
2540 -270.235
2541 -270.237
2542 -270.236
2543 -270.236
2544 -270.237
2545 -270.236
2546 -270.237
2547 -270.236
2548 -270.239
2549 -270.24
2550 -270.24
2551 -270.242
2552 -270.245
2553 -270.24
2554 -270.242
2555 -270.245
2556 -270.244
2557 -270.247
2558 -270.247
2559 -270.246
2560 -270.248
2561 -270.246
2562 -270.246
2563 -270.247
2564 -270.246
2565 -270.246
2566 -270.246
2567 -270.246
2568 -270.245
2569 -270.238
2570 -270.239
2571 -270.239
2572 -270.236
2573 -270.237
2574 -270.236
2575 -270.236
2576 -270.232
2577 -270.231
2578 -270.234
2579 -270.235
2580 -270.237
2581 -270.24
2582 -270.239
2583 -270.24
2584 -270.241
2585 -270.238
2586 -270.239
2587 -270.238
2588 -270.238
2589 -270.234
2590 -270.233
2591 -270.232
2592 -270.234
2593 -270.233
2594 -270.235
2595 -270.236
2596 -270.235
2597 -270.237
2598 -270.237
2599 -270.238
2600 -270.24
2601 -270.238
2602 -270.239
2603 -270.241
2604 -270.239
2605 -270.241
2606 -270.243
2607 -270.243
2608 -270.241
2609 -270.242
2610 -270.243
2611 -270.243
2612 -270.244
2613 -270.244
2614 -270.244
2615 -270.243
2616 -270.244
2617 -270.244
2618 -270.243
2619 -270.243
2620 -270.244
2621 -270.243
2622 -270.24
2623 -270.24
2624 -270.242
2625 -270.243
2626 -270.241
2627 -270.238
2628 -270.239
2629 -270.239
2630 -270.235
2631 -270.236
2632 -270.237
2633 -270.238
2634 -270.237
2635 -270.236
2636 -270.234
2637 -270.235
2638 -270.235
2639 -270.237
2640 -270.234
2641 -270.236
2642 -270.237
2643 -270.236
2644 -270.236
2645 -270.233
2646 -270.233
2647 -270.232
2648 -270.234
2649 -270.232
2650 -270.232
2651 -270.231
2652 -270.232
2653 -270.234
2654 -270.234
2655 -270.236
2656 -270.238
2657 -270.238
2658 -270.24
2659 -270.24
2660 -270.241
2661 -270.242
2662 -270.243
2663 -270.243
2664 -270.245
2665 -270.245
2666 -270.248
2667 -270.249
2668 -270.248
2669 -270.244
2670 -270.242
2671 -270.244
2672 -270.244
2673 -270.244
2674 -270.244
2675 -270.244
2676 -270.244
2677 -270.244
2678 -270.248
2679 -270.246
2680 -270.247
2681 -270.246
2682 -270.245
2683 -270.244
2684 -270.244
2685 -270.246
2686 -270.245
2687 -270.246
2688 -270.244
2689 -270.244
2690 -270.244
2691 -270.243
2692 -270.245
2693 -270.244
2694 -270.243
2695 -270.245
2696 -270.245
2697 -270.243
2698 -270.242
2699 -270.241
2700 -270.242
2701 -270.24
2702 -270.241
2703 -270.241
2704 -270.239
2705 -270.24
2706 -270.238
2707 -270.237
2708 -270.239
2709 -270.239
2710 -270.237
2711 -270.238
2712 -270.24
2713 -270.24
2714 -270.238
2715 -270.24
2716 -270.236
2717 -270.236
2718 -270.236
2719 -270.233
2720 -270.234
2721 -270.234
2722 -270.233
2723 -270.235
2724 -270.237
2725 -270.24
2726 -270.241
2727 -270.242
2728 -270.243
2729 -270.244
2730 -270.244
2731 -270.246
2732 -270.245
2733 -270.246
2734 -270.247
2735 -270.248
2736 -270.247
2737 -270.247
2738 -270.246
2739 -270.247
2740 -270.25
2741 -270.248
2742 -270.246
2743 -270.246
2744 -270.247
2745 -270.247
2746 -270.246
2747 -270.247
2748 -270.247
2749 -270.246
2750 -270.245
2751 -270.245
2752 -270.239
2753 -270.24
2754 -270.24
2755 -270.24
2756 -270.241
2757 -270.24
2758 -270.238
2759 -270.241
2760 -270.241
2761 -270.241
2762 -270.239
2763 -270.242
2764 -270.241
2765 -270.24
2766 -270.239
2767 -270.239
2768 -270.243
2769 -270.243
2770 -270.242
2771 -270.244
2772 -270.243
2773 -270.24
2774 -270.237
2775 -270.233
2776 -270.232
2777 -270.235
2778 -270.233
2779 -270.233
2780 -270.235
2781 -270.233
2782 -270.237
2783 -270.236
2784 -270.236
2785 -270.237
2786 -270.237
2787 -270.241
2788 -270.242
2789 -270.238
2790 -270.237
2791 -270.236
2792 -270.236
2793 -270.239
2794 -270.239
2795 -270.24
2796 -270.243
2797 -270.241
2798 -270.239
2799 -270.241
2800 -270.242
2801 -270.243
2802 -270.244
2803 -270.244
2804 -270.245
2805 -270.246
2806 -270.246
2807 -270.245
2808 -270.247
2809 -270.245
2810 -270.243
2811 -270.242
2812 -270.242
2813 -270.241
2814 -270.241
2815 -270.242
2816 -270.241
2817 -270.24
2818 -270.241
2819 -270.242
2820 -270.242
2821 -270.241
2822 -270.242
2823 -270.24
2824 -270.24
2825 -270.241
2826 -270.243
2827 -270.243
2828 -270.243
2829 -270.241
2830 -270.24
2831 -270.239
2832 -270.239
2833 -270.24
2834 -270.239
2835 -270.237
2836 -270.237
2837 -270.234
2838 -270.234
2839 -270.233
2840 -270.233
2841 -270.231
2842 -270.234
2843 -270.234
2844 -270.233
2845 -270.233
2846 -270.234
2847 -270.232
2848 -270.231
2849 -270.234
2850 -270.232
2851 -270.23
2852 -270.23
2853 -270.232
2854 -270.232
2855 -270.233
2856 -270.233
2857 -270.232
2858 -270.233
2859 -270.23
2860 -270.229
2861 -270.228
2862 -270.227
2863 -270.227
2864 -270.228
2865 -270.228
2866 -270.225
2867 -270.227
2868 -270.231
2869 -270.231
2870 -270.23
2871 -270.228
2872 -270.227
2873 -270.228
2874 -270.228
2875 -270.229
2876 -270.229
2877 -270.232
2878 -270.232
2879 -270.228
2880 -270.225
2881 -270.225
2882 -270.226
2883 -270.228
2884 -270.226
2885 -270.224
2886 -270.223
2887 -270.219
2888 -270.22
2889 -270.221
2890 -270.219
2891 -270.217
2892 -270.217
2893 -270.219
2894 -270.223
2895 -270.223
2896 -270.221
2897 -270.22
2898 -270.223
2899 -270.225
2900 -270.225
2901 -270.224
2902 -270.226
2903 -270.225
2904 -270.229
2905 -270.232
2906 -270.234
2907 -270.234
2908 -270.234
2909 -270.234
2910 -270.233
2911 -270.233
2912 -270.231
2913 -270.234
2914 -270.235
2915 -270.235
2916 -270.234
2917 -270.234
2918 -270.235
2919 -270.232
2920 -270.231
2921 -270.23
2922 -270.23
2923 -270.23
2924 -270.23
2925 -270.231
2926 -270.232
2927 -270.235
2928 -270.234
2929 -270.233
2930 -270.233
2931 -270.235
2932 -270.235
2933 -270.235
2934 -270.234
2935 -270.234
2936 -270.235
2937 -270.234
2938 -270.232
2939 -270.231
2940 -270.23
2941 -270.225
2942 -270.223
2943 -270.225
2944 -270.229
2945 -270.23
2946 -270.231
2947 -270.233
2948 -270.235
2949 -270.236
2950 -270.234
2951 -270.235
2952 -270.235
2953 -270.236
2954 -270.24
2955 -270.236
2956 -270.235
2957 -270.233
2958 -270.233
2959 -270.234
2960 -270.235
2961 -270.234
2962 -270.234
2963 -270.235
2964 -270.24
2965 -270.241
2966 -270.24
2967 -270.24
2968 -270.239
2969 -270.239
2970 -270.234
2971 -270.234
2972 -270.234
2973 -270.234
2974 -270.234
2975 -270.234
2976 -270.233
2977 -270.233
2978 -270.233
2979 -270.233
2980 -270.235
2981 -270.235
2982 -270.234
2983 -270.236
2984 -270.235
2985 -270.236
2986 -270.237
2987 -270.236
2988 -270.237
2989 -270.239
2990 -270.239
2991 -270.237
2992 -270.237
2993 -270.236
2994 -270.237
2995 -270.24
2996 -270.239
2997 -270.24
2998 -270.238
2999 -270.235
3000 -270.233
