1 -269.424
2 -269.448
3 -269.495
4 -269.549
5 -269.55
6 -269.594
7 -269.608
8 -269.567
9 -269.544
10 -269.58
11 -269.565
12 -269.636
13 -269.694
14 -269.663
15 -269.673
16 -269.694
17 -269.703
18 -269.767
19 -269.728
20 -269.737
21 -269.755
22 -269.775
23 -269.789
24 -269.804
25 -269.782
26 -269.768
27 -269.805
28 -269.788
29 -269.793
30 -269.79
31 -269.782
32 -269.753
33 -269.788
34 -269.787
35 -269.765
36 -269.796
37 -269.776
38 -269.757
39 -269.745
40 -269.746
41 -269.757
42 -269.711
43 -269.716
44 -269.673
45 -269.686
46 -269.719
47 -269.721
48 -269.779
49 -269.761
50 -269.787
51 -269.738
52 -269.736
53 -269.794
54 -269.795
55 -269.818
56 -269.794
57 -269.791
58 -269.776
59 -269.818
60 -269.821
61 -269.818
62 -269.839
63 -269.838
64 -269.81
65 -269.784
66 -269.755
67 -269.8
68 -269.834
69 -269.801
70 -269.794
71 -269.795
72 -269.801
73 -269.792
74 -269.767
75 -269.768
76 -269.757
77 -269.761
78 -269.773
79 -269.758
80 -269.764
81 -269.775
82 -269.736
83 -269.78
84 -269.792
85 -269.775
86 -269.764
87 -269.764
88 -269.747
89 -269.71
90 -269.733
91 -269.758
92 -269.754
93 -269.769
94 -269.74
95 -269.727
96 -269.736
97 -269.722
98 -269.758
99 -269.767
100 -269.763
101 -269.794
102 -269.801
103 -269.755
104 -269.746
105 -269.738
106 -269.74
107 -269.789
108 -269.776
109 -269.804
110 -269.786
111 -269.779
112 -269.754
113 -269.743
114 -269.741
115 -269.753
116 -269.736
117 -269.726
118 -269.697
119 -269.683
120 -269.738
121 -269.796
122 -269.771
123 -269.826
124 -269.809
125 -269.82
126 -269.799
127 -269.802
128 -269.808
129 -269.86
130 -269.855
131 -269.84
132 -269.796
133 -269.826
134 -269.869
135 -269.835
136 -269.805
137 -269.833
138 -269.825
139 -269.843
140 -269.792
141 -269.764
142 -269.783
143 -269.813
144 -269.821
145 -269.773
146 -269.767
147 -269.725
148 -269.725
149 -269.7
150 -269.693
151 -269.727
152 -269.714
153 -269.751
154 -269.751
155 -269.758
156 -269.742
157 -269.696
158 -269.693
159 -269.739
160 -269.714
161 -269.731
162 -269.741
163 -269.754
164 -269.835
165 -269.85
166 -269.871
167 -269.847
168 -269.86
169 -269.877
170 -269.848
171 -269.837
172 -269.837
173 -269.819
174 -269.825
175 -269.837
176 -269.81
177 -269.832
178 -269.879
179 -269.909
180 -269.915
181 -269.897
182 -269.892
183 -269.883
184 -269.895
185 -269.888
186 -269.904
187 -269.888
188 -269.881
189 -269.89
190 -269.875
191 -269.833
192 -269.834
193 -269.852
194 -269.801
195 -269.839
196 -269.851
197 -269.863
198 -269.827
199 -269.83
200 -269.869
201 -269.883
202 -269.892
203 -269.898
204 -269.867
205 -269.878
206 -269.877
207 -269.883
208 -269.869
209 -269.821
210 -269.816
211 -269.819
212 -269.799
213 -269.823
214 -269.788
215 -269.828
216 -269.858
217 -269.853
218 -269.803
219 -269.796
220 -269.77
221 -269.789
222 -269.83
223 -269.82
224 -269.813
225 -269.829
226 -269.844
227 -269.83
228 -269.857
229 -269.869
230 -269.821
231 -269.825
232 -269.808
233 -269.841
234 -269.868
235 -269.858
236 -269.814
237 -269.807
238 -269.832
239 -269.863
240 -269.881
241 -269.876
242 -269.89
243 -269.896
244 -269.857
245 -269.852
246 -269.832
247 -269.845
248 -269.85
249 -269.838
250 -269.861
251 -269.852
252 -269.858
253 -269.894
254 -269.876
255 -269.847
256 -269.828
257 -269.8
258 -269.776
259 -269.783
260 -269.782
261 -269.824
262 -269.814
263 -269.792
264 -269.808
265 -269.817
266 -269.813
267 -269.792
268 -269.769
269 -269.752
270 -269.688
271 -269.735
272 -269.726
273 -269.759
274 -269.768
275 -269.779
276 -269.731
277 -269.733
278 -269.75
279 -269.748
280 -269.735
281 -269.754
282 -269.759
283 -269.798
284 -269.804
285 -269.791
286 -269.796
287 -269.786
288 -269.78
289 -269.79
290 -269.79
291 -269.812
292 -269.797
293 -269.786
294 -269.758
295 -269.794
296 -269.727
297 -269.769
298 -269.76
299 -269.74
300 -269.741
301 -269.819
302 -269.837
303 -269.836
304 -269.797
305 -269.816
306 -269.863
307 -269.905
308 -269.902
309 -269.937
310 -269.955
311 -269.92
312 -269.904
313 -269.911
314 -269.926
315 -269.925
316 -269.926
317 -269.927
318 -269.952
319 -269.971
320 -269.957
321 -269.966
322 -269.912
323 -269.852
324 -269.818
325 -269.803
326 -269.776
327 -269.773
328 -269.805
329 -269.756
330 -269.745
331 -269.793
332 -269.781
333 -269.806
334 -269.79
335 -269.788
336 -269.836
337 -269.806
338 -269.828
339 -269.83
340 -269.842
341 -269.825
342 -269.846
343 -269.822
344 -269.834
345 -269.841
346 -269.791
347 -269.8
348 -269.785
349 -269.802
350 -269.785
351 -269.767
352 -269.757
353 -269.776
354 -269.775
355 -269.753
356 -269.726
357 -269.774
358 -269.778
359 -269.79
360 -269.805
361 -269.807
362 -269.793
363 -269.82
364 -269.822
365 -269.785
366 -269.796
367 -269.829
368 -269.825
369 -269.841
370 -269.831
371 -269.832
372 -269.848
373 -269.864
374 -269.863
375 -269.861
376 -269.867
377 -269.844
378 -269.857
379 -269.828
380 -269.787
381 -269.777
382 -269.799
383 -269.773
384 -269.764
385 -269.77
386 -269.761
387 -269.776
388 -269.809
389 -269.81
390 -269.807
391 -269.802
392 -269.806
393 -269.8
394 -269.793
395 -269.806
396 -269.803
397 -269.816
398 -269.796
399 -269.796
400 -269.804
401 -269.775
402 -269.788
403 -269.792
404 -269.814
405 -269.803
406 -269.799
407 -269.831
408 -269.843
409 -269.845
410 -269.877
411 -269.902
412 -269.885
413 -269.877
414 -269.897
415 -269.9
416 -269.867
417 -269.887
418 -269.872
419 -269.845
420 -269.827
421 -269.841
422 -269.857
423 -269.853
424 -269.809
425 -269.793
426 -269.783
427 -269.782
428 -269.759
429 -269.799
430 -269.825
431 -269.806
432 -269.797
433 -269.794
434 -269.811
435 -269.836
436 -269.816
437 -269.781
438 -269.808
439 -269.851
440 -269.818
441 -269.822
442 -269.798
443 -269.783
444 -269.777
445 -269.781
446 -269.775
447 -269.792
448 -269.826
449 -269.824
450 -269.797
451 -269.817
452 -269.846
453 -269.845
454 -269.821
455 -269.862
456 -269.868
457 -269.807
458 -269.791
459 -269.787
460 -269.769
461 -269.762
462 -269.77
463 -269.769
464 -269.748
465 -269.74
466 -269.764
467 -269.767
468 -269.763
469 -269.691
470 -269.714
471 -269.741
472 -269.721
473 -269.686
474 -269.672
475 -269.702
476 -269.694
477 -269.709
478 -269.705
479 -269.692
480 -269.702
481 -269.699
482 -269.714
483 -269.719
484 -269.699
485 -269.707
486 -269.751
487 -269.769
488 -269.762
489 -269.749
490 -269.757
491 -269.777
492 -269.826
493 -269.814
494 -269.82
495 -269.82
496 -269.824
497 -269.798
498 -269.8
499 -269.814
500 -269.818
501 -269.796
502 -269.805
503 -269.812
504 -269.834
505 -269.83
506 -269.842
507 -269.86
508 -269.895
509 -269.883
510 -269.867
511 -269.882
512 -269.844
513 -269.868
514 -269.884
515 -269.859
516 -269.865
517 -269.863
518 -269.88
519 -269.85
520 -269.865
521 -269.852
522 -269.831
523 -269.82
524 -269.827
525 -269.818
526 -269.813
527 -269.819
528 -269.811
529 -269.777
530 -269.802
531 -269.817
532 -269.762
533 -269.791
534 -269.797
535 -269.793
536 -269.829
537 -269.804
538 -269.797
539 -269.82
540 -269.796
541 -269.795
542 -269.819
543 -269.817
544 -269.795
545 -269.732
546 -269.742
547 -269.762
548 -269.756
549 -269.759
550 -269.761
551 -269.763
552 -269.755
553 -269.794
554 -269.782
555 -269.798
556 -269.779
557 -269.768
558 -269.798
559 -269.805
560 -269.795
561 -269.784
562 -269.758
563 -269.742
564 -269.766
565 -269.788
566 -269.786
567 -269.752
568 -269.732
569 -269.768
570 -269.758
571 -269.774
572 -269.765
573 -269.767
574 -269.759
575 -269.772
576 -269.763
577 -269.775
578 -269.75
579 -269.73
580 -269.772
581 -269.814
582 -269.797
583 -269.806
584 -269.825
585 -269.815
586 -269.818
587 -269.828
588 -269.836
589 -269.827
590 -269.804
591 -269.788
592 -269.767
593 -269.805
594 -269.794
595 -269.785
596 -269.814
597 -269.814
598 -269.821
599 -269.789
600 -269.79
601 -269.823
602 -269.798
603 -269.803
604 -269.834
605 -269.818
606 -269.822
607 -269.831
608 -269.852
609 -269.839
610 -269.823
611 -269.846
612 -269.849
613 -269.825
614 -269.84
615 -269.825
616 -269.863
617 -269.86
618 -269.84
619 -269.858
620 -269.812
621 -269.815
622 -269.815
623 -269.799
624 -269.827
625 -269.841
626 -269.838
627 -269.837
628 -269.863
629 -269.836
630 -269.845
631 -269.854
632 -269.843
633 -269.813
634 -269.813
635 -269.822
636 -269.817
637 -269.795
638 -269.764
639 -269.767
640 -269.772
641 -269.737
642 -269.743
643 -269.732
644 -269.734
645 -269.732
646 -269.752
647 -269.789
648 -269.808
649 -269.821
650 -269.781
651 -269.779
652 -269.802
653 -269.819
654 -269.807
655 -269.826
656 -269.833
657 -269.846
658 -269.842
659 -269.844
660 -269.851
661 -269.83
662 -269.893
663 -269.882
664 -269.878
665 -269.877
666 -269.872
667 -269.858
668 -269.879
669 -269.853
670 -269.859
671 -269.865
672 -269.863
673 -269.859
674 -269.845
675 -269.869
676 -269.867
677 -269.861
678 -269.839
679 -269.847
680 -269.85
681 -269.845
682 -269.838
683 -269.851
684 -269.856
685 -269.871
686 -269.864
687 -269.876
688 -269.868
689 -269.881
690 -269.88
691 -269.884
692 -269.874
693 -269.885
694 -269.845
695 -269.848
696 -269.824
697 -269.873
698 -269.887
699 -269.885
700 -269.846
701 -269.814
702 -269.806
703 -269.808
704 -269.805
705 -269.82
706 -269.839
707 -269.819
708 -269.839
709 -269.821
710 -269.815
711 -269.812
712 -269.82
713 -269.86
714 -269.834
715 -269.851
716 -269.875
717 -269.866
718 -269.851
719 -269.881
720 -269.876
721 -269.893
722 -269.881
723 -269.833
724 -269.838
725 -269.818
726 -269.796
727 -269.826
728 -269.84
729 -269.812
730 -269.81
731 -269.8
732 -269.834
733 -269.793
734 -269.806
735 -269.805
736 -269.813
737 -269.809
738 -269.816
739 -269.818
740 -269.84
741 -269.845
742 -269.834
743 -269.823
744 -269.809
745 -269.785
746 -269.782
747 -269.802
748 -269.819
749 -269.791
750 -269.795
751 -269.755
752 -269.798
753 -269.797
754 -269.798
755 -269.774
756 -269.741
757 -269.778
758 -269.777
759 -269.782
760 -269.783
761 -269.768
762 -269.806
763 -269.767
764 -269.767
765 -269.781
766 -269.787
767 -269.793
768 -269.818
769 -269.81
770 -269.804
771 -269.823
772 -269.819
773 -269.819
774 -269.807
775 -269.785
776 -269.823
777 -269.774
778 -269.769
779 -269.764
780 -269.778
781 -269.78
782 -269.808
783 -269.82
784 -269.842
785 -269.839
786 -269.812
787 -269.818
788 -269.799
789 -269.801
790 -269.795
791 -269.816
792 -269.826
793 -269.814
794 -269.805
795 -269.77
796 -269.838
797 -269.842
798 -269.848
799 -269.839
800 -269.842
801 -269.846
802 -269.835
803 -269.856
804 -269.879
805 -269.851
806 -269.896
807 -269.902
808 -269.906
809 -269.882
810 -269.863
811 -269.866
812 -269.857
813 -269.844
814 -269.913
815 -269.893
816 -269.908
817 -269.879
818 -269.904
819 -269.894
820 -269.895
821 -269.841
822 -269.808
823 -269.816
824 -269.806
825 -269.798
826 -269.791
827 -269.799
828 -269.731
829 -269.704
830 -269.699
831 -269.679
832 -269.647
833 -269.685
834 -269.673
835 -269.729
836 -269.745
837 -269.76
838 -269.787
839 -269.802
840 -269.785
841 -269.783
842 -269.765
843 -269.755
844 -269.702
845 -269.69
846 -269.732
847 -269.717
848 -269.7
849 -269.729
850 -269.733
851 -269.777
852 -269.788
853 -269.785
854 -269.795
855 -269.845
856 -269.833
857 -269.856
858 -269.873
859 -269.861
860 -269.841
861 -269.82
862 -269.806
863 -269.79
864 -269.814
865 -269.806
866 -269.831
867 -269.814
868 -269.781
869 -269.822
870 -269.812
871 -269.817
872 -269.776
873 -269.793
874 -269.794
875 -269.799
876 -269.817
877 -269.823
878 -269.813
879 -269.78
880 -269.788
881 -269.783
882 -269.77
883 -269.764
884 -269.808
885 -269.824
886 -269.866
887 -269.86
888 -269.866
889 -269.892
890 -269.876
891 -269.894
892 -269.886
893 -269.833
894 -269.826
895 -269.845
896 -269.836
897 -269.84
898 -269.837
899 -269.799
900 -269.766
901 -269.795
902 -269.813
903 -269.832
904 -269.851
905 -269.807
906 -269.805
907 -269.788
908 -269.782
909 -269.801
910 -269.786
911 -269.792
912 -269.808
913 -269.779
914 -269.773
915 -269.814
916 -269.808
917 -269.834
918 -269.806
919 -269.813
920 -269.792
921 -269.77
922 -269.75
923 -269.769
924 -269.763
925 -269.793
926 -269.809
927 -269.774
928 -269.741
929 -269.738
930 -269.744
931 -269.754
932 -269.761
933 -269.784
934 -269.785
935 -269.754
936 -269.736
937 -269.742
938 -269.722
939 -269.737
940 -269.791
941 -269.79
942 -269.789
943 -269.804
944 -269.804
945 -269.779
946 -269.742
947 -269.735
948 -269.766
949 -269.789
950 -269.833
951 -269.842
952 -269.863
953 -269.828
954 -269.822
955 -269.816
956 -269.787
957 -269.775
958 -269.782
959 -269.82
960 -269.821
961 -269.815
962 -269.835
963 -269.83
964 -269.84
965 -269.85
966 -269.851
967 -269.815
968 -269.819
969 -269.83
970 -269.848
971 -269.82
972 -269.816
973 -269.795
974 -269.845
975 -269.834
976 -269.841
977 -269.801
978 -269.796
979 -269.819
980 -269.825
981 -269.817
982 -269.827
983 -269.854
984 -269.878
985 -269.879
986 -269.869
987 -269.854
988 -269.875
989 -269.848
990 -269.812
991 -269.838
992 -269.841
993 -269.865
994 -269.84
995 -269.799
996 -269.773
997 -269.738
998 -269.76
999 -269.753
1000 -269.797
1001 -269.769
1002 -269.778
1003 -269.785
1004 -269.798
1005 -269.778
1006 -269.77
1007 -269.775
1008 -269.778
1009 -269.782
1010 -269.81
1011 -269.798
1012 -269.79
1013 -269.774
1014 -269.722
1015 -269.693
1016 -269.724
1017 -269.75
1018 -269.748
1019 -269.778
1020 -269.838
1021 -269.814
1022 -269.841
1023 -269.838
1024 -269.824
1025 -269.878
1026 -269.862
1027 -269.84
1028 -269.852
1029 -269.869
1030 -269.864
1031 -269.883
1032 -269.885
1033 -269.874
1034 -269.854
1035 -269.843
1036 -269.842
1037 -269.833
1038 -269.839
1039 -269.826
1040 -269.798
1041 -269.82
1042 -269.847
1043 -269.84
1044 -269.837
1045 -269.781
1046 -269.771
1047 -269.8
1048 -269.832
1049 -269.841
1050 -269.82
1051 -269.82
1052 -269.806
1053 -269.825
1054 -269.805
1055 -269.776
1056 -269.786
1057 -269.779
1058 -269.781
1059 -269.809
1060 -269.822
1061 -269.852
1062 -269.887
1063 -269.869
1064 -269.888
1065 -269.881
1066 -269.882
1067 -269.896
1068 -269.891
1069 -269.879
1070 -269.882
1071 -269.863
1072 -269.839
1073 -269.819
1074 -269.803
1075 -269.77
1076 -269.763
1077 -269.773
1078 -269.788
1079 -269.794
1080 -269.797
1081 -269.775
1082 -269.802
1083 -269.827
1084 -269.834
1085 -269.819
1086 -269.828
1087 -269.836
1088 -269.87
1089 -269.874
1090 -269.867
1091 -269.865
1092 -269.843
1093 -269.814
1094 -269.802
1095 -269.795
1096 -269.774
1097 -269.797
1098 -269.76
1099 -269.83
1100 -269.819
1101 -269.827
1102 -269.812
1103 -269.803
1104 -269.78
1105 -269.788
1106 -269.75
1107 -269.79
1108 -269.82
1109 -269.829
1110 -269.778
1111 -269.797
1112 -269.819
1113 -269.827
1114 -269.864
1115 -269.862
1116 -269.85
1117 -269.817
1118 -269.787
1119 -269.807
1120 -269.825
1121 -269.82
1122 -269.818
1123 -269.795
1124 -269.8
1125 -269.776
1126 -269.752
1127 -269.758
1128 -269.772
1129 -269.754
1130 -269.778
1131 -269.764
1132 -269.756
1133 -269.764
1134 -269.772
1135 -269.769
1136 -269.786
1137 -269.758
1138 -269.741
1139 -269.75
1140 -269.723
1141 -269.721
1142 -269.729
1143 -269.718
1144 -269.715
1145 -269.716
1146 -269.678
1147 -269.71
1148 -269.731
1149 -269.744
1150 -269.767
1151 -269.772
1152 -269.754
1153 -269.752
1154 -269.771
1155 -269.78
1156 -269.758
1157 -269.786
1158 -269.76
1159 -269.801
1160 -269.822
1161 -269.812
1162 -269.797
1163 -269.865
1164 -269.858
1165 -269.843
1166 -269.82
1167 -269.802
1168 -269.818
1169 -269.804
1170 -269.789
1171 -269.797
1172 -269.782
1173 -269.823
1174 -269.798
1175 -269.803
1176 -269.784
1177 -269.815
1178 -269.778
1179 -269.748
1180 -269.773
1181 -269.783
1182 -269.768
1183 -269.808
1184 -269.793
1185 -269.786
1186 -269.743
1187 -269.769
1188 -269.763
1189 -269.725
1190 -269.742
1191 -269.758
1192 -269.761
1193 -269.771
1194 -269.775
1195 -269.799
1196 -269.79
1197 -269.791
1198 -269.807
1199 -269.801
1200 -269.828
1201 -269.831
1202 -269.816
1203 -269.826
1204 -269.839
1205 -269.86
1206 -269.862
1207 -269.864
1208 -269.855
1209 -269.854
1210 -269.835
1211 -269.803
1212 -269.839
1213 -269.846
1214 -269.832
1215 -269.87
1216 -269.869
1217 -269.865
1218 -269.863
1219 -269.862
1220 -269.883
1221 -269.891
1222 -269.919
1223 -269.932
1224 -269.932
1225 -269.903
1226 -269.866
1227 -269.825
1228 -269.849
1229 -269.817
1230 -269.787
1231 -269.778
1232 -269.802
1233 -269.807
1234 -269.783
1235 -269.764
1236 -269.765
1237 -269.782
1238 -269.806
1239 -269.837
1240 -269.857
1241 -269.849
1242 -269.84
1243 -269.847
1244 -269.845
1245 -269.845
1246 -269.841
1247 -269.838
1248 -269.84
1249 -269.83
1250 -269.838
1251 -269.819
1252 -269.789
1253 -269.795
1254 -269.739
1255 -269.76
1256 -269.748
1257 -269.721
1258 -269.735
1259 -269.731
1260 -269.721
1261 -269.678
1262 -269.712
1263 -269.696
1264 -269.699
1265 -269.712
1266 -269.724
1267 -269.719
1268 -269.738
1269 -269.792
1270 -269.785
1271 -269.794
1272 -269.813
1273 -269.807
1274 -269.817
1275 -269.814
1276 -269.828
1277 -269.828
1278 -269.847
1279 -269.85
1280 -269.857
1281 -269.861
1282 -269.854
1283 -269.888
1284 -269.865
1285 -269.827
1286 -269.838
1287 -269.844
1288 -269.869
1289 -269.869
1290 -269.87
1291 -269.817
1292 -269.769
1293 -269.787
1294 -269.781
1295 -269.787
1296 -269.768
1297 -269.747
1298 -269.727
1299 -269.728
1300 -269.694
1301 -269.728
1302 -269.738
1303 -269.766
1304 -269.761
1305 -269.754
1306 -269.742
1307 -269.746
1308 -269.767
1309 -269.768
1310 -269.778
1311 -269.816
1312 -269.826
1313 -269.823
1314 -269.786
1315 -269.794
1316 -269.826
1317 -269.819
1318 -269.849
1319 -269.873
1320 -269.854
1321 -269.861
1322 -269.847
1323 -269.857
1324 -269.867
1325 -269.875
1326 -269.843
1327 -269.831
1328 -269.814
1329 -269.834
1330 -269.781
1331 -269.812
1332 -269.816
1333 -269.839
1334 -269.817
1335 -269.824
1336 -269.825
1337 -269.797
1338 -269.805
1339 -269.794
1340 -269.812
1341 -269.81
1342 -269.811
1343 -269.806
1344 -269.861
1345 -269.866
1346 -269.862
1347 -269.842
1348 -269.85
1349 -269.854
1350 -269.845
1351 -269.87
1352 -269.88
1353 -269.836
1354 -269.822
1355 -269.828
1356 -269.817
1357 -269.814
1358 -269.819
1359 -269.81
1360 -269.819
1361 -269.832
1362 -269.812
1363 -269.77
1364 -269.775
1365 -269.782
1366 -269.774
1367 -269.733
1368 -269.704
1369 -269.694
1370 -269.76
1371 -269.746
1372 -269.755
1373 -269.709
1374 -269.683
1375 -269.673
1376 -269.703
1377 -269.719
1378 -269.755
1379 -269.738
1380 -269.724
1381 -269.709
1382 -269.728
1383 -269.748
1384 -269.765
1385 -269.734
1386 -269.722
1387 -269.712
1388 -269.697
1389 -269.693
1390 -269.72
1391 -269.725
1392 -269.716
1393 -269.719
1394 -269.751
1395 -269.766
1396 -269.76
1397 -269.8
1398 -269.767
1399 -269.784
1400 -269.774
1401 -269.77
1402 -269.761
1403 -269.733
1404 -269.756
1405 -269.775
1406 -269.732
1407 -269.748
1408 -269.685
1409 -269.7
1410 -269.722
1411 -269.771
1412 -269.749
1413 -269.75
1414 -269.761
1415 -269.723
1416 -269.711
1417 -269.757
1418 -269.746
1419 -269.746
1420 -269.772
1421 -269.786
1422 -269.757
1423 -269.73
1424 -269.744
1425 -269.733
1426 -269.723
1427 -269.718
1428 -269.729
1429 -269.677
1430 -269.671
1431 -269.673
1432 -269.662
1433 -269.639
1434 -269.67
1435 -269.676
1436 -269.665
1437 -269.674
1438 -269.683
1439 -269.701
1440 -269.665
1441 -269.678
1442 -269.692
1443 -269.712
1444 -269.725
1445 -269.693
1446 -269.696
1447 -269.698
1448 -269.698
1449 -269.675
1450 -269.714
1451 -269.691
1452 -269.687
1453 -269.698
1454 -269.731
1455 -269.741
1456 -269.775
1457 -269.793
1458 -269.804
1459 -269.794
1460 -269.75
1461 -269.773
1462 -269.764
1463 -269.78
1464 -269.806
1465 -269.792
1466 -269.825
1467 -269.835
1468 -269.834
1469 -269.822
1470 -269.809
1471 -269.784
1472 -269.797
1473 -269.825
1474 -269.813
1475 -269.817
1476 -269.834
1477 -269.87
1478 -269.869
1479 -269.857
1480 -269.851
1481 -269.849
1482 -269.85
1483 -269.85
1484 -269.852
1485 -269.811
1486 -269.794
1487 -269.809
1488 -269.796
1489 -269.815
1490 -269.802
1491 -269.854
1492 -269.834
1493 -269.821
1494 -269.789
1495 -269.823
1496 -269.797
1497 -269.728
1498 -269.789
1499 -269.801
1500 -269.805
1501 -269.82
1502 -269.815
1503 -269.806
1504 -269.805
1505 -269.796
1506 -269.806
1507 -269.773
1508 -269.807
1509 -269.762
1510 -269.75
1511 -269.767
1512 -269.794
1513 -269.777
1514 -269.801
1515 -269.792
1516 -269.79
1517 -269.81
1518 -269.811
1519 -269.809
1520 -269.802
1521 -269.801
1522 -269.759
1523 -269.749
1524 -269.744
1525 -269.739
1526 -269.738
1527 -269.73
1528 -269.779
1529 -269.79
1530 -269.783
1531 -269.823
1532 -269.83
1533 -269.801
1534 -269.81
1535 -269.808
1536 -269.816
1537 -269.833
1538 -269.814
1539 -269.797
1540 -269.787
1541 -269.778
1542 -269.795
1543 -269.811
1544 -269.84
1545 -269.834
1546 -269.815
1547 -269.804
1548 -269.797
1549 -269.782
1550 -269.793
1551 -269.767
1552 -269.789
1553 -269.765
1554 -269.728
1555 -269.73
1556 -269.743
1557 -269.746
1558 -269.721
1559 -269.723
1560 -269.707
1561 -269.728
1562 -269.764
1563 -269.736
1564 -269.751
1565 -269.733
1566 -269.78
1567 -269.767
1568 -269.775
1569 -269.774
1570 -269.784
1571 -269.8
1572 -269.79
1573 -269.774
1574 -269.781
1575 -269.774
1576 -269.808
1577 -269.817
1578 -269.804
1579 -269.771
1580 -269.739
1581 -269.748
1582 -269.772
1583 -269.813
1584 -269.791
1585 -269.787
1586 -269.799
1587 -269.807
1588 -269.802
1589 -269.797
1590 -269.823
1591 -269.82
1592 -269.841
1593 -269.855
1594 -269.849
1595 -269.828
1596 -269.821
1597 -269.791
1598 -269.799
1599 -269.806
1600 -269.834
1601 -269.807
1602 -269.819
1603 -269.851
1604 -269.82
1605 -269.802
1606 -269.811
1607 -269.831
1608 -269.844
1609 -269.874
1610 -269.907
1611 -269.911
1612 -269.925
1613 -269.898
1614 -269.881
1615 -269.881
1616 -269.851
1617 -269.811
1618 -269.777
1619 -269.78
1620 -269.791
1621 -269.775
1622 -269.791
1623 -269.825
1624 -269.794
1625 -269.822
1626 -269.822
1627 -269.817
1628 -269.832
1629 -269.839
1630 -269.848
1631 -269.858
1632 -269.853
1633 -269.848
1634 -269.826
1635 -269.808
1636 -269.798
1637 -269.78
1638 -269.79
1639 -269.754
1640 -269.769
1641 -269.773
1642 -269.808
1643 -269.8
1644 -269.806
1645 -269.835
1646 -269.846
1647 -269.873
1648 -269.84
1649 -269.863
1650 -269.842
1651 -269.839
1652 -269.821
1653 -269.788
1654 -269.757
1655 -269.775
1656 -269.806
1657 -269.811
1658 -269.807
1659 -269.764
1660 -269.765
1661 -269.78
1662 -269.746
1663 -269.74
1664 -269.74
1665 -269.747
1666 -269.735
1667 -269.709
1668 -269.693
1669 -269.674
1670 -269.704
1671 -269.679
1672 -269.673
1673 -269.699
1674 -269.725
1675 -269.716
1676 -269.727
1677 -269.762
1678 -269.749
1679 -269.777
1680 -269.803
1681 -269.78
1682 -269.814
1683 -269.789
1684 -269.802
1685 -269.798
1686 -269.79
1687 -269.818
1688 -269.821
1689 -269.814
1690 -269.796
1691 -269.792
1692 -269.797
1693 -269.791
1694 -269.798
1695 -269.782
1696 -269.778
1697 -269.753
1698 -269.791
1699 -269.791
1700 -269.785
1701 -269.789
1702 -269.815
1703 -269.824
1704 -269.832
1705 -269.827
1706 -269.824
1707 -269.841
1708 -269.82
1709 -269.81
1710 -269.818
1711 -269.845
1712 -269.851
1713 -269.831
1714 -269.82
1715 -269.802
1716 -269.786
1717 -269.745
1718 -269.726
1719 -269.743
1720 -269.746
1721 -269.744
1722 -269.753
1723 -269.778
1724 -269.766
1725 -269.712
1726 -269.757
1727 -269.752
1728 -269.735
1729 -269.718
1730 -269.77
1731 -269.789
1732 -269.804
1733 -269.761
1734 -269.745
1735 -269.715
1736 -269.777
1737 -269.785
1738 -269.801
1739 -269.775
1740 -269.783
1741 -269.797
1742 -269.802
1743 -269.773
1744 -269.726
1745 -269.773
1746 -269.768
1747 -269.768
1748 -269.774
1749 -269.816
1750 -269.784
1751 -269.784
1752 -269.808
1753 -269.795
1754 -269.727
1755 -269.755
1756 -269.753
1757 -269.792
1758 -269.793
1759 -269.772
1760 -269.778
1761 -269.809
1762 -269.783
1763 -269.763
1764 -269.798
1765 -269.832
1766 -269.842
1767 -269.84
1768 -269.831
1769 -269.812
1770 -269.789
1771 -269.81
1772 -269.833
1773 -269.857
1774 -269.858
1775 -269.86
1776 -269.881
1777 -269.876
1778 -269.897
1779 -269.902
1780 -269.831
1781 -269.835
1782 -269.868
1783 -269.862
1784 -269.831
1785 -269.844
1786 -269.849
1787 -269.857
1788 -269.787
1789 -269.761
1790 -269.795
1791 -269.829
1792 -269.806
1793 -269.869
1794 -269.875
1795 -269.878
1796 -269.868
1797 -269.874
1798 -269.835
1799 -269.839
1800 -269.824
1801 -269.818
1802 -269.832
1803 -269.819
1804 -269.847
1805 -269.841
1806 -269.853
1807 -269.844
1808 -269.835
1809 -269.84
1810 -269.854
1811 -269.856
1812 -269.889
1813 -269.887
1814 -269.856
1815 -269.825
1816 -269.814
1817 -269.798
1818 -269.827
1819 -269.86
1820 -269.79
1821 -269.825
1822 -269.818
1823 -269.822
1824 -269.773
1825 -269.786
1826 -269.805
1827 -269.821
1828 -269.85
1829 -269.854
1830 -269.868
1831 -269.842
1832 -269.814
1833 -269.754
1834 -269.758
1835 -269.786
1836 -269.785
1837 -269.799
1838 -269.78
1839 -269.801
1840 -269.795
1841 -269.791
1842 -269.792
1843 -269.815
1844 -269.806
1845 -269.782
1846 -269.793
1847 -269.8
1848 -269.777
1849 -269.777
1850 -269.78
1851 -269.793
1852 -269.782
1853 -269.797
1854 -269.819
1855 -269.791
1856 -269.785
1857 -269.792
1858 -269.798
1859 -269.814
1860 -269.831
1861 -269.813
1862 -269.837
1863 -269.839
1864 -269.837
1865 -269.864
1866 -269.886
1867 -269.888
1868 -269.865
1869 -269.861
1870 -269.888
1871 -269.882
1872 -269.834
1873 -269.83
1874 -269.857
1875 -269.847
1876 -269.85
1877 -269.864
1878 -269.859
1879 -269.821
1880 -269.776
1881 -269.772
1882 -269.8
1883 -269.809
1884 -269.817
1885 -269.838
1886 -269.84
1887 -269.831
1888 -269.831
1889 -269.823
1890 -269.841
1891 -269.828
1892 -269.828
1893 -269.826
1894 -269.82
1895 -269.841
1896 -269.845
1897 -269.852
1898 -269.849
1899 -269.826
1900 -269.833
1901 -269.821
1902 -269.818
1903 -269.803
1904 -269.822
1905 -269.84
1906 -269.825
1907 -269.844
1908 -269.856
1909 -269.887
1910 -269.872
1911 -269.851
1912 -269.823
1913 -269.79
1914 -269.799
1915 -269.772
1916 -269.759
1917 -269.776
1918 -269.75
1919 -269.736
1920 -269.712
1921 -269.745
1922 -269.77
1923 -269.775
1924 -269.795
1925 -269.831
1926 -269.811
1927 -269.797
1928 -269.861
1929 -269.819
1930 -269.812
1931 -269.826
1932 -269.88
1933 -269.864
1934 -269.838
1935 -269.852
1936 -269.868
1937 -269.843
1938 -269.821
1939 -269.825
1940 -269.809
1941 -269.826
1942 -269.847
1943 -269.849
1944 -269.807
1945 -269.834
1946 -269.809
1947 -269.824
1948 -269.827
1949 -269.867
1950 -269.83
1951 -269.802
1952 -269.818
1953 -269.807
1954 -269.826
1955 -269.81
1956 -269.819
1957 -269.809
1958 -269.8
1959 -269.789
1960 -269.778
1961 -269.751
1962 -269.724
1963 -269.726
1964 -269.778
1965 -269.782
1966 -269.79
1967 -269.783
1968 -269.803
1969 -269.778
1970 -269.82
1971 -269.819
1972 -269.799
1973 -269.794
1974 -269.747
1975 -269.77
1976 -269.769
1977 -269.757
1978 -269.773
1979 -269.768
1980 -269.765
1981 -269.793
1982 -269.769
1983 -269.775
1984 -269.829
1985 -269.83
1986 -269.838
1987 -269.847
1988 -269.868
1989 -269.838
1990 -269.822
1991 -269.8
1992 -269.783
1993 -269.779
1994 -269.805
1995 -269.855
1996 -269.837
1997 -269.843
1998 -269.841
1999 -269.833
2000 -269.832
2001 -269.852
2002 -269.841
2003 -269.854
2004 -269.842
2005 -269.808
2006 -269.825
2007 -269.852
2008 -269.818
2009 -269.828
2010 -269.833
2011 -269.829
2012 -269.774
2013 -269.812
2014 -269.816
2015 -269.821
2016 -269.814
2017 -269.785
2018 -269.759
2019 -269.744
2020 -269.749
2021 -269.78
2022 -269.795
2023 -269.838
2024 -269.818
2025 -269.823
2026 -269.813
2027 -269.799
2028 -269.771
2029 -269.783
2030 -269.798
2031 -269.86
2032 -269.839
2033 -269.816
2034 -269.813
2035 -269.813
2036 -269.828
2037 -269.803
2038 -269.796
2039 -269.823
2040 -269.788
2041 -269.779
2042 -269.772
2043 -269.772
2044 -269.789
2045 -269.795
2046 -269.782
2047 -269.791
2048 -269.796
2049 -269.858
2050 -269.864
2051 -269.871
2052 -269.862
2053 -269.849
2054 -269.858
2055 -269.855
2056 -269.846
2057 -269.853
2058 -269.846
2059 -269.851
2060 -269.783
2061 -269.761
2062 -269.753
2063 -269.728
2064 -269.745
2065 -269.761
2066 -269.765
2067 -269.783
2068 -269.79
2069 -269.82
2070 -269.805
2071 -269.798
2072 -269.825
2073 -269.824
2074 -269.805
2075 -269.815
2076 -269.803
2077 -269.84
2078 -269.845
2079 -269.841
2080 -269.887
2081 -269.893
2082 -269.869
2083 -269.843
2084 -269.858
2085 -269.824
2086 -269.834
2087 -269.833
2088 -269.819
2089 -269.815
2090 -269.809
2091 -269.786
2092 -269.805
2093 -269.802
2094 -269.806
2095 -269.803
2096 -269.825
2097 -269.818
2098 -269.791
2099 -269.797
2100 -269.784
2101 -269.84
2102 -269.811
2103 -269.821
2104 -269.827
2105 -269.835
2106 -269.835
2107 -269.825
2108 -269.786
2109 -269.827
2110 -269.824
2111 -269.817
2112 -269.76
2113 -269.735
2114 -269.731
2115 -269.721
2116 -269.727
2117 -269.724
2118 -269.725
2119 -269.684
2120 -269.72
2121 -269.714
2122 -269.726
2123 -269.688
2124 -269.693
2125 -269.696
2126 -269.695
2127 -269.718
2128 -269.748
2129 -269.733
2130 -269.741
2131 -269.746
2132 -269.693
2133 -269.68
2134 -269.663
2135 -269.664
2136 -269.648
2137 -269.657
2138 -269.685
2139 -269.717
2140 -269.725
2141 -269.705
2142 -269.711
2143 -269.759
2144 -269.775
2145 -269.772
2146 -269.793
2147 -269.778
2148 -269.762
2149 -269.789
2150 -269.772
2151 -269.762
2152 -269.772
2153 -269.76
2154 -269.756
2155 -269.752
2156 -269.727
2157 -269.721
2158 -269.72
2159 -269.761
2160 -269.745
2161 -269.786
2162 -269.797
2163 -269.805
2164 -269.831
2165 -269.827
2166 -269.873
2167 -269.849
2168 -269.885
2169 -269.878
2170 -269.881
2171 -269.858
2172 -269.839
2173 -269.848
2174 -269.873
2175 -269.883
2176 -269.879
2177 -269.842
2178 -269.84
2179 -269.836
2180 -269.81
2181 -269.801
2182 -269.787
2183 -269.803
2184 -269.785
2185 -269.816
2186 -269.833
2187 -269.878
2188 -269.86
2189 -269.892
2190 -269.904
2191 -269.923
2192 -269.919
2193 -269.865
2194 -269.839
2195 -269.806
2196 -269.801
2197 -269.811
2198 -269.799
2199 -269.776
2200 -269.795
2201 -269.787
2202 -269.813
2203 -269.779
2204 -269.803
2205 -269.799
2206 -269.814
2207 -269.816
2208 -269.823
2209 -269.806
2210 -269.811
2211 -269.806
2212 -269.802
2213 -269.788
2214 -269.749
2215 -269.734
2216 -269.728
2217 -269.754
2218 -269.805
2219 -269.798
2220 -269.819
2221 -269.85
2222 -269.824
2223 -269.814
2224 -269.807
2225 -269.812
2226 -269.812
2227 -269.825
2228 -269.802
2229 -269.786
2230 -269.792
2231 -269.777
2232 -269.778
2233 -269.788
2234 -269.8
2235 -269.791
2236 -269.767
2237 -269.777
2238 -269.783
2239 -269.805
2240 -269.788
2241 -269.802
2242 -269.795
2243 -269.809
2244 -269.853
2245 -269.858
2246 -269.856
2247 -269.864
2248 -269.841
2249 -269.827
2250 -269.815
2251 -269.825
2252 -269.783
2253 -269.778
2254 -269.804
2255 -269.787
2256 -269.801
2257 -269.807
2258 -269.831
2259 -269.843
2260 -269.786
2261 -269.787
2262 -269.763
2263 -269.728
2264 -269.725
2265 -269.744
2266 -269.769
2267 -269.778
2268 -269.785
2269 -269.801
2270 -269.797
2271 -269.804
2272 -269.799
2273 -269.796
2274 -269.771
2275 -269.796
2276 -269.809
2277 -269.806
2278 -269.817
2279 -269.831
2280 -269.843
2281 -269.809
2282 -269.785
2283 -269.792
2284 -269.762
2285 -269.781
2286 -269.764
2287 -269.759
2288 -269.766
2289 -269.741
2290 -269.743
2291 -269.764
2292 -269.784
2293 -269.802
2294 -269.828
2295 -269.845
2296 -269.859
2297 -269.819
2298 -269.818
2299 -269.814
2300 -269.808
2301 -269.765
2302 -269.734
2303 -269.688
2304 -269.681
2305 -269.718
2306 -269.782
2307 -269.771
2308 -269.769
2309 -269.799
2310 -269.824
2311 -269.834
2312 -269.824
2313 -269.815
2314 -269.798
2315 -269.828
2316 -269.823
2317 -269.831
2318 -269.819
2319 -269.8
2320 -269.807
2321 -269.75
2322 -269.771
2323 -269.791
2324 -269.777
2325 -269.728
2326 -269.709
2327 -269.705
2328 -269.702
2329 -269.732
2330 -269.717
2331 -269.733
2332 -269.791
2333 -269.784
2334 -269.785
2335 -269.799
2336 -269.805
2337 -269.809
2338 -269.831
2339 -269.847
2340 -269.834
2341 -269.85
2342 -269.866
2343 -269.88
2344 -269.869
2345 -269.87
2346 -269.9
2347 -269.894
2348 -269.889
2349 -269.861
2350 -269.861
2351 -269.882
2352 -269.886
2353 -269.883
2354 -269.873
2355 -269.857
2356 -269.847
2357 -269.841
2358 -269.82
2359 -269.822
2360 -269.81
2361 -269.792
2362 -269.804
2363 -269.806
2364 -269.803
2365 -269.801
2366 -269.807
2367 -269.782
2368 -269.787
2369 -269.803
2370 -269.782
2371 -269.783
2372 -269.782
2373 -269.805
2374 -269.797
2375 -269.802
2376 -269.757
2377 -269.798
2378 -269.768
2379 -269.764
2380 -269.764
2381 -269.741
2382 -269.782
2383 -269.75
2384 -269.783
2385 -269.81
2386 -269.834
2387 -269.812
2388 -269.813
2389 -269.811
2390 -269.802
2391 -269.809
2392 -269.777
2393 -269.786
2394 -269.811
2395 -269.81
2396 -269.78
2397 -269.788
2398 -269.833
2399 -269.805
2400 -269.789
2401 -269.785
2402 -269.776
2403 -269.783
2404 -269.76
2405 -269.761
2406 -269.782
2407 -269.77
2408 -269.747
2409 -269.742
2410 -269.781
2411 -269.769
2412 -269.782
2413 -269.769
2414 -269.748
2415 -269.774
2416 -269.822
2417 -269.829
2418 -269.828
2419 -269.792
2420 -269.77
2421 -269.778
2422 -269.801
2423 -269.786
2424 -269.8
2425 -269.768
2426 -269.742
2427 -269.708
2428 -269.744
2429 -269.744
2430 -269.722
2431 -269.739
2432 -269.748
2433 -269.772
2434 -269.766
2435 -269.759
2436 -269.734
2437 -269.72
2438 -269.752
2439 -269.776
2440 -269.816
2441 -269.849
2442 -269.844
2443 -269.885
2444 -269.956
2445 -269.914
2446 -269.931
2447 -269.932
2448 -269.941
2449 -269.901
2450 -269.877
2451 -269.882
2452 -269.887
2453 -269.828
2454 -269.82
2455 -269.822
2456 -269.841
2457 -269.827
2458 -269.862
2459 -269.88
2460 -269.837
2461 -269.848
2462 -269.866
2463 -269.851
2464 -269.841
2465 -269.837
2466 -269.835
2467 -269.813
2468 -269.844
2469 -269.837
2470 -269.848
2471 -269.86
2472 -269.875
2473 -269.86
2474 -269.888
2475 -269.87
2476 -269.86
2477 -269.846
2478 -269.811
2479 -269.81
2480 -269.804
2481 -269.786
2482 -269.8
2483 -269.81
2484 -269.816
2485 -269.811
2486 -269.799
2487 -269.774
2488 -269.78
2489 -269.773
2490 -269.756
2491 -269.773
2492 -269.735
2493 -269.74
2494 -269.767
2495 -269.748
2496 -269.761
2497 -269.758
2498 -269.761
2499 -269.807
2500 -269.788
2501 -269.787
2502 -269.774
2503 -269.799
2504 -269.816
2505 -269.807
2506 -269.826
2507 -269.825
2508 -269.818
2509 -269.83
2510 -269.824
2511 -269.838
2512 -269.833
2513 -269.842
2514 -269.843
2515 -269.835
2516 -269.838
2517 -269.854
2518 -269.814
2519 -269.802
2520 -269.793
2521 -269.748
2522 -269.754
2523 -269.726
2524 -269.753
2525 -269.708
2526 -269.743
2527 -269.788
2528 -269.808
2529 -269.849
2530 -269.865
2531 -269.843
2532 -269.848
2533 -269.852
2534 -269.816
2535 -269.794
2536 -269.805
2537 -269.8
2538 -269.818
2539 -269.808
2540 -269.854
2541 -269.86
2542 -269.816
2543 -269.81
2544 -269.823
2545 -269.832
2546 -269.822
2547 -269.817
2548 -269.78
2549 -269.816
2550 -269.855
2551 -269.77
2552 -269.785
2553 -269.767
2554 -269.846
2555 -269.823
2556 -269.835
2557 -269.835
2558 -269.807
2559 -269.772
2560 -269.777
2561 -269.741
2562 -269.787
2563 -269.782
2564 -269.786
2565 -269.819
2566 -269.801
2567 -269.792
2568 -269.788
2569 -269.766
2570 -269.767
2571 -269.774
2572 -269.806
2573 -269.783
2574 -269.757
2575 -269.798
2576 -269.795
2577 -269.794
2578 -269.792
2579 -269.788
2580 -269.841
2581 -269.837
2582 -269.873
2583 -269.865
2584 -269.861
2585 -269.852
2586 -269.847
2587 -269.849
2588 -269.807
2589 -269.827
2590 -269.835
2591 -269.824
2592 -269.813
2593 -269.816
2594 -269.81
2595 -269.837
2596 -269.818
2597 -269.805
2598 -269.78
2599 -269.777
2600 -269.762
2601 -269.791
2602 -269.789
2603 -269.821
2604 -269.821
2605 -269.84
2606 -269.83
2607 -269.842
2608 -269.85
2609 -269.855
2610 -269.816
2611 -269.844
2612 -269.811
2613 -269.791
2614 -269.797
2615 -269.816
2616 -269.822
2617 -269.829
2618 -269.857
2619 -269.838
2620 -269.859
2621 -269.886
2622 -269.87
2623 -269.888
2624 -269.855
2625 -269.838
2626 -269.834
2627 -269.831
2628 -269.849
2629 -269.849
2630 -269.859
2631 -269.866
2632 -269.86
2633 -269.839
2634 -269.834
2635 -269.843
2636 -269.84
2637 -269.85
2638 -269.847
2639 -269.825
2640 -269.801
2641 -269.796
2642 -269.81
2643 -269.836
2644 -269.838
2645 -269.849
2646 -269.858
2647 -269.878
2648 -269.874
2649 -269.859
2650 -269.833
2651 -269.834
2652 -269.813
2653 -269.806
2654 -269.805
2655 -269.776
2656 -269.797
2657 -269.791
2658 -269.799
2659 -269.784
2660 -269.793
2661 -269.83
2662 -269.835
2663 -269.847
2664 -269.773
2665 -269.766
2666 -269.731
2667 -269.713
2668 -269.817
2669 -269.845
2670 -269.821
2671 -269.805
2672 -269.817
2673 -269.84
2674 -269.784
2675 -269.78
2676 -269.763
2677 -269.738
2678 -269.771
2679 -269.716
2680 -269.752
2681 -269.703
2682 -269.722
2683 -269.734
2684 -269.73
2685 -269.756
2686 -269.79
2687 -269.797
2688 -269.787
2689 -269.751
2690 -269.768
2691 -269.786
2692 -269.761
2693 -269.749
2694 -269.743
2695 -269.772
2696 -269.75
2697 -269.748
2698 -269.752
2699 -269.753
2700 -269.734
2701 -269.735
2702 -269.771
2703 -269.755
2704 -269.775
2705 -269.759
2706 -269.78
2707 -269.777
2708 -269.808
2709 -269.829
2710 -269.819
2711 -269.809
2712 -269.835
2713 -269.859
2714 -269.85
2715 -269.821
2716 -269.802
2717 -269.768
2718 -269.743
2719 -269.692
2720 -269.683
2721 -269.693
2722 -269.696
2723 -269.692
2724 -269.699
2725 -269.705
2726 -269.703
2727 -269.737
2728 -269.723
2729 -269.764
2730 -269.73
2731 -269.729
2732 -269.716
2733 -269.769
2734 -269.741
2735 -269.708
2736 -269.711
2737 -269.765
2738 -269.752
2739 -269.738
2740 -269.742
2741 -269.725
2742 -269.753
2743 -269.715
2744 -269.779
2745 -269.795
2746 -269.785
2747 -269.814
2748 -269.817
2749 -269.823
2750 -269.842
2751 -269.799
2752 -269.765
2753 -269.802
2754 -269.796
2755 -269.835
2756 -269.834
2757 -269.858
2758 -269.807
2759 -269.832
2760 -269.809
2761 -269.801
2762 -269.837
2763 -269.839
2764 -269.845
2765 -269.824
2766 -269.861
2767 -269.817
2768 -269.834
2769 -269.858
2770 -269.803
2771 -269.832
2772 -269.838
2773 -269.861
2774 -269.907
2775 -269.913
2776 -269.896
2777 -269.913
2778 -269.914
2779 -269.885
2780 -269.906
2781 -269.924
2782 -269.931
2783 -269.912
2784 -269.895
2785 -269.9
2786 -269.888
2787 -269.885
2788 -269.873
2789 -269.862
2790 -269.847
2791 -269.833
2792 -269.835
2793 -269.838
2794 -269.839
2795 -269.836
2796 -269.814
2797 -269.808
2798 -269.807
2799 -269.771
2800 -269.774
2801 -269.794
2802 -269.799
2803 -269.786
2804 -269.833
2805 -269.859
2806 -269.843
2807 -269.855
2808 -269.846
2809 -269.824
2810 -269.846
2811 -269.894
2812 -269.884
2813 -269.885
2814 -269.913
2815 -269.918
2816 -269.9
2817 -269.868
2818 -269.815
2819 -269.846
2820 -269.875
2821 -269.837
2822 -269.824
2823 -269.837
2824 -269.834
2825 -269.805
2826 -269.81
2827 -269.768
2828 -269.79
2829 -269.806
2830 -269.799
2831 -269.816
2832 -269.801
2833 -269.823
2834 -269.785
2835 -269.794
2836 -269.797
2837 -269.798
2838 -269.815
2839 -269.797
2840 -269.796
2841 -269.798
2842 -269.792
2843 -269.799
2844 -269.79
2845 -269.825
2846 -269.791
2847 -269.744
2848 -269.756
2849 -269.789
2850 -269.793
2851 -269.833
2852 -269.835
2853 -269.853
2854 -269.826
2855 -269.833
2856 -269.834
2857 -269.816
2858 -269.789
2859 -269.798
2860 -269.82
2861 -269.774
2862 -269.774
2863 -269.807
2864 -269.795
2865 -269.818
2866 -269.82
2867 -269.802
2868 -269.781
2869 -269.789
2870 -269.809
2871 -269.853
2872 -269.843
2873 -269.848
2874 -269.861
2875 -269.853
2876 -269.879
2877 -269.908
2878 -269.884
2879 -269.849
2880 -269.857
2881 -269.806
2882 -269.827
2883 -269.815
2884 -269.785
2885 -269.792
2886 -269.833
2887 -269.845
2888 -269.845
2889 -269.821
2890 -269.797
2891 -269.839
2892 -269.84
2893 -269.874
2894 -269.843
2895 -269.867
2896 -269.873
2897 -269.811
2898 -269.838
2899 -269.807
2900 -269.861
2901 -269.848
2902 -269.843
2903 -269.823
2904 -269.787
2905 -269.801
2906 -269.784
2907 -269.824
2908 -269.822
2909 -269.834
2910 -269.793
2911 -269.779
2912 -269.763
2913 -269.766
2914 -269.745
2915 -269.732
2916 -269.71
2917 -269.705
2918 -269.672
2919 -269.755
2920 -269.767
2921 -269.745
2922 -269.772
2923 -269.779
2924 -269.817
2925 -269.807
2926 -269.827
2927 -269.83
2928 -269.79
2929 -269.806
2930 -269.778
2931 -269.778
2932 -269.775
2933 -269.784
2934 -269.808
2935 -269.792
2936 -269.782
2937 -269.76
2938 -269.766
2939 -269.756
2940 -269.731
2941 -269.771
2942 -269.735
2943 -269.743
2944 -269.72
2945 -269.713
2946 -269.74
2947 -269.784
2948 -269.795
2949 -269.795
2950 -269.811
2951 -269.78
2952 -269.776
2953 -269.767
2954 -269.747
2955 -269.706
2956 -269.772
2957 -269.793
2958 -269.776
2959 -269.75
2960 -269.742
2961 -269.772
2962 -269.781
2963 -269.779
2964 -269.754
2965 -269.786
2966 -269.812
2967 -269.821
2968 -269.835
2969 -269.826
2970 -269.847
2971 -269.835
2972 -269.806
2973 -269.752
2974 -269.736
2975 -269.688
2976 -269.707
2977 -269.754
2978 -269.77
2979 -269.786
2980 -269.789
2981 -269.797
2982 -269.799
2983 -269.827
2984 -269.84
2985 -269.812
2986 -269.829
2987 -269.798
2988 -269.82
2989 -269.808
2990 -269.798
2991 -269.816
2992 -269.835
2993 -269.825
2994 -269.852
2995 -269.896
2996 -269.888
2997 -269.878
2998 -269.863
2999 -269.834
3000 -269.827
